0.000000 0.6210800000 0.6901800000 0.9995100000 1.0000000000
0.003922 0.6121600000 0.6892300000 0.9953700000 1.0000000000
0.007843 0.6032000000 0.6882500000 0.9912400000 1.0000000000
0.011765 0.5942000000 0.6872600000 0.9870900000 1.0000000000
0.015686 0.5851700000 0.6862500000 0.9829200000 1.0000000000
0.019608 0.5760900000 0.6852200000 0.9787300000 1.0000000000
0.023529 0.5669600000 0.6841700000 0.9745200000 1.0000000000
0.027451 0.5577900000 0.6831000000 0.9702900000 1.0000000000
0.031373 0.5485900000 0.6819900000 0.9660200000 1.0000000000
0.035294 0.5393300000 0.6808600000 0.9617000000 1.0000000000
0.039216 0.5300300000 0.6796900000 0.9573500000 1.0000000000
0.043137 0.5206900000 0.6784800000 0.9529400000 1.0000000000
0.047059 0.5112900000 0.6772300000 0.9484700000 1.0000000000
0.050980 0.5018600000 0.6759100000 0.9439200000 1.0000000000
0.054902 0.4923700000 0.6745300000 0.9393000000 1.0000000000
0.058824 0.4828300000 0.6730800000 0.9345700000 1.0000000000
0.062745 0.4732400000 0.6715300000 0.9297500000 1.0000000000
0.066667 0.4636100000 0.6699000000 0.9248100000 1.0000000000
0.070588 0.4539300000 0.6681500000 0.9197400000 1.0000000000
0.074510 0.4442100000 0.6662800000 0.9145200000 1.0000000000
0.078431 0.4344400000 0.6642700000 0.9091400000 1.0000000000
0.082353 0.4246500000 0.6621200000 0.9035900000 1.0000000000
0.086275 0.4148200000 0.6597900000 0.8978500000 1.0000000000
0.090196 0.4049800000 0.6572900000 0.8919100000 1.0000000000
0.094118 0.3951400000 0.6545800000 0.8857500000 1.0000000000
0.098039 0.3853000000 0.6516700000 0.8793700000 1.0000000000
0.101961 0.3754900000 0.6485400000 0.8727600000 1.0000000000
0.105882 0.3657400000 0.6451600000 0.8659000000 1.0000000000
0.109804 0.3560600000 0.6415500000 0.8588000000 1.0000000000
0.113725 0.3464500000 0.6376900000 0.8514500000 1.0000000000
0.117647 0.3369800000 0.6335700000 0.8438600000 1.0000000000
0.121569 0.3276400000 0.6291900000 0.8360200000 1.0000000000
0.125490 0.3184900000 0.6245500000 0.8279400000 1.0000000000
0.129412 0.3095400000 0.6196600000 0.8196300000 1.0000000000
0.133333 0.3007800000 0.6145000000 0.8111100000 1.0000000000
0.137255 0.2923100000 0.6091100000 0.8023800000 1.0000000000
0.141176 0.2841000000 0.6034800000 0.7934700000 1.0000000000
0.145098 0.2762100000 0.5976300000 0.7843900000 1.0000000000
0.149020 0.2685900000 0.5915800000 0.7751400000 1.0000000000
0.152941 0.2613100000 0.5853400000 0.7657800000 1.0000000000
0.156863 0.2543700000 0.5789100000 0.7563000000 1.0000000000
0.160784 0.2477500000 0.5723300000 0.7467200000 1.0000000000
0.164706 0.2414600000 0.5656000000 0.7370700000 1.0000000000
0.168627 0.2355200000 0.5587500000 0.7273500000 1.0000000000
0.172549 0.2298400000 0.5518000000 0.7176000000 1.0000000000
0.176471 0.2245000000 0.5447500000 0.7078000000 1.0000000000
0.180392 0.2194800000 0.5376300000 0.6980000000 1.0000000000
0.184314 0.2146900000 0.5304300000 0.6881900000 1.0000000000
0.188235 0.2101700000 0.5231900000 0.6783800000 1.0000000000
0.192157 0.2058900000 0.5159000000 0.6685800000 1.0000000000
0.196078 0.2017700000 0.5086000000 0.6587900000 1.0000000000
0.200000 0.1978800000 0.5012600000 0.6490300000 1.0000000000
0.203922 0.1941700000 0.4939000000 0.6392900000 1.0000000000
0.207843 0.1905600000 0.4865400000 0.6295700000 1.0000000000
0.211765 0.1871100000 0.4791800000 0.6199000000 1.0000000000
0.215686 0.1837500000 0.4718300000 0.6102400000 1.0000000000
0.219608 0.1805000000 0.4644700000 0.6006200000 1.0000000000
0.223529 0.1773700000 0.4571200000 0.5910400000 1.0000000000
0.227451 0.1742600000 0.4497900000 0.5814800000 1.0000000000
0.231373 0.1712200000 0.4424700000 0.5719700000 1.0000000000
0.235294 0.1682400000 0.4351700000 0.5624900000 1.0000000000
0.239216 0.1652900000 0.4278800000 0.5530200000 1.0000000000
0.243137 0.1624400000 0.4206100000 0.5436000000 1.0000000000
0.247059 0.1595400000 0.4133700000 0.5342100000 1.0000000000
0.250980 0.1567400000 0.4061500000 0.5248600000 1.0000000000
0.254902 0.1539100000 0.3989300000 0.5155200000 1.0000000000
0.258824 0.1511200000 0.3917600000 0.5062300000 1.0000000000
0.262745 0.1483500000 0.3845900000 0.4969700000 1.0000000000
0.266667 0.1456400000 0.3774600000 0.4877500000 1.0000000000
0.270588 0.1428800000 0.3703400000 0.4785400000 1.0000000000
0.274510 0.1401400000 0.3632600000 0.4693900000 1.0000000000
0.278431 0.1374700000 0.3562000000 0.4602400000 1.0000000000
0.282353 0.1347800000 0.3491600000 0.4511500000 1.0000000000
0.286275 0.1320800000 0.3421500000 0.4420900000 1.0000000000
0.290196 0.1294000000 0.3351700000 0.4330400000 1.0000000000
0.294118 0.1267400000 0.3282000000 0.4240400000 1.0000000000
0.298039 0.1240900000 0.3212600000 0.4150700000 1.0000000000
0.301961 0.1214600000 0.3143500000 0.4061400000 1.0000000000
0.305882 0.1189000000 0.3074600000 0.3972300000 1.0000000000
0.309804 0.1163200000 0.3006100000 0.3883800000 1.0000000000
0.313725 0.1137300000 0.2937800000 0.3795500000 1.0000000000
0.317647 0.1111900000 0.2869800000 0.3707500000 1.0000000000
0.321569 0.1086100000 0.2802200000 0.3620000000 1.0000000000
0.325490 0.1061600000 0.2735000000 0.3532800000 1.0000000000
0.329412 0.1036700000 0.2667800000 0.3445900000 1.0000000000
0.333333 0.1011800000 0.2601100000 0.3359500000 1.0000000000
0.337255 0.0987760000 0.2534700000 0.3273400000 1.0000000000
0.341176 0.0963470000 0.2468500000 0.3187800000 1.0000000000
0.345098 0.0940590000 0.2402600000 0.3102700000 1.0000000000
0.349020 0.0917880000 0.2337300000 0.3017600000 1.0000000000
0.352941 0.0895060000 0.2272500000 0.2933200000 1.0000000000
0.356863 0.0873410000 0.2208000000 0.2849100000 1.0000000000
0.360784 0.0851420000 0.2143600000 0.2765800000 1.0000000000
0.364706 0.0830690000 0.2079800000 0.2682500000 1.0000000000
0.368627 0.0810980000 0.2016300000 0.2599900000 1.0000000000
0.372549 0.0791300000 0.1953600000 0.2517800000 1.0000000000
0.376471 0.0772860000 0.1891400000 0.2435900000 1.0000000000
0.380392 0.0755710000 0.1829400000 0.2355000000 1.0000000000
0.384314 0.0739930000 0.1768300000 0.2274300000 1.0000000000
0.388235 0.0724100000 0.1707900000 0.2194300000 1.0000000000
0.392157 0.0710450000 0.1648000000 0.2115000000 1.0000000000
0.396078 0.0697670000 0.1589000000 0.2036300000 1.0000000000
0.400000 0.0686180000 0.1530400000 0.1958200000 1.0000000000
0.403922 0.0675600000 0.1473200000 0.1881200000 1.0000000000
0.407843 0.0666650000 0.1416700000 0.1804500000 1.0000000000
0.411765 0.0659230000 0.1360800000 0.1729200000 1.0000000000
0.415686 0.0653390000 0.1307000000 0.1654600000 1.0000000000
0.419608 0.0649110000 0.1253500000 0.1581700000 1.0000000000
0.423529 0.0646360000 0.1201300000 0.1509500000 1.0000000000
0.427451 0.0645170000 0.1150700000 0.1438900000 1.0000000000
0.431373 0.0645540000 0.1102200000 0.1369600000 1.0000000000
0.435294 0.0647490000 0.1054300000 0.1302300000 1.0000000000
0.439216 0.0651000000 0.1008500000 0.1235700000 1.0000000000
0.443137 0.0653830000 0.0964690000 0.1171700000 1.0000000000
0.447059 0.0655740000 0.0923380000 0.1110100000 1.0000000000
0.450980 0.0658920000 0.0882010000 0.1049800000 1.0000000000
0.454902 0.0663880000 0.0841340000 0.0992880000 1.0000000000
0.458824 0.0671080000 0.0800510000 0.0938290000 1.0000000000
0.462745 0.0681930000 0.0760990000 0.0884700000 1.0000000000
0.466667 0.0697200000 0.0722830000 0.0830250000 1.0000000000
0.470588 0.0716390000 0.0686540000 0.0775440000 1.0000000000
0.474510 0.0739780000 0.0650580000 0.0721100000 1.0000000000
0.478431 0.0765960000 0.0616570000 0.0666510000 1.0000000000
0.482353 0.0796370000 0.0585500000 0.0611330000 1.0000000000
0.486275 0.0829630000 0.0556660000 0.0557450000 1.0000000000
0.490196 0.0865370000 0.0529970000 0.0503360000 1.0000000000
0.494118 0.0903150000 0.0506990000 0.0450400000 1.0000000000
0.498039 0.0942600000 0.0487530000 0.0397730000 1.0000000000
0.501961 0.0983190000 0.0470410000 0.0346830000 1.0000000000
0.505882 0.1024600000 0.0456240000 0.0300740000 1.0000000000
0.509804 0.1067300000 0.0447050000 0.0260120000 1.0000000000
0.513725 0.1109900000 0.0439720000 0.0223790000 1.0000000000
0.517647 0.1152400000 0.0435960000 0.0191500000 1.0000000000
0.521569 0.1195500000 0.0435670000 0.0162990000 1.0000000000
0.525490 0.1238100000 0.0438610000 0.0137970000 1.0000000000
0.529412 0.1281000000 0.0444590000 0.0115880000 1.0000000000
0.533333 0.1323200000 0.0452290000 0.0095315000 1.0000000000
0.537255 0.1364500000 0.0461640000 0.0078947000 1.0000000000
0.541176 0.1406300000 0.0473740000 0.0065020000 1.0000000000
0.545098 0.1448800000 0.0486340000 0.0053266000 1.0000000000
0.549020 0.1492300000 0.0498360000 0.0043455000 1.0000000000
0.552941 0.1536900000 0.0509970000 0.0035374000 1.0000000000
0.556863 0.1583100000 0.0521300000 0.0028824000 1.0000000000
0.560784 0.1630100000 0.0532180000 0.0023628000 1.0000000000
0.564706 0.1678100000 0.0542400000 0.0019629000 1.0000000000
0.568627 0.1727400000 0.0551720000 0.0016690000 1.0000000000
0.572549 0.1778000000 0.0560180000 0.0014692000 1.0000000000
0.576471 0.1828600000 0.0568200000 0.0013401000 1.0000000000
0.580392 0.1880600000 0.0575740000 0.0012617000 1.0000000000
0.584314 0.1932300000 0.0585140000 0.0012261000 1.0000000000
0.588235 0.1984600000 0.0595500000 0.0012271000 1.0000000000
0.592157 0.2037800000 0.0605010000 0.0012601000 1.0000000000
0.596078 0.2090900000 0.0614860000 0.0013221000 1.0000000000
0.600000 0.2144700000 0.0627100000 0.0014116000 1.0000000000
0.603922 0.2199000000 0.0638230000 0.0015287000 1.0000000000
0.607843 0.2253500000 0.0650270000 0.0016748000 1.0000000000
0.611765 0.2308600000 0.0662970000 0.0018529000 1.0000000000
0.615686 0.2364200000 0.0676450000 0.0020675000 1.0000000000
0.619608 0.2420200000 0.0690920000 0.0023247000 1.0000000000
0.623529 0.2476800000 0.0704580000 0.0026319000 1.0000000000
0.627451 0.2533900000 0.0719860000 0.0029984000 1.0000000000
0.631373 0.2591800000 0.0736400000 0.0034350000 1.0000000000
0.635294 0.2650000000 0.0752370000 0.0039545000 1.0000000000
0.639216 0.2709300000 0.0769650000 0.0045710000 1.0000000000
0.643137 0.2769300000 0.0788220000 0.0053006000 1.0000000000
0.647059 0.2830200000 0.0808190000 0.0061608000 1.0000000000
0.650980 0.2892000000 0.0828790000 0.0071713000 1.0000000000
0.654902 0.2954700000 0.0850750000 0.0083494000 1.0000000000
0.658824 0.3018600000 0.0874600000 0.0097258000 1.0000000000
0.662745 0.3083900000 0.0899120000 0.0114550000 1.0000000000
0.666667 0.3150200000 0.0925300000 0.0133240000 1.0000000000
0.670588 0.3218100000 0.0953920000 0.0154130000 1.0000000000
0.674510 0.3287400000 0.0983960000 0.0177800000 1.0000000000
0.678431 0.3358000000 0.1015800000 0.0204490000 1.0000000000
0.682353 0.3430400000 0.1049800000 0.0234400000 1.0000000000
0.686275 0.3504100000 0.1086400000 0.0267710000 1.0000000000
0.690196 0.3579500000 0.1125600000 0.0304560000 1.0000000000
0.694118 0.3656300000 0.1166600000 0.0345710000 1.0000000000
0.698039 0.3734700000 0.1209700000 0.0391150000 1.0000000000
0.701961 0.3814600000 0.1256100000 0.0436930000 1.0000000000
0.705882 0.3895800000 0.1304600000 0.0484710000 1.0000000000
0.709804 0.3978500000 0.1354700000 0.0531360000 1.0000000000
0.713725 0.4062200000 0.1408000000 0.0578480000 1.0000000000
0.717647 0.4146900000 0.1462700000 0.0627150000 1.0000000000
0.721569 0.4232300000 0.1519800000 0.0676850000 1.0000000000
0.725490 0.4318400000 0.1579100000 0.0730440000 1.0000000000
0.729412 0.4404400000 0.1640300000 0.0786200000 1.0000000000
0.733333 0.4490900000 0.1702700000 0.0846440000 1.0000000000
0.737255 0.4577000000 0.1766700000 0.0908690000 1.0000000000
0.741176 0.4663100000 0.1832100000 0.0973350000 1.0000000000
0.745098 0.4749000000 0.1898900000 0.1040600000 1.0000000000
0.749020 0.4834200000 0.1966800000 0.1110400000 1.0000000000
0.752941 0.4919100000 0.2035200000 0.1181900000 1.0000000000
0.756863 0.5003200000 0.2104300000 0.1255000000 1.0000000000
0.760784 0.5086900000 0.2174200000 0.1329800000 1.0000000000
0.764706 0.5169800000 0.2244300000 0.1406200000 1.0000000000
0.768627 0.5252000000 0.2315400000 0.1483500000 1.0000000000
0.772549 0.5333500000 0.2386200000 0.1562600000 1.0000000000
0.776471 0.5414400000 0.2457500000 0.1642300000 1.0000000000
0.780392 0.5494800000 0.2529200000 0.1722600000 1.0000000000
0.784314 0.5574600000 0.2600900000 0.1804000000 1.0000000000
0.788235 0.5653800000 0.2672600000 0.1886400000 1.0000000000
0.792157 0.5732700000 0.2744600000 0.1969200000 1.0000000000
0.796078 0.5811100000 0.2816700000 0.2052400000 1.0000000000
0.800000 0.5889200000 0.2888900000 0.2136200000 1.0000000000
0.803922 0.5967200000 0.2961100000 0.2220500000 1.0000000000
0.807843 0.6044800000 0.3033500000 0.2305300000 1.0000000000
0.811765 0.6122300000 0.3106200000 0.2390500000 1.0000000000
0.815686 0.6199800000 0.3178700000 0.2476200000 1.0000000000
0.819608 0.6277100000 0.3251300000 0.2561900000 1.0000000000
0.823529 0.6354400000 0.3324400000 0.2648100000 1.0000000000
0.827451 0.6431700000 0.3397500000 0.2734900000 1.0000000000
0.831373 0.6509200000 0.3470600000 0.2821800000 1.0000000000
0.835294 0.6586600000 0.3544000000 0.2908900000 1.0000000000
0.839216 0.6664200000 0.3617500000 0.2996400000 1.0000000000
0.843137 0.6741900000 0.3691200000 0.3084200000 1.0000000000
0.847059 0.6819800000 0.3765200000 0.3172200000 1.0000000000
0.850980 0.6897800000 0.3839200000 0.3260400000 1.0000000000
0.854902 0.6976000000 0.3913500000 0.3349300000 1.0000000000
0.858824 0.7054300000 0.3987900000 0.3438000000 1.0000000000
0.862745 0.7132900000 0.4062700000 0.3527200000 1.0000000000
0.866667 0.7211600000 0.4137600000 0.3616600000 1.0000000000
0.870588 0.7290500000 0.4212600000 0.3706200000 1.0000000000
0.874510 0.7369700000 0.4288000000 0.3796200000 1.0000000000
0.878431 0.7449000000 0.4363500000 0.3886400000 1.0000000000
0.882353 0.7528500000 0.4439200000 0.3976800000 1.0000000000
0.886275 0.7608300000 0.4515100000 0.4067500000 1.0000000000
0.890196 0.7688200000 0.4591200000 0.4158400000 1.0000000000
0.894118 0.7768400000 0.4667600000 0.4249600000 1.0000000000
0.898039 0.7848800000 0.4744100000 0.4340900000 1.0000000000
0.901961 0.7929300000 0.4820800000 0.4432700000 1.0000000000
0.905882 0.8010100000 0.4897600000 0.4524600000 1.0000000000
0.909804 0.8091100000 0.4974900000 0.4616700000 1.0000000000
0.913725 0.8172200000 0.5052100000 0.4709100000 1.0000000000
0.917647 0.8253600000 0.5129600000 0.4801700000 1.0000000000
0.921569 0.8335200000 0.5207300000 0.4894500000 1.0000000000
0.925490 0.8416900000 0.5285300000 0.4987600000 1.0000000000
0.929412 0.8498800000 0.5363400000 0.5081000000 1.0000000000
0.933333 0.8580900000 0.5441600000 0.5174500000 1.0000000000
0.937255 0.8663200000 0.5520100000 0.5268300000 1.0000000000
0.941176 0.8745700000 0.5598800000 0.5362200000 1.0000000000
0.945098 0.8828300000 0.5677600000 0.5456400000 1.0000000000
0.949020 0.8911100000 0.5756700000 0.5550800000 1.0000000000
0.952941 0.8994100000 0.5835800000 0.5645500000 1.0000000000
0.956863 0.9077200000 0.5915300000 0.5740400000 1.0000000000
0.960784 0.9160300000 0.5994900000 0.5835500000 1.0000000000
0.964706 0.9243700000 0.6074700000 0.5930900000 1.0000000000
0.968627 0.9327100000 0.6154600000 0.6026500000 1.0000000000
0.972549 0.9410800000 0.6234800000 0.6122300000 1.0000000000
0.976471 0.9494500000 0.6315100000 0.6218300000 1.0000000000
0.980392 0.9578300000 0.6395600000 0.6314700000 1.0000000000
0.984314 0.9662200000 0.6476300000 0.6411100000 1.0000000000
0.988235 0.9746200000 0.6557200000 0.6507900000 1.0000000000
0.992157 0.9830300000 0.6638200000 0.6604900000 1.0000000000
0.996078 0.9914500000 0.6719400000 0.6702200000 1.0000000000
1.000000 0.9998700000 0.6800700000 0.6799500000 1.0000000000
