0.000000 0.9686274510 0.9843137255 1.0000000000 1.0000000000
0.003922 0.9655517109 0.9823452518 0.9990157632 1.0000000000
0.007843 0.9624759708 0.9803767782 0.9980315263 1.0000000000
0.011765 0.9594002307 0.9784083045 0.9970472895 1.0000000000
0.015686 0.9563244906 0.9764398308 0.9960630527 1.0000000000
0.019608 0.9532487505 0.9744713572 0.9950788158 1.0000000000
0.023529 0.9501730104 0.9725028835 0.9940945790 1.0000000000
0.027451 0.9470972703 0.9705344098 0.9931103422 1.0000000000
0.031373 0.9440215302 0.9685659362 0.9921261053 1.0000000000
0.035294 0.9409457901 0.9665974625 0.9911418685 1.0000000000
0.039216 0.9378700500 0.9646289889 0.9901576317 1.0000000000
0.043137 0.9347943099 0.9626605152 0.9891733948 1.0000000000
0.047059 0.9317185698 0.9606920415 0.9881891580 1.0000000000
0.050980 0.9286428297 0.9587235679 0.9872049212 1.0000000000
0.054902 0.9255670896 0.9567550942 0.9862206844 1.0000000000
0.058824 0.9224913495 0.9547866205 0.9852364475 1.0000000000
0.062745 0.9194156094 0.9528181469 0.9842522107 1.0000000000
0.066667 0.9163398693 0.9508496732 0.9832679739 1.0000000000
0.070588 0.9132641292 0.9488811995 0.9822837370 1.0000000000
0.074510 0.9101883891 0.9469127259 0.9812995002 1.0000000000
0.078431 0.9071126490 0.9449442522 0.9803152634 1.0000000000
0.082353 0.9040369089 0.9429757785 0.9793310265 1.0000000000
0.086275 0.9009611688 0.9410073049 0.9783467897 1.0000000000
0.090196 0.8978854287 0.9390388312 0.9773625529 1.0000000000
0.094118 0.8948096886 0.9370703576 0.9763783160 1.0000000000
0.098039 0.8917339485 0.9351018839 0.9753940792 1.0000000000
0.101961 0.8886582084 0.9331334102 0.9744098424 1.0000000000
0.105882 0.8855824683 0.9311649366 0.9734256055 1.0000000000
0.109804 0.8825067282 0.9291964629 0.9724413687 1.0000000000
0.113725 0.8794309881 0.9272279892 0.9714571319 1.0000000000
0.117647 0.8763552480 0.9252595156 0.9704728950 1.0000000000
0.121569 0.8732795079 0.9232910419 0.9694886582 1.0000000000
0.125490 0.8702191465 0.9213225682 0.9685044214 1.0000000000
0.129412 0.8672664360 0.9193540946 0.9675201845 1.0000000000
0.133333 0.8643137255 0.9173856209 0.9665359477 1.0000000000
0.137255 0.8613610150 0.9154171473 0.9655517109 1.0000000000
0.141176 0.8584083045 0.9134486736 0.9645674740 1.0000000000
0.145098 0.8554555940 0.9114801999 0.9635832372 1.0000000000
0.149020 0.8525028835 0.9095117263 0.9625990004 1.0000000000
0.152941 0.8495501730 0.9075432526 0.9616147636 1.0000000000
0.156863 0.8465974625 0.9055747789 0.9606305267 1.0000000000
0.160784 0.8436447520 0.9036063053 0.9596462899 1.0000000000
0.164706 0.8406920415 0.9016378316 0.9586620531 1.0000000000
0.168627 0.8377393310 0.8996693579 0.9576778162 1.0000000000
0.172549 0.8347866205 0.8977008843 0.9566935794 1.0000000000
0.176471 0.8318339100 0.8957324106 0.9557093426 1.0000000000
0.180392 0.8288811995 0.8937639369 0.9547251057 1.0000000000
0.184314 0.8259284890 0.8917954633 0.9537408689 1.0000000000
0.188235 0.8229757785 0.8898269896 0.9527566321 1.0000000000
0.192157 0.8200230681 0.8878585160 0.9517723952 1.0000000000
0.196078 0.8170703576 0.8858900423 0.9507881584 1.0000000000
0.200000 0.8141176471 0.8839215686 0.9498039216 1.0000000000
0.203922 0.8111649366 0.8819530950 0.9488196847 1.0000000000
0.207843 0.8082122261 0.8799846213 0.9478354479 1.0000000000
0.211765 0.8052595156 0.8780161476 0.9468512111 1.0000000000
0.215686 0.8023068051 0.8760476740 0.9458669742 1.0000000000
0.219608 0.7993540946 0.8740792003 0.9448827374 1.0000000000
0.223529 0.7964013841 0.8721107266 0.9438985006 1.0000000000
0.227451 0.7934486736 0.8701422530 0.9429142637 1.0000000000
0.231373 0.7904959631 0.8681737793 0.9419300269 1.0000000000
0.235294 0.7875432526 0.8662053057 0.9409457901 1.0000000000
0.239216 0.7845905421 0.8642368320 0.9399615532 1.0000000000
0.243137 0.7816378316 0.8622683583 0.9389773164 1.0000000000
0.247059 0.7786851211 0.8602998847 0.9379930796 1.0000000000
0.250980 0.7752402922 0.8583006536 0.9368242983 1.0000000000
0.254902 0.7703191080 0.8562091503 0.9351018839 1.0000000000
0.258824 0.7653979239 0.8541176471 0.9333794694 1.0000000000
0.262745 0.7604767397 0.8520261438 0.9316570550 1.0000000000
0.266667 0.7555555556 0.8499346405 0.9299346405 1.0000000000
0.270588 0.7506343714 0.8478431373 0.9282122261 1.0000000000
0.274510 0.7457131872 0.8457516340 0.9264898116 1.0000000000
0.278431 0.7407920031 0.8436601307 0.9247673972 1.0000000000
0.282353 0.7358708189 0.8415686275 0.9230449827 1.0000000000
0.286275 0.7309496348 0.8394771242 0.9213225682 1.0000000000
0.290196 0.7260284506 0.8373856209 0.9196001538 1.0000000000
0.294118 0.7211072664 0.8352941176 0.9178777393 1.0000000000
0.298039 0.7161860823 0.8332026144 0.9161553249 1.0000000000
0.301961 0.7112648981 0.8311111111 0.9144329104 1.0000000000
0.305882 0.7063437140 0.8290196078 0.9127104960 1.0000000000
0.309804 0.7014225298 0.8269281046 0.9109880815 1.0000000000
0.313725 0.6965013456 0.8248366013 0.9092656671 1.0000000000
0.317647 0.6915801615 0.8227450980 0.9075432526 1.0000000000
0.321569 0.6866589773 0.8206535948 0.9058208381 1.0000000000
0.325490 0.6817377932 0.8185620915 0.9040984237 1.0000000000
0.329412 0.6768166090 0.8164705882 0.9023760092 1.0000000000
0.333333 0.6718954248 0.8143790850 0.9006535948 1.0000000000
0.337255 0.6669742407 0.8122875817 0.8989311803 1.0000000000
0.341176 0.6620530565 0.8101960784 0.8972087659 1.0000000000
0.345098 0.6571318724 0.8081045752 0.8954863514 1.0000000000
0.349020 0.6522106882 0.8060130719 0.8937639369 1.0000000000
0.352941 0.6472895040 0.8039215686 0.8920415225 1.0000000000
0.356863 0.6423683199 0.8018300654 0.8903191080 1.0000000000
0.360784 0.6374471357 0.7997385621 0.8885966936 1.0000000000
0.364706 0.6325259516 0.7976470588 0.8868742791 1.0000000000
0.368627 0.6276047674 0.7955555556 0.8851518647 1.0000000000
0.372549 0.6226835832 0.7934640523 0.8834294502 1.0000000000
0.376471 0.6172549020 0.7908650519 0.8818454441 1.0000000000
0.380392 0.6109803922 0.7874202230 0.8804921184 1.0000000000
0.384314 0.6047058824 0.7839753941 0.8791387928 1.0000000000
0.388235 0.5984313725 0.7805305652 0.8777854671 1.0000000000
0.392157 0.5921568627 0.7770857363 0.8764321415 1.0000000000
0.396078 0.5858823529 0.7736409073 0.8750788158 1.0000000000
0.400000 0.5796078431 0.7701960784 0.8737254902 1.0000000000
0.403922 0.5733333333 0.7667512495 0.8723721646 1.0000000000
0.407843 0.5670588235 0.7633064206 0.8710188389 1.0000000000
0.411765 0.5607843137 0.7598615917 0.8696655133 1.0000000000
0.415686 0.5545098039 0.7564167628 0.8683121876 1.0000000000
0.419608 0.5482352941 0.7529719339 0.8669588620 1.0000000000
0.423529 0.5419607843 0.7495271050 0.8656055363 1.0000000000
0.427451 0.5356862745 0.7460822760 0.8642522107 1.0000000000
0.431373 0.5294117647 0.7426374471 0.8628988850 1.0000000000
0.435294 0.5231372549 0.7391926182 0.8615455594 1.0000000000
0.439216 0.5168627451 0.7357477893 0.8601922338 1.0000000000
0.443137 0.5105882353 0.7323029604 0.8588389081 1.0000000000
0.447059 0.5043137255 0.7288581315 0.8574855825 1.0000000000
0.450980 0.4980392157 0.7254133026 0.8561322568 1.0000000000
0.454902 0.4917647059 0.7219684737 0.8547789312 1.0000000000
0.458824 0.4854901961 0.7185236448 0.8534256055 1.0000000000
0.462745 0.4792156863 0.7150788158 0.8520722799 1.0000000000
0.466667 0.4729411765 0.7116339869 0.8507189542 1.0000000000
0.470588 0.4666666667 0.7081891580 0.8493656286 1.0000000000
0.474510 0.4603921569 0.7047443291 0.8480123030 1.0000000000
0.478431 0.4541176471 0.7012995002 0.8466589773 1.0000000000
0.482353 0.4478431373 0.6978546713 0.8453056517 1.0000000000
0.486275 0.4415686275 0.6944098424 0.8439523260 1.0000000000
0.490196 0.4352941176 0.6909650135 0.8425990004 1.0000000000
0.494118 0.4290196078 0.6875201845 0.8412456747 1.0000000000
0.498039 0.4227450980 0.6840753556 0.8398923491 1.0000000000
0.501961 0.4170857363 0.6806305267 0.8382314494 1.0000000000
0.505882 0.4120415225 0.6771856978 0.8362629758 1.0000000000
0.509804 0.4069973087 0.6737408689 0.8342945021 1.0000000000
0.513725 0.4019530950 0.6702960400 0.8323260285 1.0000000000
0.517647 0.3969088812 0.6668512111 0.8303575548 1.0000000000
0.521569 0.3918646674 0.6634063822 0.8283890811 1.0000000000
0.525490 0.3868204537 0.6599615532 0.8264206075 1.0000000000
0.529412 0.3817762399 0.6565167243 0.8244521338 1.0000000000
0.533333 0.3767320261 0.6530718954 0.8224836601 1.0000000000
0.537255 0.3716878124 0.6496270665 0.8205151865 1.0000000000
0.541176 0.3666435986 0.6461822376 0.8185467128 1.0000000000
0.545098 0.3615993849 0.6427374087 0.8165782391 1.0000000000
0.549020 0.3565551711 0.6392925798 0.8146097655 1.0000000000
0.552941 0.3515109573 0.6358477509 0.8126412918 1.0000000000
0.556863 0.3464667436 0.6324029220 0.8106728181 1.0000000000
0.560784 0.3414225298 0.6289580930 0.8087043445 1.0000000000
0.564706 0.3363783160 0.6255132641 0.8067358708 1.0000000000
0.568627 0.3313341023 0.6220684352 0.8047673972 1.0000000000
0.572549 0.3262898885 0.6186236063 0.8027989235 1.0000000000
0.576471 0.3212456747 0.6151787774 0.8008304498 1.0000000000
0.580392 0.3162014610 0.6117339485 0.7988619762 1.0000000000
0.584314 0.3111572472 0.6082891196 0.7968935025 1.0000000000
0.588235 0.3061130334 0.6048442907 0.7949250288 1.0000000000
0.592157 0.3010688197 0.6013994617 0.7929565552 1.0000000000
0.596078 0.2960246059 0.5979546328 0.7909880815 1.0000000000
0.600000 0.2909803922 0.5945098039 0.7890196078 1.0000000000
0.603922 0.2859361784 0.5910649750 0.7870511342 1.0000000000
0.607843 0.2808919646 0.5876201461 0.7850826605 1.0000000000
0.611765 0.2758477509 0.5841753172 0.7831141869 1.0000000000
0.615686 0.2708035371 0.5807304883 0.7811457132 1.0000000000
0.619608 0.2657593233 0.5772856594 0.7791772395 1.0000000000
0.623529 0.2607151096 0.5738408304 0.7772087659 1.0000000000
0.627451 0.2562860438 0.5700115340 0.7751633987 1.0000000000
0.631373 0.2522260669 0.5659515571 0.7730718954 1.0000000000
0.635294 0.2481660900 0.5618915802 0.7709803922 1.0000000000
0.639216 0.2441061130 0.5578316032 0.7688888889 1.0000000000
0.643137 0.2400461361 0.5537716263 0.7667973856 1.0000000000
0.647059 0.2359861592 0.5497116494 0.7647058824 1.0000000000
0.650980 0.2319261822 0.5456516724 0.7626143791 1.0000000000
0.654902 0.2278662053 0.5415916955 0.7605228758 1.0000000000
0.658824 0.2238062284 0.5375317186 0.7584313725 1.0000000000
0.662745 0.2197462514 0.5334717416 0.7563398693 1.0000000000
0.666667 0.2156862745 0.5294117647 0.7542483660 1.0000000000
0.670588 0.2116262976 0.5253517878 0.7521568627 1.0000000000
0.674510 0.2075663206 0.5212918108 0.7500653595 1.0000000000
0.678431 0.2035063437 0.5172318339 0.7479738562 1.0000000000
0.682353 0.1994463668 0.5131718570 0.7458823529 1.0000000000
0.686275 0.1953863899 0.5091118800 0.7437908497 1.0000000000
0.690196 0.1913264129 0.5050519031 0.7416993464 1.0000000000
0.694118 0.1872664360 0.5009919262 0.7396078431 1.0000000000
0.698039 0.1832064591 0.4969319493 0.7375163399 1.0000000000
0.701961 0.1791464821 0.4928719723 0.7354248366 1.0000000000
0.705882 0.1750865052 0.4888119954 0.7333333333 1.0000000000
0.709804 0.1710265283 0.4847520185 0.7312418301 1.0000000000
0.713725 0.1669665513 0.4806920415 0.7291503268 1.0000000000
0.717647 0.1629065744 0.4766320646 0.7270588235 1.0000000000
0.721569 0.1588465975 0.4725720877 0.7249673203 1.0000000000
0.725490 0.1547866205 0.4685121107 0.7228758170 1.0000000000
0.729412 0.1507266436 0.4644521338 0.7207843137 1.0000000000
0.733333 0.1466666667 0.4603921569 0.7186928105 1.0000000000
0.737255 0.1426066897 0.4563321799 0.7166013072 1.0000000000
0.741176 0.1385467128 0.4522722030 0.7145098039 1.0000000000
0.745098 0.1344867359 0.4482122261 0.7124183007 1.0000000000
0.749020 0.1304267589 0.4441522491 0.7103267974 1.0000000000
0.752941 0.1271049596 0.4401845444 0.7074971165 1.0000000000
0.756863 0.1240292195 0.4362475971 0.7044213764 1.0000000000
0.760784 0.1209534794 0.4323106498 0.7013456363 1.0000000000
0.764706 0.1178777393 0.4283737024 0.6982698962 1.0000000000
0.768627 0.1148019992 0.4244367551 0.6951941561 1.0000000000
0.772549 0.1117262591 0.4204998078 0.6921184160 1.0000000000
0.776471 0.1086505190 0.4165628604 0.6890426759 1.0000000000
0.780392 0.1055747789 0.4126259131 0.6859669358 1.0000000000
0.784314 0.1024990388 0.4086889658 0.6828911957 1.0000000000
0.788235 0.0994232987 0.4047520185 0.6798154556 1.0000000000
0.792157 0.0963475586 0.4008150711 0.6767397155 1.0000000000
0.796078 0.0932718185 0.3968781238 0.6736639754 1.0000000000
0.800000 0.0901960784 0.3929411765 0.6705882353 1.0000000000
0.803922 0.0871203383 0.3890042291 0.6675124952 1.0000000000
0.807843 0.0840445982 0.3850672818 0.6644367551 1.0000000000
0.811765 0.0809688581 0.3811303345 0.6613610150 1.0000000000
0.815686 0.0778931180 0.3771933872 0.6582852749 1.0000000000
0.819608 0.0748173779 0.3732564398 0.6552095348 1.0000000000
0.823529 0.0717416378 0.3693194925 0.6521337947 1.0000000000
0.827451 0.0686658977 0.3653825452 0.6490580546 1.0000000000
0.831373 0.0655901576 0.3614455978 0.6459823145 1.0000000000
0.835294 0.0625144175 0.3575086505 0.6429065744 1.0000000000
0.839216 0.0594386774 0.3535717032 0.6398308343 1.0000000000
0.843137 0.0563629373 0.3496347559 0.6367550942 1.0000000000
0.847059 0.0532871972 0.3456978085 0.6336793541 1.0000000000
0.850980 0.0502114571 0.3417608612 0.6306036140 1.0000000000
0.854902 0.0471357170 0.3378239139 0.6275278739 1.0000000000
0.858824 0.0440599769 0.3338869666 0.6244521338 1.0000000000
0.862745 0.0409842368 0.3299500192 0.6213763937 1.0000000000
0.866667 0.0379084967 0.3260130719 0.6183006536 1.0000000000
0.870588 0.0348327566 0.3220761246 0.6152249135 1.0000000000
0.874510 0.0317570165 0.3181391772 0.6121491734 1.0000000000
0.878431 0.0313725490 0.3140945790 0.6064898116 1.0000000000
0.882353 0.0313725490 0.3100346021 0.6004613610 1.0000000000
0.886275 0.0313725490 0.3059746251 0.5944329104 1.0000000000
0.890196 0.0313725490 0.3019146482 0.5884044598 1.0000000000
0.894118 0.0313725490 0.2978546713 0.5823760092 1.0000000000
0.898039 0.0313725490 0.2937946943 0.5763475586 1.0000000000
0.901961 0.0313725490 0.2897347174 0.5703191080 1.0000000000
0.905882 0.0313725490 0.2856747405 0.5642906574 1.0000000000
0.909804 0.0313725490 0.2816147636 0.5582622068 1.0000000000
0.913725 0.0313725490 0.2775547866 0.5522337562 1.0000000000
0.917647 0.0313725490 0.2734948097 0.5462053057 1.0000000000
0.921569 0.0313725490 0.2694348328 0.5401768551 1.0000000000
0.925490 0.0313725490 0.2653748558 0.5341484045 1.0000000000
0.929412 0.0313725490 0.2613148789 0.5281199539 1.0000000000
0.933333 0.0313725490 0.2572549020 0.5220915033 1.0000000000
0.937255 0.0313725490 0.2531949250 0.5160630527 1.0000000000
0.941176 0.0313725490 0.2491349481 0.5100346021 1.0000000000
0.945098 0.0313725490 0.2450749712 0.5040061515 1.0000000000
0.949020 0.0313725490 0.2410149942 0.4979777009 1.0000000000
0.952941 0.0313725490 0.2369550173 0.4919492503 1.0000000000
0.956863 0.0313725490 0.2328950404 0.4859207997 1.0000000000
0.960784 0.0313725490 0.2288350634 0.4798923491 1.0000000000
0.964706 0.0313725490 0.2247750865 0.4738638985 1.0000000000
0.968627 0.0313725490 0.2207151096 0.4678354479 1.0000000000
0.972549 0.0313725490 0.2166551326 0.4618069973 1.0000000000
0.976471 0.0313725490 0.2125951557 0.4557785467 1.0000000000
0.980392 0.0313725490 0.2085351788 0.4497500961 1.0000000000
0.984314 0.0313725490 0.2044752018 0.4437216455 1.0000000000
0.988235 0.0313725490 0.2004152249 0.4376931949 1.0000000000
0.992157 0.0313725490 0.1963552480 0.4316647443 1.0000000000
0.996078 0.0313725490 0.1922952710 0.4256362937 1.0000000000
1.000000 0.0313725490 0.1882352941 0.4196078431 1.0000000000
