0.000000 1.0000000000 1.0000000000 1.0000000000 1.0000000000
0.003922 0.9946384785 0.9965686275 0.9965686267 1.0000000000
0.007843 0.9892769569 0.9931372549 0.9931372534 1.0000000000
0.011765 0.9839154354 0.9897058824 0.9897058800 1.0000000000
0.015686 0.9785539138 0.9862745098 0.9862745067 1.0000000000
0.019608 0.9731923923 0.9828431373 0.9828431334 1.0000000000
0.023529 0.9678308708 0.9794117647 0.9794117601 1.0000000000
0.027451 0.9624693492 0.9759803922 0.9759803868 1.0000000000
0.031373 0.9571078277 0.9725490196 0.9725490134 1.0000000000
0.035294 0.9517463062 0.9691176471 0.9691176401 1.0000000000
0.039216 0.9463847846 0.9656862745 0.9656862668 1.0000000000
0.043137 0.9410232631 0.9622549020 0.9622548935 1.0000000000
0.047059 0.9356617415 0.9588235294 0.9588235201 1.0000000000
0.050980 0.9303002200 0.9553921569 0.9553921468 1.0000000000
0.054902 0.9249386985 0.9519607843 0.9519607735 1.0000000000
0.058824 0.9195771769 0.9485294118 0.9485294002 1.0000000000
0.062745 0.9142156554 0.9450980392 0.9450980269 1.0000000000
0.066667 0.9088541339 0.9416666667 0.9416666535 1.0000000000
0.070588 0.9034926123 0.9382352941 0.9382352802 1.0000000000
0.074510 0.8981310908 0.9348039216 0.9348039069 1.0000000000
0.078431 0.8927695692 0.9313725490 0.9313725336 1.0000000000
0.082353 0.8874080477 0.9279411765 0.9279411603 1.0000000000
0.086275 0.8820465262 0.9245098039 0.9245097869 1.0000000000
0.090196 0.8766850046 0.9210784314 0.9210784136 1.0000000000
0.094118 0.8713234831 0.9176470588 0.9176470403 1.0000000000
0.098039 0.8659619616 0.9142156863 0.9142156670 1.0000000000
0.101961 0.8606004400 0.9107843137 0.9107842937 1.0000000000
0.105882 0.8552389185 0.9073529412 0.9073529203 1.0000000000
0.109804 0.8498773969 0.9039215686 0.9039215470 1.0000000000
0.113725 0.8445158754 0.9004901961 0.9004901737 1.0000000000
0.117647 0.8391543539 0.8970588235 0.8970588004 1.0000000000
0.121569 0.8337928323 0.8936274510 0.8936274270 1.0000000000
0.125490 0.8284313108 0.8901960784 0.8901960537 1.0000000000
0.129412 0.8230697892 0.8867647059 0.8867646804 1.0000000000
0.133333 0.8177082677 0.8833333333 0.8833333071 1.0000000000
0.137255 0.8123467462 0.8799019608 0.8799019338 1.0000000000
0.141176 0.8069852246 0.8764705882 0.8764705604 1.0000000000
0.145098 0.8016237031 0.8730392157 0.8730391871 1.0000000000
0.149020 0.7962621816 0.8696078431 0.8696078138 1.0000000000
0.152941 0.7909006600 0.8661764706 0.8661764405 1.0000000000
0.156863 0.7855391385 0.8627450980 0.8627450672 1.0000000000
0.160784 0.7801776169 0.8593137255 0.8593136938 1.0000000000
0.164706 0.7748160954 0.8558823529 0.8558823205 1.0000000000
0.168627 0.7694545739 0.8524509804 0.8524509472 1.0000000000
0.172549 0.7640930523 0.8490196078 0.8490195739 1.0000000000
0.176471 0.7587315308 0.8455882353 0.8455882006 1.0000000000
0.180392 0.7533700093 0.8421568627 0.8421568272 1.0000000000
0.184314 0.7480084877 0.8387254902 0.8387254539 1.0000000000
0.188235 0.7426469662 0.8352941176 0.8352940806 1.0000000000
0.192157 0.7372854446 0.8318627451 0.8318627073 1.0000000000
0.196078 0.7319239231 0.8284313725 0.8284313339 1.0000000000
0.200000 0.7265624016 0.8250000000 0.8249999606 1.0000000000
0.203922 0.7212008800 0.8215686275 0.8215685873 1.0000000000
0.207843 0.7158393585 0.8181372549 0.8181372140 1.0000000000
0.211765 0.7104778369 0.8147058824 0.8147058407 1.0000000000
0.215686 0.7051163154 0.8112745098 0.8112744673 1.0000000000
0.219608 0.6997547939 0.8078431373 0.8078430940 1.0000000000
0.223529 0.6943932723 0.8044117647 0.8044117207 1.0000000000
0.227451 0.6890317508 0.8009803922 0.8009803474 1.0000000000
0.231373 0.6836702293 0.7975490196 0.7975489741 1.0000000000
0.235294 0.6783087077 0.7941176471 0.7941176007 1.0000000000
0.239216 0.6729471862 0.7906862745 0.7906862274 1.0000000000
0.243137 0.6675856646 0.7872549020 0.7872548541 1.0000000000
0.247059 0.6622241431 0.7838235294 0.7838234808 1.0000000000
0.250980 0.6568626216 0.7803921569 0.7803921075 1.0000000000
0.254902 0.6519607843 0.7766543286 0.7769607341 1.0000000000
0.258824 0.6485294118 0.7719361922 0.7735293608 1.0000000000
0.262745 0.6450980392 0.7672180557 0.7700979875 1.0000000000
0.266667 0.6416666667 0.7624999193 0.7666666142 1.0000000000
0.270588 0.6382352941 0.7577817828 0.7632352408 1.0000000000
0.274510 0.6348039216 0.7530636464 0.7598038675 1.0000000000
0.278431 0.6313725490 0.7483455099 0.7563724942 1.0000000000
0.282353 0.6279411765 0.7436273735 0.7529411209 1.0000000000
0.286275 0.6245098039 0.7389092370 0.7495097476 1.0000000000
0.290196 0.6210784314 0.7341911006 0.7460783742 1.0000000000
0.294118 0.6176470588 0.7294729641 0.7426470009 1.0000000000
0.298039 0.6142156863 0.7247548277 0.7392156276 1.0000000000
0.301961 0.6107843137 0.7200366912 0.7357842543 1.0000000000
0.305882 0.6073529412 0.7153185548 0.7323528810 1.0000000000
0.309804 0.6039215686 0.7106004183 0.7289215076 1.0000000000
0.313725 0.6004901961 0.7058822819 0.7254901343 1.0000000000
0.317647 0.5970588235 0.7011641454 0.7220587610 1.0000000000
0.321569 0.5936274510 0.6964460090 0.7186273877 1.0000000000
0.325490 0.5901960784 0.6917278725 0.7151960144 1.0000000000
0.329412 0.5867647059 0.6870097361 0.7117646410 1.0000000000
0.333333 0.5833333333 0.6822915996 0.7083332677 1.0000000000
0.337255 0.5799019608 0.6775734632 0.7049018944 1.0000000000
0.341176 0.5764705882 0.6728553267 0.7014705211 1.0000000000
0.345098 0.5730392157 0.6681371903 0.6980391477 1.0000000000
0.349020 0.5696078431 0.6634190538 0.6946077744 1.0000000000
0.352941 0.5661764706 0.6587009174 0.6911764011 1.0000000000
0.356863 0.5627450980 0.6539827809 0.6877450278 1.0000000000
0.360784 0.5593137255 0.6492646445 0.6843136545 1.0000000000
0.364706 0.5558823529 0.6445465080 0.6808822811 1.0000000000
0.368627 0.5524509804 0.6398283716 0.6774509078 1.0000000000
0.372549 0.5490196078 0.6351102351 0.6740195345 1.0000000000
0.376471 0.5455882353 0.6303920987 0.6705881612 1.0000000000
0.380392 0.5421568627 0.6256739622 0.6671567879 1.0000000000
0.384314 0.5387254902 0.6209558258 0.6637254145 1.0000000000
0.388235 0.5352941176 0.6162376893 0.6602940412 1.0000000000
0.392157 0.5318627451 0.6115195528 0.6568626679 1.0000000000
0.396078 0.5284313725 0.6068014164 0.6534312946 1.0000000000
0.400000 0.5250000000 0.6020832799 0.6499999213 1.0000000000
0.403922 0.5215686275 0.5973651435 0.6465685479 1.0000000000
0.407843 0.5181372549 0.5926470070 0.6431371746 1.0000000000
0.411765 0.5147058824 0.5879288706 0.6397058013 1.0000000000
0.415686 0.5112745098 0.5832107341 0.6362744280 1.0000000000
0.419608 0.5078431373 0.5784925977 0.6328430546 1.0000000000
0.423529 0.5044117647 0.5737744612 0.6294116813 1.0000000000
0.427451 0.5009803922 0.5690563248 0.6259803080 1.0000000000
0.431373 0.4975490196 0.5643381883 0.6225489347 1.0000000000
0.435294 0.4941176471 0.5596200519 0.6191175614 1.0000000000
0.439216 0.4906862745 0.5549019154 0.6156861880 1.0000000000
0.443137 0.4872549020 0.5501837790 0.6122548147 1.0000000000
0.447059 0.4838235294 0.5454656425 0.6088234414 1.0000000000
0.450980 0.4803921569 0.5407475061 0.6053920681 1.0000000000
0.454902 0.4769607843 0.5360293696 0.6019606948 1.0000000000
0.458824 0.4735294118 0.5313112332 0.5985293214 1.0000000000
0.462745 0.4700980392 0.5265930967 0.5950979481 1.0000000000
0.466667 0.4666666667 0.5218749603 0.5916665748 1.0000000000
0.470588 0.4632352941 0.5171568238 0.5882352015 1.0000000000
0.474510 0.4598039216 0.5124386874 0.5848038281 1.0000000000
0.478431 0.4563725490 0.5077205509 0.5813724548 1.0000000000
0.482353 0.4529411765 0.5030024145 0.5779410815 1.0000000000
0.486275 0.4495098039 0.4982842780 0.5745097082 1.0000000000
0.490196 0.4460784314 0.4935661416 0.5710783349 1.0000000000
0.494118 0.4426470588 0.4888480051 0.5676469615 1.0000000000
0.498039 0.4392156863 0.4841298687 0.5642155882 1.0000000000
0.501961 0.4357843137 0.4794117322 0.5607842149 1.0000000000
0.505882 0.4323529412 0.4746935958 0.5573528416 1.0000000000
0.509804 0.4289215686 0.4699754593 0.5539214683 1.0000000000
0.513725 0.4254901961 0.4652573229 0.5504900949 1.0000000000
0.517647 0.4220588235 0.4605391864 0.5470587216 1.0000000000
0.521569 0.4186274510 0.4558210500 0.5436273483 1.0000000000
0.525490 0.4151960784 0.4511029135 0.5401959750 1.0000000000
0.529412 0.4117647059 0.4463847771 0.5367646017 1.0000000000
0.533333 0.4083333333 0.4416666406 0.5333332283 1.0000000000
0.537255 0.4049019608 0.4369485042 0.5299018550 1.0000000000
0.541176 0.4014705882 0.4322303677 0.5264704817 1.0000000000
0.545098 0.3980392157 0.4275122313 0.5230391084 1.0000000000
0.549020 0.3946078431 0.4227940948 0.5196077350 1.0000000000
0.552941 0.3911764706 0.4180759584 0.5161763617 1.0000000000
0.556863 0.3877450980 0.4133578219 0.5127449884 1.0000000000
0.560784 0.3843137255 0.4086396855 0.5093136151 1.0000000000
0.564706 0.3808823529 0.4039215490 0.5058822418 1.0000000000
0.568627 0.3774509804 0.3992034126 0.5024508684 1.0000000000
0.572549 0.3740196078 0.3944852761 0.4990194951 1.0000000000
0.576471 0.3705882353 0.3897671397 0.4955881218 1.0000000000
0.580392 0.3671568627 0.3850490032 0.4921567485 1.0000000000
0.584314 0.3637254902 0.3803308668 0.4887253752 1.0000000000
0.588235 0.3602941176 0.3756127303 0.4852940018 1.0000000000
0.592157 0.3568627451 0.3708945939 0.4818626285 1.0000000000
0.596078 0.3534313725 0.3661764574 0.4784312552 1.0000000000
0.600000 0.3500000000 0.3614583210 0.4749998819 1.0000000000
0.603922 0.3465686275 0.3567401845 0.4715685086 1.0000000000
0.607843 0.3431372549 0.3520220481 0.4681371352 1.0000000000
0.611765 0.3397058824 0.3473039116 0.4647057619 1.0000000000
0.615686 0.3362745098 0.3425857752 0.4612743886 1.0000000000
0.619608 0.3328431373 0.3378676387 0.4578430153 1.0000000000
0.623529 0.3294117647 0.3331495023 0.4544116419 1.0000000000
0.627451 0.3259803922 0.3284313658 0.4509802686 1.0000000000
0.631373 0.3225490196 0.3237132294 0.4475488953 1.0000000000
0.635294 0.3191176471 0.3191175222 0.4439897698 1.0000000000
0.639216 0.3156862745 0.3156861510 0.4392156863 1.0000000000
0.643137 0.3122549020 0.3122547798 0.4344416027 1.0000000000
0.647059 0.3088235294 0.3088234086 0.4296675192 1.0000000000
0.650980 0.3053921569 0.3053920374 0.4248934356 1.0000000000
0.654902 0.3019607843 0.3019606662 0.4201193521 1.0000000000
0.658824 0.2985294118 0.2985292949 0.4153452685 1.0000000000
0.662745 0.2950980392 0.2950979237 0.4105711850 1.0000000000
0.666667 0.2916666667 0.2916665525 0.4057971014 1.0000000000
0.670588 0.2882352941 0.2882351813 0.4010230179 1.0000000000
0.674510 0.2848039216 0.2848038101 0.3962489344 1.0000000000
0.678431 0.2813725490 0.2813724389 0.3914748508 1.0000000000
0.682353 0.2779411765 0.2779410677 0.3867007673 1.0000000000
0.686275 0.2745098039 0.2745096965 0.3819266837 1.0000000000
0.690196 0.2710784314 0.2710783253 0.3771526002 1.0000000000
0.694118 0.2676470588 0.2676469541 0.3723785166 1.0000000000
0.698039 0.2642156863 0.2642155829 0.3676044331 1.0000000000
0.701961 0.2607843137 0.2607842117 0.3628303495 1.0000000000
0.705882 0.2573529412 0.2573528405 0.3580562660 1.0000000000
0.709804 0.2539215686 0.2539214693 0.3532821824 1.0000000000
0.713725 0.2504901961 0.2504900981 0.3485080989 1.0000000000
0.717647 0.2470588235 0.2470587269 0.3437340153 1.0000000000
0.721569 0.2436274510 0.2436273556 0.3389599318 1.0000000000
0.725490 0.2401960784 0.2401959844 0.3341858483 1.0000000000
0.729412 0.2367647059 0.2367646132 0.3294117647 1.0000000000
0.733333 0.2333333333 0.2333332420 0.3246376812 1.0000000000
0.737255 0.2299019608 0.2299018708 0.3198635976 1.0000000000
0.741176 0.2264705882 0.2264704996 0.3150895141 1.0000000000
0.745098 0.2230392157 0.2230391284 0.3103154305 1.0000000000
0.749020 0.2196078431 0.2196077572 0.3055413470 1.0000000000
0.752941 0.2161764706 0.2161763860 0.3007672634 1.0000000000
0.756863 0.2127450980 0.2127450148 0.2959931799 1.0000000000
0.760784 0.2093137255 0.2093136436 0.2912190963 1.0000000000
0.764706 0.2058823529 0.2058822724 0.2864450128 1.0000000000
0.768627 0.2024509804 0.2024509012 0.2816709292 1.0000000000
0.772549 0.1990196078 0.1990195300 0.2768968457 1.0000000000
0.776471 0.1955882353 0.1955881588 0.2721227621 1.0000000000
0.780392 0.1921568627 0.1921567876 0.2673486786 1.0000000000
0.784314 0.1887254902 0.1887254163 0.2625745951 1.0000000000
0.788235 0.1852941176 0.1852940451 0.2578005115 1.0000000000
0.792157 0.1818627451 0.1818626739 0.2530264280 1.0000000000
0.796078 0.1784313725 0.1784313027 0.2482523444 1.0000000000
0.800000 0.1750000000 0.1749999315 0.2434782609 1.0000000000
0.803922 0.1715686275 0.1715685603 0.2387041773 1.0000000000
0.807843 0.1681372549 0.1681371891 0.2339300938 1.0000000000
0.811765 0.1647058824 0.1647058179 0.2291560102 1.0000000000
0.815686 0.1612745098 0.1612744467 0.2243819267 1.0000000000
0.819608 0.1578431373 0.1578430755 0.2196078431 1.0000000000
0.823529 0.1544117647 0.1544117043 0.2148337596 1.0000000000
0.827451 0.1509803922 0.1509803331 0.2100596760 1.0000000000
0.831373 0.1475490196 0.1475489619 0.2052855925 1.0000000000
0.835294 0.1441176471 0.1441175907 0.2005115090 1.0000000000
0.839216 0.1406862745 0.1406862195 0.1957374254 1.0000000000
0.843137 0.1372549020 0.1372548483 0.1909633419 1.0000000000
0.847059 0.1338235294 0.1338234770 0.1861892583 1.0000000000
0.850980 0.1303921569 0.1303921058 0.1814151748 1.0000000000
0.854902 0.1269607843 0.1269607346 0.1766410912 1.0000000000
0.858824 0.1235294118 0.1235293634 0.1718670077 1.0000000000
0.862745 0.1200980392 0.1200979922 0.1670929241 1.0000000000
0.866667 0.1166666667 0.1166666210 0.1623188406 1.0000000000
0.870588 0.1132352941 0.1132352498 0.1575447570 1.0000000000
0.874510 0.1098039216 0.1098038786 0.1527706735 1.0000000000
0.878431 0.1063725490 0.1063725074 0.1479965899 1.0000000000
0.882353 0.1029411765 0.1029411362 0.1432225064 1.0000000000
0.886275 0.0995098039 0.0995097650 0.1384484228 1.0000000000
0.890196 0.0960784314 0.0960783938 0.1336743393 1.0000000000
0.894118 0.0926470588 0.0926470226 0.1289002558 1.0000000000
0.898039 0.0892156863 0.0892156514 0.1241261722 1.0000000000
0.901961 0.0857843137 0.0857842802 0.1193520887 1.0000000000
0.905882 0.0823529412 0.0823529090 0.1145780051 1.0000000000
0.909804 0.0789215686 0.0789215377 0.1098039216 1.0000000000
0.913725 0.0754901961 0.0754901665 0.1050298380 1.0000000000
0.917647 0.0720588235 0.0720587953 0.1002557545 1.0000000000
0.921569 0.0686274510 0.0686274241 0.0954816709 1.0000000000
0.925490 0.0651960784 0.0651960529 0.0907075874 1.0000000000
0.929412 0.0617647059 0.0617646817 0.0859335038 1.0000000000
0.933333 0.0583333333 0.0583333105 0.0811594203 1.0000000000
0.937255 0.0549019608 0.0549019393 0.0763853367 1.0000000000
0.941176 0.0514705882 0.0514705681 0.0716112532 1.0000000000
0.945098 0.0480392157 0.0480391969 0.0668371697 1.0000000000
0.949020 0.0446078431 0.0446078257 0.0620630861 1.0000000000
0.952941 0.0411764706 0.0411764545 0.0572890026 1.0000000000
0.956863 0.0377450980 0.0377450833 0.0525149190 1.0000000000
0.960784 0.0343137255 0.0343137121 0.0477408355 1.0000000000
0.964706 0.0308823529 0.0308823409 0.0429667519 1.0000000000
0.968627 0.0274509804 0.0274509697 0.0381926684 1.0000000000
0.972549 0.0240196078 0.0240195984 0.0334185848 1.0000000000
0.976471 0.0205882353 0.0205882272 0.0286445013 1.0000000000
0.980392 0.0171568627 0.0171568560 0.0238704177 1.0000000000
0.984314 0.0137254902 0.0137254848 0.0190963342 1.0000000000
0.988235 0.0102941176 0.0102941136 0.0143222506 1.0000000000
0.992157 0.0068627451 0.0068627424 0.0095481671 1.0000000000
0.996078 0.0034313725 0.0034313712 0.0047740835 1.0000000000
1.000000 0.0000000000 0.0000000000 0.0000000000 1.0000000000
