0.000000 0.3294117647 0.1882352941 0.0196078431 1.0000000000
0.003922 0.3380238370 0.1933102653 0.0203767782 1.0000000000
0.007843 0.3466359093 0.1983852364 0.0211457132 1.0000000000
0.011765 0.3552479815 0.2034602076 0.0219146482 1.0000000000
0.015686 0.3638600538 0.2085351788 0.0226835832 1.0000000000
0.019608 0.3724721261 0.2136101499 0.0234525183 1.0000000000
0.023529 0.3810841984 0.2186851211 0.0242214533 1.0000000000
0.027451 0.3896962707 0.2237600923 0.0249903883 1.0000000000
0.031373 0.3983083429 0.2288350634 0.0257593233 1.0000000000
0.035294 0.4069204152 0.2339100346 0.0265282584 1.0000000000
0.039216 0.4155324875 0.2389850058 0.0272971934 1.0000000000
0.043137 0.4241445598 0.2440599769 0.0280661284 1.0000000000
0.047059 0.4327566321 0.2491349481 0.0288350634 1.0000000000
0.050980 0.4413687043 0.2542099193 0.0296039985 1.0000000000
0.054902 0.4499807766 0.2592848904 0.0303729335 1.0000000000
0.058824 0.4585928489 0.2643598616 0.0311418685 1.0000000000
0.062745 0.4672049212 0.2694348328 0.0319108035 1.0000000000
0.066667 0.4758169935 0.2745098039 0.0326797386 1.0000000000
0.070588 0.4844290657 0.2795847751 0.0334486736 1.0000000000
0.074510 0.4930411380 0.2846597463 0.0342176086 1.0000000000
0.078431 0.5016532103 0.2897347174 0.0349865436 1.0000000000
0.082353 0.5102652826 0.2948096886 0.0357554787 1.0000000000
0.086275 0.5188773549 0.2998846597 0.0365244137 1.0000000000
0.090196 0.5274894271 0.3049596309 0.0372933487 1.0000000000
0.094118 0.5361014994 0.3100346021 0.0380622837 1.0000000000
0.098039 0.5447135717 0.3151095732 0.0388312188 1.0000000000
0.101961 0.5529411765 0.3213379469 0.0419069589 1.0000000000
0.105882 0.5607843137 0.3287197232 0.0472895040 1.0000000000
0.109804 0.5686274510 0.3361014994 0.0526720492 1.0000000000
0.113725 0.5764705882 0.3434832757 0.0580545944 1.0000000000
0.117647 0.5843137255 0.3508650519 0.0634371396 1.0000000000
0.121569 0.5921568627 0.3582468281 0.0688196847 1.0000000000
0.125490 0.6000000000 0.3656286044 0.0742022299 1.0000000000
0.129412 0.6078431373 0.3730103806 0.0795847751 1.0000000000
0.133333 0.6156862745 0.3803921569 0.0849673203 1.0000000000
0.137255 0.6235294118 0.3877739331 0.0903498654 1.0000000000
0.141176 0.6313725490 0.3951557093 0.0957324106 1.0000000000
0.145098 0.6392156863 0.4025374856 0.1011149558 1.0000000000
0.149020 0.6470588235 0.4099192618 0.1064975010 1.0000000000
0.152941 0.6549019608 0.4173010381 0.1118800461 1.0000000000
0.156863 0.6627450980 0.4246828143 0.1172625913 1.0000000000
0.160784 0.6705882353 0.4320645905 0.1226451365 1.0000000000
0.164706 0.6784313725 0.4394463668 0.1280276817 1.0000000000
0.168627 0.6862745098 0.4468281430 0.1334102268 1.0000000000
0.172549 0.6941176471 0.4542099193 0.1387927720 1.0000000000
0.176471 0.7019607843 0.4615916955 0.1441753172 1.0000000000
0.180392 0.7098039216 0.4689734717 0.1495578624 1.0000000000
0.184314 0.7176470588 0.4763552480 0.1549404075 1.0000000000
0.188235 0.7254901961 0.4837370242 0.1603229527 1.0000000000
0.192157 0.7333333333 0.4911188005 0.1657054979 1.0000000000
0.196078 0.7411764706 0.4985005767 0.1710880431 1.0000000000
0.200000 0.7490196078 0.5058823529 0.1764705882 1.0000000000
0.203922 0.7539407920 0.5158785083 0.1887735486 1.0000000000
0.207843 0.7588619762 0.5258746636 0.2010765090 1.0000000000
0.211765 0.7637831603 0.5358708189 0.2133794694 1.0000000000
0.215686 0.7687043445 0.5458669742 0.2256824298 1.0000000000
0.219608 0.7736255286 0.5558631296 0.2379853902 1.0000000000
0.223529 0.7785467128 0.5658592849 0.2502883506 1.0000000000
0.227451 0.7834678970 0.5758554402 0.2625913110 1.0000000000
0.231373 0.7883890811 0.5858515955 0.2748942714 1.0000000000
0.235294 0.7933102653 0.5958477509 0.2871972318 1.0000000000
0.239216 0.7982314494 0.6058439062 0.2995001922 1.0000000000
0.243137 0.8031526336 0.6158400615 0.3118031526 1.0000000000
0.247059 0.8080738178 0.6258362168 0.3241061130 1.0000000000
0.250980 0.8129950019 0.6358323722 0.3364090734 1.0000000000
0.254902 0.8179161861 0.6458285275 0.3487120338 1.0000000000
0.258824 0.8228373702 0.6558246828 0.3610149942 1.0000000000
0.262745 0.8277585544 0.6658208381 0.3733179546 1.0000000000
0.266667 0.8326797386 0.6758169935 0.3856209150 1.0000000000
0.270588 0.8376009227 0.6858131488 0.3979238754 1.0000000000
0.274510 0.8425221069 0.6958093041 0.4102268358 1.0000000000
0.278431 0.8474432910 0.7058054594 0.4225297962 1.0000000000
0.282353 0.8523644752 0.7158016148 0.4348327566 1.0000000000
0.286275 0.8572856594 0.7257977701 0.4471357170 1.0000000000
0.290196 0.8622068435 0.7357939254 0.4594386774 1.0000000000
0.294118 0.8671280277 0.7457900807 0.4717416378 1.0000000000
0.298039 0.8720492118 0.7557862361 0.4840445982 1.0000000000
0.301961 0.8762783545 0.7637062668 0.4955786236 1.0000000000
0.305882 0.8798154556 0.7695501730 0.5063437140 1.0000000000
0.309804 0.8833525567 0.7753940792 0.5171088043 1.0000000000
0.313725 0.8868896578 0.7812379854 0.5278738947 1.0000000000
0.317647 0.8904267589 0.7870818916 0.5386389850 1.0000000000
0.321569 0.8939638601 0.7929257978 0.5494040754 1.0000000000
0.325490 0.8975009612 0.7987697040 0.5601691657 1.0000000000
0.329412 0.9010380623 0.8046136101 0.5709342561 1.0000000000
0.333333 0.9045751634 0.8104575163 0.5816993464 1.0000000000
0.337255 0.9081122645 0.8163014225 0.5924644368 1.0000000000
0.341176 0.9116493656 0.8221453287 0.6032295271 1.0000000000
0.345098 0.9151864667 0.8279892349 0.6139946175 1.0000000000
0.349020 0.9187235679 0.8338331411 0.6247597078 1.0000000000
0.352941 0.9222606690 0.8396770473 0.6355247982 1.0000000000
0.356863 0.9257977701 0.8455209535 0.6462898885 1.0000000000
0.360784 0.9293348712 0.8513648597 0.6570549789 1.0000000000
0.364706 0.9328719723 0.8572087659 0.6678200692 1.0000000000
0.368627 0.9364090734 0.8630526720 0.6785851596 1.0000000000
0.372549 0.9399461745 0.8688965782 0.6893502499 1.0000000000
0.376471 0.9434832757 0.8747404844 0.7001153403 1.0000000000
0.380392 0.9470203768 0.8805843906 0.7108804306 1.0000000000
0.384314 0.9505574779 0.8864282968 0.7216455210 1.0000000000
0.388235 0.9540945790 0.8922722030 0.7324106113 1.0000000000
0.392157 0.9576316801 0.8981161092 0.7431757017 1.0000000000
0.396078 0.9611687812 0.9039600154 0.7539407920 1.0000000000
0.400000 0.9647058824 0.9098039216 0.7647058824 1.0000000000
0.403922 0.9645520953 0.9118031526 0.7723952326 1.0000000000
0.407843 0.9643983083 0.9138023837 0.7800845829 1.0000000000
0.411765 0.9642445213 0.9158016148 0.7877739331 1.0000000000
0.415686 0.9640907343 0.9178008458 0.7954632834 1.0000000000
0.419608 0.9639369473 0.9198000769 0.8031526336 1.0000000000
0.423529 0.9637831603 0.9217993080 0.8108419839 1.0000000000
0.427451 0.9636293733 0.9237985390 0.8185313341 1.0000000000
0.431373 0.9634755863 0.9257977701 0.8262206844 1.0000000000
0.435294 0.9633217993 0.9277970012 0.8339100346 1.0000000000
0.439216 0.9631680123 0.9297962322 0.8415993849 1.0000000000
0.443137 0.9630142253 0.9317954633 0.8492887351 1.0000000000
0.447059 0.9628604383 0.9337946943 0.8569780854 1.0000000000
0.450980 0.9627066513 0.9357939254 0.8646674356 1.0000000000
0.454902 0.9625528643 0.9377931565 0.8723567859 1.0000000000
0.458824 0.9623990773 0.9397923875 0.8800461361 1.0000000000
0.462745 0.9622452903 0.9417916186 0.8877354864 1.0000000000
0.466667 0.9620915033 0.9437908497 0.8954248366 1.0000000000
0.470588 0.9619377163 0.9457900807 0.9031141869 1.0000000000
0.474510 0.9617839293 0.9477893118 0.9108035371 1.0000000000
0.478431 0.9616301423 0.9497885429 0.9184928874 1.0000000000
0.482353 0.9614763552 0.9517877739 0.9261822376 1.0000000000
0.486275 0.9613225682 0.9537870050 0.9338715879 1.0000000000
0.490196 0.9611687812 0.9557862361 0.9415609381 1.0000000000
0.494118 0.9610149942 0.9577854671 0.9492502884 1.0000000000
0.498039 0.9608612072 0.9597846982 0.9569396386 1.0000000000
0.501961 0.9572472126 0.9599384852 0.9595540177 1.0000000000
0.505882 0.9501730104 0.9582468281 0.9570934256 1.0000000000
0.509804 0.9430988082 0.9565551711 0.9546328335 1.0000000000
0.513725 0.9360246059 0.9548635140 0.9521722414 1.0000000000
0.517647 0.9289504037 0.9531718570 0.9497116494 1.0000000000
0.521569 0.9218762015 0.9514801999 0.9472510573 1.0000000000
0.525490 0.9148019992 0.9497885429 0.9447904652 1.0000000000
0.529412 0.9077277970 0.9480968858 0.9423298731 1.0000000000
0.533333 0.9006535948 0.9464052288 0.9398692810 1.0000000000
0.537255 0.8935793925 0.9447135717 0.9374086890 1.0000000000
0.541176 0.8865051903 0.9430219146 0.9349480969 1.0000000000
0.545098 0.8794309881 0.9413302576 0.9324875048 1.0000000000
0.549020 0.8723567859 0.9396386005 0.9300269127 1.0000000000
0.552941 0.8652825836 0.9379469435 0.9275663206 1.0000000000
0.556863 0.8582083814 0.9362552864 0.9251057286 1.0000000000
0.560784 0.8511341792 0.9345636294 0.9226451365 1.0000000000
0.564706 0.8440599769 0.9328719723 0.9201845444 1.0000000000
0.568627 0.8369857747 0.9311803153 0.9177239523 1.0000000000
0.572549 0.8299115725 0.9294886582 0.9152633602 1.0000000000
0.576471 0.8228373702 0.9277970012 0.9128027682 1.0000000000
0.580392 0.8157631680 0.9261053441 0.9103421761 1.0000000000
0.584314 0.8086889658 0.9244136870 0.9078815840 1.0000000000
0.588235 0.8016147636 0.9227220300 0.9054209919 1.0000000000
0.592157 0.7945405613 0.9210303729 0.9029603998 1.0000000000
0.596078 0.7874663591 0.9193387159 0.9004998078 1.0000000000
0.600000 0.7803921569 0.9176470588 0.8980392157 1.0000000000
0.603922 0.7694732795 0.9131872357 0.8925028835 1.0000000000
0.607843 0.7585544022 0.9087274125 0.8869665513 1.0000000000
0.611765 0.7476355248 0.9042675894 0.8814302191 1.0000000000
0.615686 0.7367166474 0.8998077662 0.8758938870 1.0000000000
0.619608 0.7257977701 0.8953479431 0.8703575548 1.0000000000
0.623529 0.7148788927 0.8908881200 0.8648212226 1.0000000000
0.627451 0.7039600154 0.8864282968 0.8592848904 1.0000000000
0.631373 0.6930411380 0.8819684737 0.8537485582 1.0000000000
0.635294 0.6821222607 0.8775086505 0.8482122261 1.0000000000
0.639216 0.6712033833 0.8730488274 0.8426758939 1.0000000000
0.643137 0.6602845060 0.8685890042 0.8371395617 1.0000000000
0.647059 0.6493656286 0.8641291811 0.8316032295 1.0000000000
0.650980 0.6384467512 0.8596693579 0.8260668973 1.0000000000
0.654902 0.6275278739 0.8552095348 0.8205305652 1.0000000000
0.658824 0.6166089965 0.8507497116 0.8149942330 1.0000000000
0.662745 0.6056901192 0.8462898885 0.8094579008 1.0000000000
0.666667 0.5947712418 0.8418300654 0.8039215686 1.0000000000
0.670588 0.5838523645 0.8373702422 0.7983852364 1.0000000000
0.674510 0.5729334871 0.8329104191 0.7928489043 1.0000000000
0.678431 0.5620146098 0.8284505959 0.7873125721 1.0000000000
0.682353 0.5510957324 0.8239907728 0.7817762399 1.0000000000
0.686275 0.5401768551 0.8195309496 0.7762399077 1.0000000000
0.690196 0.5292579777 0.8150711265 0.7707035755 1.0000000000
0.694118 0.5183391003 0.8106113033 0.7651672434 1.0000000000
0.698039 0.5074202230 0.8061514802 0.7596309112 1.0000000000
0.701961 0.4961937716 0.7997693195 0.7530180700 1.0000000000
0.705882 0.4846597463 0.7914648212 0.7453287197 1.0000000000
0.709804 0.4731257209 0.7831603230 0.7376393695 1.0000000000
0.713725 0.4615916955 0.7748558247 0.7299500192 1.0000000000
0.717647 0.4500576701 0.7665513264 0.7222606690 1.0000000000
0.721569 0.4385236448 0.7582468281 0.7145713187 1.0000000000
0.725490 0.4269896194 0.7499423299 0.7068819685 1.0000000000
0.729412 0.4154555940 0.7416378316 0.6991926182 1.0000000000
0.733333 0.4039215686 0.7333333333 0.6915032680 1.0000000000
0.737255 0.3923875433 0.7250288351 0.6838139177 1.0000000000
0.741176 0.3808535179 0.7167243368 0.6761245675 1.0000000000
0.745098 0.3693194925 0.7084198385 0.6684352172 1.0000000000
0.749020 0.3577854671 0.7001153403 0.6607458670 1.0000000000
0.752941 0.3462514418 0.6918108420 0.6530565167 1.0000000000
0.756863 0.3347174164 0.6835063437 0.6453671665 1.0000000000
0.760784 0.3231833910 0.6752018454 0.6376778162 1.0000000000
0.764706 0.3116493656 0.6668973472 0.6299884660 1.0000000000
0.768627 0.3001153403 0.6585928489 0.6222991157 1.0000000000
0.772549 0.2885813149 0.6502883506 0.6146097655 1.0000000000
0.776471 0.2770472895 0.6419838524 0.6069204152 1.0000000000
0.780392 0.2655132641 0.6336793541 0.5992310650 1.0000000000
0.784314 0.2539792388 0.6253748558 0.5915417147 1.0000000000
0.788235 0.2424452134 0.6170703576 0.5838523645 1.0000000000
0.792157 0.2309111880 0.6087658593 0.5761630142 1.0000000000
0.796078 0.2193771626 0.6004613610 0.5684736640 1.0000000000
0.800000 0.2078431373 0.5921568627 0.5607843137 1.0000000000
0.803922 0.1998462130 0.5846212995 0.5532487505 1.0000000000
0.807843 0.1918492887 0.5770857363 0.5457131872 1.0000000000
0.811765 0.1838523645 0.5695501730 0.5381776240 1.0000000000
0.815686 0.1758554402 0.5620146098 0.5306420607 1.0000000000
0.819608 0.1678585160 0.5544790465 0.5231064975 1.0000000000
0.823529 0.1598615917 0.5469434833 0.5155709343 1.0000000000
0.827451 0.1518646674 0.5394079200 0.5080353710 1.0000000000
0.831373 0.1438677432 0.5318723568 0.5004998078 1.0000000000
0.835294 0.1358708189 0.5243367935 0.4929642445 1.0000000000
0.839216 0.1278738947 0.5168012303 0.4854286813 1.0000000000
0.843137 0.1198769704 0.5092656671 0.4778931180 1.0000000000
0.847059 0.1118800461 0.5017301038 0.4703575548 1.0000000000
0.850980 0.1038831219 0.4941945406 0.4628219915 1.0000000000
0.854902 0.0958861976 0.4866589773 0.4552864283 1.0000000000
0.858824 0.0878892734 0.4791234141 0.4477508651 1.0000000000
0.862745 0.0798923491 0.4715878508 0.4402153018 1.0000000000
0.866667 0.0718954248 0.4640522876 0.4326797386 1.0000000000
0.870588 0.0638985006 0.4565167243 0.4251441753 1.0000000000
0.874510 0.0559015763 0.4489811611 0.4176086121 1.0000000000
0.878431 0.0479046521 0.4414455978 0.4100730488 1.0000000000
0.882353 0.0399077278 0.4339100346 0.4025374856 1.0000000000
0.886275 0.0319108035 0.4263744714 0.3950019223 1.0000000000
0.890196 0.0239138793 0.4188389081 0.3874663591 1.0000000000
0.894118 0.0159169550 0.4113033449 0.3799307958 1.0000000000
0.898039 0.0079200308 0.4037677816 0.3723952326 1.0000000000
0.901961 0.0038446751 0.3967704729 0.3650903499 1.0000000000
0.905882 0.0036908881 0.3903114187 0.3580161476 1.0000000000
0.909804 0.0035371011 0.3838523645 0.3509419454 1.0000000000
0.913725 0.0033833141 0.3773933103 0.3438677432 1.0000000000
0.917647 0.0032295271 0.3709342561 0.3367935409 1.0000000000
0.921569 0.0030757401 0.3644752018 0.3297193387 1.0000000000
0.925490 0.0029219531 0.3580161476 0.3226451365 1.0000000000
0.929412 0.0027681661 0.3515570934 0.3155709343 1.0000000000
0.933333 0.0026143791 0.3450980392 0.3084967320 1.0000000000
0.937255 0.0024605921 0.3386389850 0.3014225298 1.0000000000
0.941176 0.0023068051 0.3321799308 0.2943483276 1.0000000000
0.945098 0.0021530181 0.3257208766 0.2872741253 1.0000000000
0.949020 0.0019992311 0.3192618224 0.2801999231 1.0000000000
0.952941 0.0018454441 0.3128027682 0.2731257209 1.0000000000
0.956863 0.0016916571 0.3063437140 0.2660515186 1.0000000000
0.960784 0.0015378700 0.2998846597 0.2589773164 1.0000000000
0.964706 0.0013840830 0.2934256055 0.2519031142 1.0000000000
0.968627 0.0012302960 0.2869665513 0.2448289120 1.0000000000
0.972549 0.0010765090 0.2805074971 0.2377547097 1.0000000000
0.976471 0.0009227220 0.2740484429 0.2306805075 1.0000000000
0.980392 0.0007689350 0.2675893887 0.2236063053 1.0000000000
0.984314 0.0006151480 0.2611303345 0.2165321030 1.0000000000
0.988235 0.0004613610 0.2546712803 0.2094579008 1.0000000000
0.992157 0.0003075740 0.2482122261 0.2023836986 1.0000000000
0.996078 0.0001537870 0.2417531719 0.1953094963 1.0000000000
1.000000 0.0000000000 0.2352941176 0.1882352941 1.0000000000
