0.000000 0.0000000000 1.0000000000 0.0000000000 1.0000000000
0.003922 0.0078431373 0.9921568627 0.0000000000 1.0000000000
0.007843 0.0156862745 0.9843137255 0.0000000000 1.0000000000
0.011765 0.0235294118 0.9764705882 0.0000000000 1.0000000000
0.015686 0.0313725490 0.9686274510 0.0000000000 1.0000000000
0.019608 0.0392156863 0.9607843137 0.0000000000 1.0000000000
0.023529 0.0470588235 0.9529411765 0.0000000000 1.0000000000
0.027451 0.0549019608 0.9450980392 0.0000000000 1.0000000000
0.031373 0.0627450980 0.9372549020 0.0000000000 1.0000000000
0.035294 0.0705882353 0.9294117647 0.0000000000 1.0000000000
0.039216 0.0784313725 0.9215686275 0.0000000000 1.0000000000
0.043137 0.0862745098 0.9137254902 0.0000000000 1.0000000000
0.047059 0.0941176471 0.9058823529 0.0000000000 1.0000000000
0.050980 0.1019607843 0.8980392157 0.0000000000 1.0000000000
0.054902 0.1098039216 0.8901960784 0.0000000000 1.0000000000
0.058824 0.1176470588 0.8823529412 0.0000000000 1.0000000000
0.062745 0.1254901961 0.8745098039 0.0000000000 1.0000000000
0.066667 0.1333333333 0.8666666667 0.0000000000 1.0000000000
0.070588 0.1411764706 0.8588235294 0.0000000000 1.0000000000
0.074510 0.1490196078 0.8509803922 0.0000000000 1.0000000000
0.078431 0.1568627451 0.8431372549 0.0000000000 1.0000000000
0.082353 0.1647058824 0.8352941176 0.0000000000 1.0000000000
0.086275 0.1725490196 0.8274509804 0.0000000000 1.0000000000
0.090196 0.1803921569 0.8196078431 0.0000000000 1.0000000000
0.094118 0.1882352941 0.8117647059 0.0000000000 1.0000000000
0.098039 0.1960784314 0.8039215686 0.0000000000 1.0000000000
0.101961 0.2039215686 0.7960784314 0.0000000000 1.0000000000
0.105882 0.2117647059 0.7882352941 0.0000000000 1.0000000000
0.109804 0.2196078431 0.7803921569 0.0000000000 1.0000000000
0.113725 0.2274509804 0.7725490196 0.0000000000 1.0000000000
0.117647 0.2352941176 0.7647058824 0.0000000000 1.0000000000
0.121569 0.2431372549 0.7568627451 0.0000000000 1.0000000000
0.125490 0.2509803922 0.7490196078 0.0000000000 1.0000000000
0.129412 0.2588235294 0.7411764706 0.0000000000 1.0000000000
0.133333 0.2666666667 0.7333333333 0.0000000000 1.0000000000
0.137255 0.2745098039 0.7254901961 0.0000000000 1.0000000000
0.141176 0.2823529412 0.7176470588 0.0000000000 1.0000000000
0.145098 0.2901960784 0.7098039216 0.0000000000 1.0000000000
0.149020 0.2980392157 0.7019607843 0.0000000000 1.0000000000
0.152941 0.3058823529 0.6941176471 0.0000000000 1.0000000000
0.156863 0.3137254902 0.6862745098 0.0000000000 1.0000000000
0.160784 0.3215686275 0.6784313725 0.0000000000 1.0000000000
0.164706 0.3294117647 0.6705882353 0.0000000000 1.0000000000
0.168627 0.3372549020 0.6627450980 0.0000000000 1.0000000000
0.172549 0.3450980392 0.6549019608 0.0000000000 1.0000000000
0.176471 0.3529411765 0.6470588235 0.0000000000 1.0000000000
0.180392 0.3607843137 0.6392156863 0.0000000000 1.0000000000
0.184314 0.3686274510 0.6313725490 0.0000000000 1.0000000000
0.188235 0.3764705882 0.6235294118 0.0000000000 1.0000000000
0.192157 0.3843137255 0.6156862745 0.0000000000 1.0000000000
0.196078 0.3921568627 0.6078431373 0.0000000000 1.0000000000
0.200000 0.4000000000 0.6000000000 0.0000000000 1.0000000000
0.203922 0.4078431373 0.5921568627 0.0000000000 1.0000000000
0.207843 0.4156862745 0.5843137255 0.0000000000 1.0000000000
0.211765 0.4235294118 0.5764705882 0.0000000000 1.0000000000
0.215686 0.4313725490 0.5686274510 0.0000000000 1.0000000000
0.219608 0.4392156863 0.5607843137 0.0000000000 1.0000000000
0.223529 0.4470588235 0.5529411765 0.0000000000 1.0000000000
0.227451 0.4549019608 0.5450980392 0.0000000000 1.0000000000
0.231373 0.4627450980 0.5372549020 0.0000000000 1.0000000000
0.235294 0.4705882353 0.5294117647 0.0000000000 1.0000000000
0.239216 0.4784313725 0.5215686275 0.0000000000 1.0000000000
0.243137 0.4862745098 0.5137254902 0.0000000000 1.0000000000
0.247059 0.4941176471 0.5058823529 0.0000000000 1.0000000000
0.250980 0.5019607843 0.4980392157 0.0000000000 1.0000000000
0.254902 0.5098039216 0.4901960784 0.0000000000 1.0000000000
0.258824 0.5176470588 0.4823529412 0.0000000000 1.0000000000
0.262745 0.5254901961 0.4745098039 0.0000000000 1.0000000000
0.266667 0.5333333333 0.4666666667 0.0000000000 1.0000000000
0.270588 0.5411764706 0.4588235294 0.0000000000 1.0000000000
0.274510 0.5490196078 0.4509803922 0.0000000000 1.0000000000
0.278431 0.5568627451 0.4431372549 0.0000000000 1.0000000000
0.282353 0.5647058824 0.4352941176 0.0000000000 1.0000000000
0.286275 0.5725490196 0.4274509804 0.0000000000 1.0000000000
0.290196 0.5803921569 0.4196078431 0.0000000000 1.0000000000
0.294118 0.5882352941 0.4117647059 0.0000000000 1.0000000000
0.298039 0.5960784314 0.4039215686 0.0000000000 1.0000000000
0.301961 0.6039215686 0.3960784314 0.0000000000 1.0000000000
0.305882 0.6117647059 0.3882352941 0.0000000000 1.0000000000
0.309804 0.6196078431 0.3803921569 0.0000000000 1.0000000000
0.313725 0.6274509804 0.3725490196 0.0000000000 1.0000000000
0.317647 0.6352941176 0.3647058824 0.0000000000 1.0000000000
0.321569 0.6431372549 0.3568627451 0.0000000000 1.0000000000
0.325490 0.6509803922 0.3490196078 0.0000000000 1.0000000000
0.329412 0.6588235294 0.3411764706 0.0000000000 1.0000000000
0.333333 0.6666666667 0.3333333333 0.0000000000 1.0000000000
0.337255 0.6745098039 0.3254901961 0.0000000000 1.0000000000
0.341176 0.6823529412 0.3176470588 0.0000000000 1.0000000000
0.345098 0.6901960784 0.3098039216 0.0000000000 1.0000000000
0.349020 0.6980392157 0.3019607843 0.0000000000 1.0000000000
0.352941 0.7058823529 0.2941176471 0.0000000000 1.0000000000
0.356863 0.7137254902 0.2862745098 0.0000000000 1.0000000000
0.360784 0.7215686275 0.2784313725 0.0000000000 1.0000000000
0.364706 0.7294117647 0.2705882353 0.0000000000 1.0000000000
0.368627 0.7372549020 0.2627450980 0.0000000000 1.0000000000
0.372549 0.7450980392 0.2549019608 0.0000000000 1.0000000000
0.376471 0.7529411765 0.2470588235 0.0000000000 1.0000000000
0.380392 0.7607843137 0.2392156863 0.0000000000 1.0000000000
0.384314 0.7686274510 0.2313725490 0.0000000000 1.0000000000
0.388235 0.7764705882 0.2235294118 0.0000000000 1.0000000000
0.392157 0.7843137255 0.2156862745 0.0000000000 1.0000000000
0.396078 0.7921568627 0.2078431373 0.0000000000 1.0000000000
0.400000 0.8000000000 0.2000000000 0.0000000000 1.0000000000
0.403922 0.8078431373 0.1921568627 0.0000000000 1.0000000000
0.407843 0.8156862745 0.1843137255 0.0000000000 1.0000000000
0.411765 0.8235294118 0.1764705882 0.0000000000 1.0000000000
0.415686 0.8313725490 0.1686274510 0.0000000000 1.0000000000
0.419608 0.8392156863 0.1607843137 0.0000000000 1.0000000000
0.423529 0.8470588235 0.1529411765 0.0000000000 1.0000000000
0.427451 0.8549019608 0.1450980392 0.0000000000 1.0000000000
0.431373 0.8627450980 0.1372549020 0.0000000000 1.0000000000
0.435294 0.8705882353 0.1294117647 0.0000000000 1.0000000000
0.439216 0.8784313725 0.1215686275 0.0000000000 1.0000000000
0.443137 0.8862745098 0.1137254902 0.0000000000 1.0000000000
0.447059 0.8941176471 0.1058823529 0.0000000000 1.0000000000
0.450980 0.9019607843 0.0980392157 0.0000000000 1.0000000000
0.454902 0.9098039216 0.0901960784 0.0000000000 1.0000000000
0.458824 0.9176470588 0.0823529412 0.0000000000 1.0000000000
0.462745 0.9254901961 0.0745098039 0.0000000000 1.0000000000
0.466667 0.9333333333 0.0666666667 0.0000000000 1.0000000000
0.470588 0.9411764706 0.0588235294 0.0000000000 1.0000000000
0.474510 0.9490196078 0.0509803922 0.0000000000 1.0000000000
0.478431 0.9568627451 0.0431372549 0.0000000000 1.0000000000
0.482353 0.9647058824 0.0352941176 0.0000000000 1.0000000000
0.486275 0.9725490196 0.0274509804 0.0000000000 1.0000000000
0.490196 0.9803921569 0.0196078431 0.0000000000 1.0000000000
0.494118 0.9882352941 0.0117647059 0.0000000000 1.0000000000
0.498039 0.9960784314 0.0039215686 0.0000000000 1.0000000000
0.501961 0.9960784314 0.0000000000 0.0039215686 1.0000000000
0.505882 0.9882352941 0.0000000000 0.0117647059 1.0000000000
0.509804 0.9803921569 0.0000000000 0.0196078431 1.0000000000
0.513725 0.9725490196 0.0000000000 0.0274509804 1.0000000000
0.517647 0.9647058824 0.0000000000 0.0352941176 1.0000000000
0.521569 0.9568627451 0.0000000000 0.0431372549 1.0000000000
0.525490 0.9490196078 0.0000000000 0.0509803922 1.0000000000
0.529412 0.9411764706 0.0000000000 0.0588235294 1.0000000000
0.533333 0.9333333333 0.0000000000 0.0666666667 1.0000000000
0.537255 0.9254901961 0.0000000000 0.0745098039 1.0000000000
0.541176 0.9176470588 0.0000000000 0.0823529412 1.0000000000
0.545098 0.9098039216 0.0000000000 0.0901960784 1.0000000000
0.549020 0.9019607843 0.0000000000 0.0980392157 1.0000000000
0.552941 0.8941176471 0.0000000000 0.1058823529 1.0000000000
0.556863 0.8862745098 0.0000000000 0.1137254902 1.0000000000
0.560784 0.8784313725 0.0000000000 0.1215686275 1.0000000000
0.564706 0.8705882353 0.0000000000 0.1294117647 1.0000000000
0.568627 0.8627450980 0.0000000000 0.1372549020 1.0000000000
0.572549 0.8549019608 0.0000000000 0.1450980392 1.0000000000
0.576471 0.8470588235 0.0000000000 0.1529411765 1.0000000000
0.580392 0.8392156863 0.0000000000 0.1607843137 1.0000000000
0.584314 0.8313725490 0.0000000000 0.1686274510 1.0000000000
0.588235 0.8235294118 0.0000000000 0.1764705882 1.0000000000
0.592157 0.8156862745 0.0000000000 0.1843137255 1.0000000000
0.596078 0.8078431373 0.0000000000 0.1921568627 1.0000000000
0.600000 0.8000000000 0.0000000000 0.2000000000 1.0000000000
0.603922 0.7921568627 0.0000000000 0.2078431373 1.0000000000
0.607843 0.7843137255 0.0000000000 0.2156862745 1.0000000000
0.611765 0.7764705882 0.0000000000 0.2235294118 1.0000000000
0.615686 0.7686274510 0.0000000000 0.2313725490 1.0000000000
0.619608 0.7607843137 0.0000000000 0.2392156863 1.0000000000
0.623529 0.7529411765 0.0000000000 0.2470588235 1.0000000000
0.627451 0.7450980392 0.0000000000 0.2549019608 1.0000000000
0.631373 0.7372549020 0.0000000000 0.2627450980 1.0000000000
0.635294 0.7294117647 0.0000000000 0.2705882353 1.0000000000
0.639216 0.7215686275 0.0000000000 0.2784313725 1.0000000000
0.643137 0.7137254902 0.0000000000 0.2862745098 1.0000000000
0.647059 0.7058823529 0.0000000000 0.2941176471 1.0000000000
0.650980 0.6980392157 0.0000000000 0.3019607843 1.0000000000
0.654902 0.6901960784 0.0000000000 0.3098039216 1.0000000000
0.658824 0.6823529412 0.0000000000 0.3176470588 1.0000000000
0.662745 0.6745098039 0.0000000000 0.3254901961 1.0000000000
0.666667 0.6666666667 0.0000000000 0.3333333333 1.0000000000
0.670588 0.6588235294 0.0000000000 0.3411764706 1.0000000000
0.674510 0.6509803922 0.0000000000 0.3490196078 1.0000000000
0.678431 0.6431372549 0.0000000000 0.3568627451 1.0000000000
0.682353 0.6352941176 0.0000000000 0.3647058824 1.0000000000
0.686275 0.6274509804 0.0000000000 0.3725490196 1.0000000000
0.690196 0.6196078431 0.0000000000 0.3803921569 1.0000000000
0.694118 0.6117647059 0.0000000000 0.3882352941 1.0000000000
0.698039 0.6039215686 0.0000000000 0.3960784314 1.0000000000
0.701961 0.5960784314 0.0000000000 0.4039215686 1.0000000000
0.705882 0.5882352941 0.0000000000 0.4117647059 1.0000000000
0.709804 0.5803921569 0.0000000000 0.4196078431 1.0000000000
0.713725 0.5725490196 0.0000000000 0.4274509804 1.0000000000
0.717647 0.5647058824 0.0000000000 0.4352941176 1.0000000000
0.721569 0.5568627451 0.0000000000 0.4431372549 1.0000000000
0.725490 0.5490196078 0.0000000000 0.4509803922 1.0000000000
0.729412 0.5411764706 0.0000000000 0.4588235294 1.0000000000
0.733333 0.5333333333 0.0000000000 0.4666666667 1.0000000000
0.737255 0.5254901961 0.0000000000 0.4745098039 1.0000000000
0.741176 0.5176470588 0.0000000000 0.4823529412 1.0000000000
0.745098 0.5098039216 0.0000000000 0.4901960784 1.0000000000
0.749020 0.5019607843 0.0000000000 0.4980392157 1.0000000000
0.752941 0.4941176471 0.0000000000 0.5058823529 1.0000000000
0.756863 0.4862745098 0.0000000000 0.5137254902 1.0000000000
0.760784 0.4784313725 0.0000000000 0.5215686275 1.0000000000
0.764706 0.4705882353 0.0000000000 0.5294117647 1.0000000000
0.768627 0.4627450980 0.0000000000 0.5372549020 1.0000000000
0.772549 0.4549019608 0.0000000000 0.5450980392 1.0000000000
0.776471 0.4470588235 0.0000000000 0.5529411765 1.0000000000
0.780392 0.4392156863 0.0000000000 0.5607843137 1.0000000000
0.784314 0.4313725490 0.0000000000 0.5686274510 1.0000000000
0.788235 0.4235294118 0.0000000000 0.5764705882 1.0000000000
0.792157 0.4156862745 0.0000000000 0.5843137255 1.0000000000
0.796078 0.4078431373 0.0000000000 0.5921568627 1.0000000000
0.800000 0.4000000000 0.0000000000 0.6000000000 1.0000000000
0.803922 0.3921568627 0.0000000000 0.6078431373 1.0000000000
0.807843 0.3843137255 0.0000000000 0.6156862745 1.0000000000
0.811765 0.3764705882 0.0000000000 0.6235294118 1.0000000000
0.815686 0.3686274510 0.0000000000 0.6313725490 1.0000000000
0.819608 0.3607843137 0.0000000000 0.6392156863 1.0000000000
0.823529 0.3529411765 0.0000000000 0.6470588235 1.0000000000
0.827451 0.3450980392 0.0000000000 0.6549019608 1.0000000000
0.831373 0.3372549020 0.0000000000 0.6627450980 1.0000000000
0.835294 0.3294117647 0.0000000000 0.6705882353 1.0000000000
0.839216 0.3215686275 0.0000000000 0.6784313725 1.0000000000
0.843137 0.3137254902 0.0000000000 0.6862745098 1.0000000000
0.847059 0.3058823529 0.0000000000 0.6941176471 1.0000000000
0.850980 0.2980392157 0.0000000000 0.7019607843 1.0000000000
0.854902 0.2901960784 0.0000000000 0.7098039216 1.0000000000
0.858824 0.2823529412 0.0000000000 0.7176470588 1.0000000000
0.862745 0.2745098039 0.0000000000 0.7254901961 1.0000000000
0.866667 0.2666666667 0.0000000000 0.7333333333 1.0000000000
0.870588 0.2588235294 0.0000000000 0.7411764706 1.0000000000
0.874510 0.2509803922 0.0000000000 0.7490196078 1.0000000000
0.878431 0.2431372549 0.0000000000 0.7568627451 1.0000000000
0.882353 0.2352941176 0.0000000000 0.7647058824 1.0000000000
0.886275 0.2274509804 0.0000000000 0.7725490196 1.0000000000
0.890196 0.2196078431 0.0000000000 0.7803921569 1.0000000000
0.894118 0.2117647059 0.0000000000 0.7882352941 1.0000000000
0.898039 0.2039215686 0.0000000000 0.7960784314 1.0000000000
0.901961 0.1960784314 0.0000000000 0.8039215686 1.0000000000
0.905882 0.1882352941 0.0000000000 0.8117647059 1.0000000000
0.909804 0.1803921569 0.0000000000 0.8196078431 1.0000000000
0.913725 0.1725490196 0.0000000000 0.8274509804 1.0000000000
0.917647 0.1647058824 0.0000000000 0.8352941176 1.0000000000
0.921569 0.1568627451 0.0000000000 0.8431372549 1.0000000000
0.925490 0.1490196078 0.0000000000 0.8509803922 1.0000000000
0.929412 0.1411764706 0.0000000000 0.8588235294 1.0000000000
0.933333 0.1333333333 0.0000000000 0.8666666667 1.0000000000
0.937255 0.1254901961 0.0000000000 0.8745098039 1.0000000000
0.941176 0.1176470588 0.0000000000 0.8823529412 1.0000000000
0.945098 0.1098039216 0.0000000000 0.8901960784 1.0000000000
0.949020 0.1019607843 0.0000000000 0.8980392157 1.0000000000
0.952941 0.0941176471 0.0000000000 0.9058823529 1.0000000000
0.956863 0.0862745098 0.0000000000 0.9137254902 1.0000000000
0.960784 0.0784313725 0.0000000000 0.9215686275 1.0000000000
0.964706 0.0705882353 0.0000000000 0.9294117647 1.0000000000
0.968627 0.0627450980 0.0000000000 0.9372549020 1.0000000000
0.972549 0.0549019608 0.0000000000 0.9450980392 1.0000000000
0.976471 0.0470588235 0.0000000000 0.9529411765 1.0000000000
0.980392 0.0392156863 0.0000000000 0.9607843137 1.0000000000
0.984314 0.0313725490 0.0000000000 0.9686274510 1.0000000000
0.988235 0.0235294118 0.0000000000 0.9764705882 1.0000000000
0.992157 0.0156862745 0.0000000000 0.9843137255 1.0000000000
0.996078 0.0078431373 0.0000000000 0.9921568627 1.0000000000
1.000000 0.0000000000 0.0000000000 1.0000000000 1.0000000000
