0.000000 0.0000000000 0.2666666667 0.1058823529 1.0000000000
0.003922 0.0000000000 0.2717108804 0.1079738562 1.0000000000
0.007843 0.0000000000 0.2767550942 0.1100653595 1.0000000000
0.011765 0.0000000000 0.2817993080 0.1121568627 1.0000000000
0.015686 0.0000000000 0.2868435217 0.1142483660 1.0000000000
0.019608 0.0000000000 0.2918877355 0.1163398693 1.0000000000
0.023529 0.0000000000 0.2969319493 0.1184313725 1.0000000000
0.027451 0.0000000000 0.3019761630 0.1205228758 1.0000000000
0.031373 0.0000000000 0.3070203768 0.1226143791 1.0000000000
0.035294 0.0000000000 0.3120645905 0.1247058824 1.0000000000
0.039216 0.0000000000 0.3171088043 0.1267973856 1.0000000000
0.043137 0.0000000000 0.3221530181 0.1288888889 1.0000000000
0.047059 0.0000000000 0.3271972318 0.1309803922 1.0000000000
0.050980 0.0000000000 0.3322414456 0.1330718954 1.0000000000
0.054902 0.0000000000 0.3372856594 0.1351633987 1.0000000000
0.058824 0.0000000000 0.3423298731 0.1372549020 1.0000000000
0.062745 0.0000000000 0.3473740869 0.1393464052 1.0000000000
0.066667 0.0000000000 0.3524183007 0.1414379085 1.0000000000
0.070588 0.0000000000 0.3574625144 0.1435294118 1.0000000000
0.074510 0.0000000000 0.3625067282 0.1456209150 1.0000000000
0.078431 0.0000000000 0.3675509419 0.1477124183 1.0000000000
0.082353 0.0000000000 0.3725951557 0.1498039216 1.0000000000
0.086275 0.0000000000 0.3776393695 0.1518954248 1.0000000000
0.090196 0.0000000000 0.3826835832 0.1539869281 1.0000000000
0.094118 0.0000000000 0.3877277970 0.1560784314 1.0000000000
0.098039 0.0000000000 0.3927720108 0.1581699346 1.0000000000
0.101961 0.0000000000 0.3978162245 0.1602614379 1.0000000000
0.105882 0.0000000000 0.4028604383 0.1623529412 1.0000000000
0.109804 0.0000000000 0.4079046521 0.1644444444 1.0000000000
0.113725 0.0000000000 0.4129488658 0.1665359477 1.0000000000
0.117647 0.0000000000 0.4179930796 0.1686274510 1.0000000000
0.121569 0.0000000000 0.4230372933 0.1707189542 1.0000000000
0.125490 0.0005382545 0.4279123414 0.1729334871 1.0000000000
0.129412 0.0048442907 0.4316032295 0.1760092272 1.0000000000
0.133333 0.0091503268 0.4352941176 0.1790849673 1.0000000000
0.137255 0.0134563629 0.4389850058 0.1821607074 1.0000000000
0.141176 0.0177623991 0.4426758939 0.1852364475 1.0000000000
0.145098 0.0220684352 0.4463667820 0.1883121876 1.0000000000
0.149020 0.0263744714 0.4500576701 0.1913879277 1.0000000000
0.152941 0.0306805075 0.4537485582 0.1944636678 1.0000000000
0.156863 0.0349865436 0.4574394464 0.1975394079 1.0000000000
0.160784 0.0392925798 0.4611303345 0.2006151480 1.0000000000
0.164706 0.0435986159 0.4648212226 0.2036908881 1.0000000000
0.168627 0.0479046521 0.4685121107 0.2067666282 1.0000000000
0.172549 0.0522106882 0.4722029988 0.2098423683 1.0000000000
0.176471 0.0565167243 0.4758938870 0.2129181084 1.0000000000
0.180392 0.0608227605 0.4795847751 0.2159938485 1.0000000000
0.184314 0.0651287966 0.4832756632 0.2190695886 1.0000000000
0.188235 0.0694348328 0.4869665513 0.2221453287 1.0000000000
0.192157 0.0737408689 0.4906574394 0.2252210688 1.0000000000
0.196078 0.0780469050 0.4943483276 0.2282968089 1.0000000000
0.200000 0.0823529412 0.4980392157 0.2313725490 1.0000000000
0.203922 0.0866589773 0.5017301038 0.2344482891 1.0000000000
0.207843 0.0909650135 0.5054209919 0.2375240292 1.0000000000
0.211765 0.0952710496 0.5091118800 0.2405997693 1.0000000000
0.215686 0.0995770857 0.5128027682 0.2436755094 1.0000000000
0.219608 0.1038831219 0.5164936563 0.2467512495 1.0000000000
0.223529 0.1081891580 0.5201845444 0.2498269896 1.0000000000
0.227451 0.1124951942 0.5238754325 0.2529027297 1.0000000000
0.231373 0.1168012303 0.5275663206 0.2559784698 1.0000000000
0.235294 0.1211072664 0.5312572088 0.2590542099 1.0000000000
0.239216 0.1254133026 0.5349480969 0.2621299500 1.0000000000
0.243137 0.1297193387 0.5386389850 0.2652056901 1.0000000000
0.247059 0.1340253749 0.5423298731 0.2682814302 1.0000000000
0.250980 0.1381776240 0.5461745483 0.2720953479 1.0000000000
0.254902 0.1418685121 0.5504805844 0.2781237985 1.0000000000
0.258824 0.1455594002 0.5547866205 0.2841522491 1.0000000000
0.262745 0.1492502884 0.5590926567 0.2901806997 1.0000000000
0.266667 0.1529411765 0.5633986928 0.2962091503 1.0000000000
0.270588 0.1566320646 0.5677047290 0.3022376009 1.0000000000
0.274510 0.1603229527 0.5720107651 0.3082660515 1.0000000000
0.278431 0.1640138408 0.5763168012 0.3142945021 1.0000000000
0.282353 0.1677047290 0.5806228374 0.3203229527 1.0000000000
0.286275 0.1713956171 0.5849288735 0.3263514033 1.0000000000
0.290196 0.1750865052 0.5892349097 0.3323798539 1.0000000000
0.294118 0.1787773933 0.5935409458 0.3384083045 1.0000000000
0.298039 0.1824682814 0.5978469819 0.3444367551 1.0000000000
0.301961 0.1861591696 0.6021530181 0.3504652057 1.0000000000
0.305882 0.1898500577 0.6064590542 0.3564936563 1.0000000000
0.309804 0.1935409458 0.6107650903 0.3625221069 1.0000000000
0.313725 0.1972318339 0.6150711265 0.3685505575 1.0000000000
0.317647 0.2009227220 0.6193771626 0.3745790081 1.0000000000
0.321569 0.2046136101 0.6236831988 0.3806074587 1.0000000000
0.325490 0.2083044983 0.6279892349 0.3866359093 1.0000000000
0.329412 0.2119953864 0.6322952710 0.3926643599 1.0000000000
0.333333 0.2156862745 0.6366013072 0.3986928105 1.0000000000
0.337255 0.2193771626 0.6409073433 0.4047212611 1.0000000000
0.341176 0.2230680507 0.6452133795 0.4107497116 1.0000000000
0.345098 0.2267589389 0.6495194156 0.4167781622 1.0000000000
0.349020 0.2304498270 0.6538254517 0.4228066128 1.0000000000
0.352941 0.2341407151 0.6581314879 0.4288350634 1.0000000000
0.356863 0.2378316032 0.6624375240 0.4348635140 1.0000000000
0.360784 0.2415224913 0.6667435602 0.4408919646 1.0000000000
0.364706 0.2452133795 0.6710495963 0.4469204152 1.0000000000
0.368627 0.2489042676 0.6753556324 0.4529488658 1.0000000000
0.372549 0.2525951557 0.6796616686 0.4589773164 1.0000000000
0.376471 0.2566089965 0.6832756632 0.4648673587 1.0000000000
0.380392 0.2611610919 0.6857362553 0.4705267205 1.0000000000
0.384314 0.2657131872 0.6881968474 0.4761860823 1.0000000000
0.388235 0.2702652826 0.6906574394 0.4818454441 1.0000000000
0.392157 0.2748173779 0.6931180315 0.4875048058 1.0000000000
0.396078 0.2793694733 0.6955786236 0.4931641676 1.0000000000
0.400000 0.2839215686 0.6980392157 0.4988235294 1.0000000000
0.403922 0.2884736640 0.7004998078 0.5044828912 1.0000000000
0.407843 0.2930257593 0.7029603998 0.5101422530 1.0000000000
0.411765 0.2975778547 0.7054209919 0.5158016148 1.0000000000
0.415686 0.3021299500 0.7078815840 0.5214609765 1.0000000000
0.419608 0.3066820454 0.7103421761 0.5271203383 1.0000000000
0.423529 0.3112341407 0.7128027682 0.5327797001 1.0000000000
0.427451 0.3157862361 0.7152633602 0.5384390619 1.0000000000
0.431373 0.3203383314 0.7177239523 0.5440984237 1.0000000000
0.435294 0.3248904268 0.7201845444 0.5497577855 1.0000000000
0.439216 0.3294425221 0.7226451365 0.5554171473 1.0000000000
0.443137 0.3339946175 0.7251057286 0.5610765090 1.0000000000
0.447059 0.3385467128 0.7275663206 0.5667358708 1.0000000000
0.450980 0.3430988082 0.7300269127 0.5723952326 1.0000000000
0.454902 0.3476509035 0.7324875048 0.5780545944 1.0000000000
0.458824 0.3522029988 0.7349480969 0.5837139562 1.0000000000
0.462745 0.3567550942 0.7374086890 0.5893733180 1.0000000000
0.466667 0.3613071895 0.7398692810 0.5950326797 1.0000000000
0.470588 0.3658592849 0.7423298731 0.6006920415 1.0000000000
0.474510 0.3704113802 0.7447904652 0.6063514033 1.0000000000
0.478431 0.3749634756 0.7472510573 0.6120107651 1.0000000000
0.482353 0.3795155709 0.7497116494 0.6176701269 1.0000000000
0.486275 0.3840676663 0.7521722414 0.6233294887 1.0000000000
0.490196 0.3886197616 0.7546328335 0.6289888504 1.0000000000
0.494118 0.3931718570 0.7570934256 0.6346482122 1.0000000000
0.498039 0.3977239523 0.7595540177 0.6403075740 1.0000000000
0.501961 0.4031372549 0.7621376394 0.6454133026 1.0000000000
0.505882 0.4094117647 0.7648442907 0.6499653979 1.0000000000
0.509804 0.4156862745 0.7675509419 0.6545174933 1.0000000000
0.513725 0.4219607843 0.7702575932 0.6590695886 1.0000000000
0.517647 0.4282352941 0.7729642445 0.6636216840 1.0000000000
0.521569 0.4345098039 0.7756708958 0.6681737793 1.0000000000
0.525490 0.4407843137 0.7783775471 0.6727258747 1.0000000000
0.529412 0.4470588235 0.7810841984 0.6772779700 1.0000000000
0.533333 0.4533333333 0.7837908497 0.6818300654 1.0000000000
0.537255 0.4596078431 0.7864975010 0.6863821607 1.0000000000
0.541176 0.4658823529 0.7892041522 0.6909342561 1.0000000000
0.545098 0.4721568627 0.7919108035 0.6954863514 1.0000000000
0.549020 0.4784313725 0.7946174548 0.7000384468 1.0000000000
0.552941 0.4847058824 0.7973241061 0.7045905421 1.0000000000
0.556863 0.4909803922 0.8000307574 0.7091426374 1.0000000000
0.560784 0.4972549020 0.8027374087 0.7136947328 1.0000000000
0.564706 0.5035294118 0.8054440600 0.7182468281 1.0000000000
0.568627 0.5098039216 0.8081507113 0.7227989235 1.0000000000
0.572549 0.5160784314 0.8108573626 0.7273510188 1.0000000000
0.576471 0.5223529412 0.8135640138 0.7319031142 1.0000000000
0.580392 0.5286274510 0.8162706651 0.7364552095 1.0000000000
0.584314 0.5349019608 0.8189773164 0.7410073049 1.0000000000
0.588235 0.5411764706 0.8216839677 0.7455594002 1.0000000000
0.592157 0.5474509804 0.8243906190 0.7501114956 1.0000000000
0.596078 0.5537254902 0.8270972703 0.7546635909 1.0000000000
0.600000 0.5600000000 0.8298039216 0.7592156863 1.0000000000
0.603922 0.5662745098 0.8325105729 0.7637677816 1.0000000000
0.607843 0.5725490196 0.8352172241 0.7683198770 1.0000000000
0.611765 0.5788235294 0.8379238754 0.7728719723 1.0000000000
0.615686 0.5850980392 0.8406305267 0.7774240677 1.0000000000
0.619608 0.5913725490 0.8433371780 0.7819761630 1.0000000000
0.623529 0.5976470588 0.8460438293 0.7865282584 1.0000000000
0.627451 0.6039215686 0.8485966936 0.7904652057 1.0000000000
0.631373 0.6101960784 0.8510572857 0.7940330642 1.0000000000
0.635294 0.6164705882 0.8535178777 0.7976009227 1.0000000000
0.639216 0.6227450980 0.8559784698 0.8011687812 1.0000000000
0.643137 0.6290196078 0.8584390619 0.8047366398 1.0000000000
0.647059 0.6352941176 0.8608996540 0.8083044983 1.0000000000
0.650980 0.6415686275 0.8633602461 0.8118723568 1.0000000000
0.654902 0.6478431373 0.8658208381 0.8154402153 1.0000000000
0.658824 0.6541176471 0.8682814302 0.8190080738 1.0000000000
0.662745 0.6603921569 0.8707420223 0.8225759323 1.0000000000
0.666667 0.6666666667 0.8732026144 0.8261437908 1.0000000000
0.670588 0.6729411765 0.8756632065 0.8297116494 1.0000000000
0.674510 0.6792156863 0.8781237985 0.8332795079 1.0000000000
0.678431 0.6854901961 0.8805843906 0.8368473664 1.0000000000
0.682353 0.6917647059 0.8830449827 0.8404152249 1.0000000000
0.686275 0.6980392157 0.8855055748 0.8439830834 1.0000000000
0.690196 0.7043137255 0.8879661669 0.8475509419 1.0000000000
0.694118 0.7105882353 0.8904267589 0.8511188005 1.0000000000
0.698039 0.7168627451 0.8928873510 0.8546866590 1.0000000000
0.701961 0.7231372549 0.8953479431 0.8582545175 1.0000000000
0.705882 0.7294117647 0.8978085352 0.8618223760 1.0000000000
0.709804 0.7356862745 0.9002691273 0.8653902345 1.0000000000
0.713725 0.7419607843 0.9027297193 0.8689580930 1.0000000000
0.717647 0.7482352941 0.9051903114 0.8725259516 1.0000000000
0.721569 0.7545098039 0.9076509035 0.8760938101 1.0000000000
0.725490 0.7607843137 0.9101114956 0.8796616686 1.0000000000
0.729412 0.7670588235 0.9125720877 0.8832295271 1.0000000000
0.733333 0.7733333333 0.9150326797 0.8867973856 1.0000000000
0.737255 0.7796078431 0.9174932718 0.8903652441 1.0000000000
0.741176 0.7858823529 0.9199538639 0.8939331027 1.0000000000
0.745098 0.7921568627 0.9224144560 0.8975009612 1.0000000000
0.749020 0.7984313725 0.9248750481 0.9010688197 1.0000000000
0.752941 0.8023068051 0.9263206459 0.9037139562 1.0000000000
0.756863 0.8053825452 0.9274279123 0.9060515186 1.0000000000
0.760784 0.8084582853 0.9285351788 0.9083890811 1.0000000000
0.764706 0.8115340254 0.9296424452 0.9107266436 1.0000000000
0.768627 0.8146097655 0.9307497116 0.9130642061 1.0000000000
0.772549 0.8176855056 0.9318569781 0.9154017686 1.0000000000
0.776471 0.8207612457 0.9329642445 0.9177393310 1.0000000000
0.780392 0.8238369858 0.9340715110 0.9200768935 1.0000000000
0.784314 0.8269127259 0.9351787774 0.9224144560 1.0000000000
0.788235 0.8299884660 0.9362860438 0.9247520185 1.0000000000
0.792157 0.8330642061 0.9373933103 0.9270895809 1.0000000000
0.796078 0.8361399462 0.9385005767 0.9294271434 1.0000000000
0.800000 0.8392156863 0.9396078431 0.9317647059 1.0000000000
0.803922 0.8422914264 0.9407151096 0.9341022684 1.0000000000
0.807843 0.8453671665 0.9418223760 0.9364398308 1.0000000000
0.811765 0.8484429066 0.9429296424 0.9387773933 1.0000000000
0.815686 0.8515186467 0.9440369089 0.9411149558 1.0000000000
0.819608 0.8545943868 0.9451441753 0.9434525183 1.0000000000
0.823529 0.8576701269 0.9462514418 0.9457900807 1.0000000000
0.827451 0.8607458670 0.9473587082 0.9481276432 1.0000000000
0.831373 0.8638216071 0.9484659746 0.9504652057 1.0000000000
0.835294 0.8668973472 0.9495732411 0.9528027682 1.0000000000
0.839216 0.8699730873 0.9506805075 0.9551403306 1.0000000000
0.843137 0.8730488274 0.9517877739 0.9574778931 1.0000000000
0.847059 0.8761245675 0.9528950404 0.9598154556 1.0000000000
0.850980 0.8792003076 0.9540023068 0.9621530181 1.0000000000
0.854902 0.8822760477 0.9551095732 0.9644905805 1.0000000000
0.858824 0.8853517878 0.9562168397 0.9668281430 1.0000000000
0.862745 0.8884275279 0.9573241061 0.9691657055 1.0000000000
0.866667 0.8915032680 0.9584313725 0.9715032680 1.0000000000
0.870588 0.8945790081 0.9595386390 0.9738408304 1.0000000000
0.874510 0.8976547482 0.9606459054 0.9761783929 1.0000000000
0.878431 0.8999769319 0.9615378700 0.9769011918 1.0000000000
0.882353 0.9021914648 0.9623990773 0.9773933103 1.0000000000
0.886275 0.9044059977 0.9632602845 0.9778854287 1.0000000000
0.890196 0.9066205306 0.9641214917 0.9783775471 1.0000000000
0.894118 0.9088350634 0.9649826990 0.9788696655 1.0000000000
0.898039 0.9110495963 0.9658439062 0.9793617839 1.0000000000
0.901961 0.9132641292 0.9667051134 0.9798539023 1.0000000000
0.905882 0.9154786621 0.9675663206 0.9803460208 1.0000000000
0.909804 0.9176931949 0.9684275279 0.9808381392 1.0000000000
0.913725 0.9199077278 0.9692887351 0.9813302576 1.0000000000
0.917647 0.9221222607 0.9701499423 0.9818223760 1.0000000000
0.921569 0.9243367935 0.9710111496 0.9823144944 1.0000000000
0.925490 0.9265513264 0.9718723568 0.9828066128 1.0000000000
0.929412 0.9287658593 0.9727335640 0.9832987313 1.0000000000
0.933333 0.9309803922 0.9735947712 0.9837908497 1.0000000000
0.937255 0.9331949250 0.9744559785 0.9842829681 1.0000000000
0.941176 0.9354094579 0.9753171857 0.9847750865 1.0000000000
0.945098 0.9376239908 0.9761783929 0.9852672049 1.0000000000
0.949020 0.9398385236 0.9770396002 0.9857593233 1.0000000000
0.952941 0.9420530565 0.9779008074 0.9862514418 1.0000000000
0.956863 0.9442675894 0.9787620146 0.9867435602 1.0000000000
0.960784 0.9464821223 0.9796232218 0.9872356786 1.0000000000
0.964706 0.9486966551 0.9804844291 0.9877277970 1.0000000000
0.968627 0.9509111880 0.9813456363 0.9882199154 1.0000000000
0.972549 0.9531257209 0.9822068435 0.9887120338 1.0000000000
0.976471 0.9553402537 0.9830680507 0.9892041522 1.0000000000
0.980392 0.9575547866 0.9839292580 0.9896962707 1.0000000000
0.984314 0.9597693195 0.9847904652 0.9901883891 1.0000000000
0.988235 0.9619838524 0.9856516724 0.9906805075 1.0000000000
0.992157 0.9641983852 0.9865128797 0.9911726259 1.0000000000
0.996078 0.9664129181 0.9873740869 0.9916647443 1.0000000000
1.000000 0.9686274510 0.9882352941 0.9921568627 1.0000000000
