0.000000 0.9686274510 0.9882352941 0.9921568627 1.0000000000
0.003922 0.9657977701 0.9862668205 0.9910495963 1.0000000000
0.007843 0.9629680892 0.9842983468 0.9899423299 1.0000000000
0.011765 0.9601384083 0.9823298731 0.9888350634 1.0000000000
0.015686 0.9573087274 0.9803613995 0.9877277970 1.0000000000
0.019608 0.9544790465 0.9783929258 0.9866205306 1.0000000000
0.023529 0.9516493656 0.9764244521 0.9855132641 1.0000000000
0.027451 0.9488196847 0.9744559785 0.9844059977 1.0000000000
0.031373 0.9459900038 0.9724875048 0.9832987313 1.0000000000
0.035294 0.9431603230 0.9705190311 0.9821914648 1.0000000000
0.039216 0.9403306421 0.9685505575 0.9810841984 1.0000000000
0.043137 0.9375009612 0.9665820838 0.9799769319 1.0000000000
0.047059 0.9346712803 0.9646136101 0.9788696655 1.0000000000
0.050980 0.9318415994 0.9626451365 0.9777623991 1.0000000000
0.054902 0.9290119185 0.9606766628 0.9766551326 1.0000000000
0.058824 0.9261822376 0.9587081892 0.9755478662 1.0000000000
0.062745 0.9233525567 0.9567397155 0.9744405998 1.0000000000
0.066667 0.9205228758 0.9547712418 0.9733333333 1.0000000000
0.070588 0.9176931949 0.9528027682 0.9722260669 1.0000000000
0.074510 0.9148635140 0.9508342945 0.9711188005 1.0000000000
0.078431 0.9120338331 0.9488658208 0.9700115340 1.0000000000
0.082353 0.9092041522 0.9468973472 0.9689042676 1.0000000000
0.086275 0.9063744714 0.9449288735 0.9677970012 1.0000000000
0.090196 0.9035447905 0.9429603998 0.9666897347 1.0000000000
0.094118 0.9007151096 0.9409919262 0.9655824683 1.0000000000
0.098039 0.8978854287 0.9390234525 0.9644752018 1.0000000000
0.101961 0.8950557478 0.9370549789 0.9633679354 1.0000000000
0.105882 0.8922260669 0.9350865052 0.9622606690 1.0000000000
0.109804 0.8893963860 0.9331180315 0.9611534025 1.0000000000
0.113725 0.8865667051 0.9311495579 0.9600461361 1.0000000000
0.117647 0.8837370242 0.9291810842 0.9589388697 1.0000000000
0.121569 0.8809073433 0.9272126105 0.9578316032 1.0000000000
0.125490 0.8779238754 0.9251057286 0.9566474433 1.0000000000
0.129412 0.8738638985 0.9220299885 0.9549250288 1.0000000000
0.133333 0.8698039216 0.9189542484 0.9532026144 1.0000000000
0.137255 0.8657439446 0.9158785083 0.9514801999 1.0000000000
0.141176 0.8616839677 0.9128027682 0.9497577855 1.0000000000
0.145098 0.8576239908 0.9097270281 0.9480353710 1.0000000000
0.149020 0.8535640138 0.9066512880 0.9463129566 1.0000000000
0.152941 0.8495040369 0.9035755479 0.9445905421 1.0000000000
0.156863 0.8454440600 0.9004998078 0.9428681276 1.0000000000
0.160784 0.8413840830 0.8974240677 0.9411457132 1.0000000000
0.164706 0.8373241061 0.8943483276 0.9394232987 1.0000000000
0.168627 0.8332641292 0.8912725875 0.9377008843 1.0000000000
0.172549 0.8292041522 0.8881968474 0.9359784698 1.0000000000
0.176471 0.8251441753 0.8851211073 0.9342560554 1.0000000000
0.180392 0.8210841984 0.8820453672 0.9325336409 1.0000000000
0.184314 0.8170242215 0.8789696271 0.9308112265 1.0000000000
0.188235 0.8129642445 0.8758938870 0.9290888120 1.0000000000
0.192157 0.8089042676 0.8728181469 0.9273663975 1.0000000000
0.196078 0.8048442907 0.8697424068 0.9256439831 1.0000000000
0.200000 0.8007843137 0.8666666667 0.9239215686 1.0000000000
0.203922 0.7967243368 0.8635909266 0.9221991542 1.0000000000
0.207843 0.7926643599 0.8605151865 0.9204767397 1.0000000000
0.211765 0.7886043829 0.8574394464 0.9187543253 1.0000000000
0.215686 0.7845444060 0.8543637063 0.9170319108 1.0000000000
0.219608 0.7804844291 0.8512879662 0.9153094963 1.0000000000
0.223529 0.7764244521 0.8482122261 0.9135870819 1.0000000000
0.227451 0.7723644752 0.8451364860 0.9118646674 1.0000000000
0.231373 0.7683044983 0.8420607459 0.9101422530 1.0000000000
0.235294 0.7642445213 0.8389850058 0.9084198385 1.0000000000
0.239216 0.7601845444 0.8359092657 0.9066974241 1.0000000000
0.243137 0.7561245675 0.8328335256 0.9049750096 1.0000000000
0.247059 0.7520645905 0.8297577855 0.9032525952 1.0000000000
0.250980 0.7480046136 0.8267435602 0.9015916955 1.0000000000
0.254902 0.7439446367 0.8239138793 0.9001153403 1.0000000000
0.258824 0.7398846597 0.8210841984 0.8986389850 1.0000000000
0.262745 0.7358246828 0.8182545175 0.8971626298 1.0000000000
0.266667 0.7317647059 0.8154248366 0.8956862745 1.0000000000
0.270588 0.7277047290 0.8125951557 0.8942099193 1.0000000000
0.274510 0.7236447520 0.8097654748 0.8927335640 1.0000000000
0.278431 0.7195847751 0.8069357939 0.8912572088 1.0000000000
0.282353 0.7155247982 0.8041061130 0.8897808535 1.0000000000
0.286275 0.7114648212 0.8012764321 0.8883044983 1.0000000000
0.290196 0.7074048443 0.7984467512 0.8868281430 1.0000000000
0.294118 0.7033448674 0.7956170704 0.8853517878 1.0000000000
0.298039 0.6992848904 0.7927873895 0.8838754325 1.0000000000
0.301961 0.6952249135 0.7899577086 0.8823990773 1.0000000000
0.305882 0.6911649366 0.7871280277 0.8809227220 1.0000000000
0.309804 0.6871049596 0.7842983468 0.8794463668 1.0000000000
0.313725 0.6830449827 0.7814686659 0.8779700115 1.0000000000
0.317647 0.6789850058 0.7786389850 0.8764936563 1.0000000000
0.321569 0.6749250288 0.7758093041 0.8750173010 1.0000000000
0.325490 0.6708650519 0.7729796232 0.8735409458 1.0000000000
0.329412 0.6668050750 0.7701499423 0.8720645905 1.0000000000
0.333333 0.6627450980 0.7673202614 0.8705882353 1.0000000000
0.337255 0.6586851211 0.7644905805 0.8691118800 1.0000000000
0.341176 0.6546251442 0.7616608997 0.8676355248 1.0000000000
0.345098 0.6505651672 0.7588312188 0.8661591696 1.0000000000
0.349020 0.6465051903 0.7560015379 0.8646828143 1.0000000000
0.352941 0.6424452134 0.7531718570 0.8632064591 1.0000000000
0.356863 0.6383852364 0.7503421761 0.8617301038 1.0000000000
0.360784 0.6343252595 0.7475124952 0.8602537486 1.0000000000
0.364706 0.6302652826 0.7446828143 0.8587773933 1.0000000000
0.368627 0.6262053057 0.7418531334 0.8573010381 1.0000000000
0.372549 0.6221453287 0.7390234525 0.8558246828 1.0000000000
0.376471 0.6187773933 0.7355017301 0.8539792388 1.0000000000
0.380392 0.6165628604 0.7308266052 0.8515186467 1.0000000000
0.384314 0.6143483276 0.7261514802 0.8490580546 1.0000000000
0.388235 0.6121337947 0.7214763552 0.8465974625 1.0000000000
0.392157 0.6099192618 0.7168012303 0.8441368704 1.0000000000
0.396078 0.6077047290 0.7121261053 0.8416762784 1.0000000000
0.400000 0.6054901961 0.7074509804 0.8392156863 1.0000000000
0.403922 0.6032756632 0.7027758554 0.8367550942 1.0000000000
0.407843 0.6010611303 0.6981007305 0.8342945021 1.0000000000
0.411765 0.5988465975 0.6934256055 0.8318339100 1.0000000000
0.415686 0.5966320646 0.6887504806 0.8293733180 1.0000000000
0.419608 0.5944175317 0.6840753556 0.8269127259 1.0000000000
0.423529 0.5922029988 0.6794002307 0.8244521338 1.0000000000
0.427451 0.5899884660 0.6747251057 0.8219915417 1.0000000000
0.431373 0.5877739331 0.6700499808 0.8195309496 1.0000000000
0.435294 0.5855594002 0.6653748558 0.8170703576 1.0000000000
0.439216 0.5833448674 0.6606997309 0.8146097655 1.0000000000
0.443137 0.5811303345 0.6560246059 0.8121491734 1.0000000000
0.447059 0.5789158016 0.6513494810 0.8096885813 1.0000000000
0.450980 0.5767012687 0.6466743560 0.8072279892 1.0000000000
0.454902 0.5744867359 0.6419992311 0.8047673972 1.0000000000
0.458824 0.5722722030 0.6373241061 0.8023068051 1.0000000000
0.462745 0.5700576701 0.6326489812 0.7998462130 1.0000000000
0.466667 0.5678431373 0.6279738562 0.7973856209 1.0000000000
0.470588 0.5656286044 0.6232987313 0.7949250288 1.0000000000
0.474510 0.5634140715 0.6186236063 0.7924644368 1.0000000000
0.478431 0.5611995386 0.6139484814 0.7900038447 1.0000000000
0.482353 0.5589850058 0.6092733564 0.7875432526 1.0000000000
0.486275 0.5567704729 0.6045982314 0.7850826605 1.0000000000
0.490196 0.5545559400 0.5999231065 0.7826220684 1.0000000000
0.494118 0.5523414072 0.5952479815 0.7801614764 1.0000000000
0.498039 0.5501268743 0.5905728566 0.7777008843 1.0000000000
0.501961 0.5490196078 0.5855901576 0.7751787774 1.0000000000
0.505882 0.5490196078 0.5802998847 0.7725951557 1.0000000000
0.509804 0.5490196078 0.5750096117 0.7700115340 1.0000000000
0.513725 0.5490196078 0.5697193387 0.7674279123 1.0000000000
0.517647 0.5490196078 0.5644290657 0.7648442907 1.0000000000
0.521569 0.5490196078 0.5591387928 0.7622606690 1.0000000000
0.525490 0.5490196078 0.5538485198 0.7596770473 1.0000000000
0.529412 0.5490196078 0.5485582468 0.7570934256 1.0000000000
0.533333 0.5490196078 0.5432679739 0.7545098039 1.0000000000
0.537255 0.5490196078 0.5379777009 0.7519261822 1.0000000000
0.541176 0.5490196078 0.5326874279 0.7493425606 1.0000000000
0.545098 0.5490196078 0.5273971549 0.7467589389 1.0000000000
0.549020 0.5490196078 0.5221068820 0.7441753172 1.0000000000
0.552941 0.5490196078 0.5168166090 0.7415916955 1.0000000000
0.556863 0.5490196078 0.5115263360 0.7390080738 1.0000000000
0.560784 0.5490196078 0.5062360631 0.7364244521 1.0000000000
0.564706 0.5490196078 0.5009457901 0.7338408304 1.0000000000
0.568627 0.5490196078 0.4956555171 0.7312572088 1.0000000000
0.572549 0.5490196078 0.4903652441 0.7286735871 1.0000000000
0.576471 0.5490196078 0.4850749712 0.7260899654 1.0000000000
0.580392 0.5490196078 0.4797846982 0.7235063437 1.0000000000
0.584314 0.5490196078 0.4744944252 0.7209227220 1.0000000000
0.588235 0.5490196078 0.4692041522 0.7183391003 1.0000000000
0.592157 0.5490196078 0.4639138793 0.7157554787 1.0000000000
0.596078 0.5490196078 0.4586236063 0.7131718570 1.0000000000
0.600000 0.5490196078 0.4533333333 0.7105882353 1.0000000000
0.603922 0.5490196078 0.4480430604 0.7080046136 1.0000000000
0.607843 0.5490196078 0.4427527874 0.7054209919 1.0000000000
0.611765 0.5490196078 0.4374625144 0.7028373702 1.0000000000
0.615686 0.5490196078 0.4321722414 0.7002537486 1.0000000000
0.619608 0.5490196078 0.4268819685 0.6976701269 1.0000000000
0.623529 0.5490196078 0.4215916955 0.6950865052 1.0000000000
0.627451 0.5487120338 0.4163783160 0.6925797770 1.0000000000
0.631373 0.5482199154 0.4112110727 0.6901191849 1.0000000000
0.635294 0.5477277970 0.4060438293 0.6876585928 1.0000000000
0.639216 0.5472356786 0.4008765859 0.6851980008 1.0000000000
0.643137 0.5467435602 0.3957093426 0.6827374087 1.0000000000
0.647059 0.5462514418 0.3905420992 0.6802768166 1.0000000000
0.650980 0.5457593233 0.3853748558 0.6778162245 1.0000000000
0.654902 0.5452672049 0.3802076125 0.6753556324 1.0000000000
0.658824 0.5447750865 0.3750403691 0.6728950404 1.0000000000
0.662745 0.5442829681 0.3698731257 0.6704344483 1.0000000000
0.666667 0.5437908497 0.3647058824 0.6679738562 1.0000000000
0.670588 0.5432987313 0.3595386390 0.6655132641 1.0000000000
0.674510 0.5428066128 0.3543713956 0.6630526720 1.0000000000
0.678431 0.5423144944 0.3492041522 0.6605920800 1.0000000000
0.682353 0.5418223760 0.3440369089 0.6581314879 1.0000000000
0.686275 0.5413302576 0.3388696655 0.6556708958 1.0000000000
0.690196 0.5408381392 0.3337024221 0.6532103037 1.0000000000
0.694118 0.5403460208 0.3285351788 0.6507497116 1.0000000000
0.698039 0.5398539023 0.3233679354 0.6482891196 1.0000000000
0.701961 0.5393617839 0.3182006920 0.6458285275 1.0000000000
0.705882 0.5388696655 0.3130334487 0.6433679354 1.0000000000
0.709804 0.5383775471 0.3078662053 0.6409073433 1.0000000000
0.713725 0.5378854287 0.3026989619 0.6384467512 1.0000000000
0.717647 0.5373933103 0.2975317186 0.6359861592 1.0000000000
0.721569 0.5369011918 0.2923644752 0.6335255671 1.0000000000
0.725490 0.5364090734 0.2871972318 0.6310649750 1.0000000000
0.729412 0.5359169550 0.2820299885 0.6286043829 1.0000000000
0.733333 0.5354248366 0.2768627451 0.6261437908 1.0000000000
0.737255 0.5349327182 0.2716955017 0.6236831988 1.0000000000
0.741176 0.5344405998 0.2665282584 0.6212226067 1.0000000000
0.745098 0.5339484814 0.2613610150 0.6187620146 1.0000000000
0.749020 0.5334563629 0.2561937716 0.6163014225 1.0000000000
0.752941 0.5326874279 0.2502883506 0.6126412918 1.0000000000
0.756863 0.5318262207 0.2441368704 0.6085813149 1.0000000000
0.760784 0.5309650135 0.2379853902 0.6045213379 1.0000000000
0.764706 0.5301038062 0.2318339100 0.6004613610 1.0000000000
0.768627 0.5292425990 0.2256824298 0.5964013841 1.0000000000
0.772549 0.5283813918 0.2195309496 0.5923414072 1.0000000000
0.776471 0.5275201845 0.2133794694 0.5882814302 1.0000000000
0.780392 0.5266589773 0.2072279892 0.5842214533 1.0000000000
0.784314 0.5257977701 0.2010765090 0.5801614764 1.0000000000
0.788235 0.5249365629 0.1949250288 0.5761014994 1.0000000000
0.792157 0.5240753556 0.1887735486 0.5720415225 1.0000000000
0.796078 0.5232141484 0.1826220684 0.5679815456 1.0000000000
0.800000 0.5223529412 0.1764705882 0.5639215686 1.0000000000
0.803922 0.5214917339 0.1703191080 0.5598615917 1.0000000000
0.807843 0.5206305267 0.1641676278 0.5558016148 1.0000000000
0.811765 0.5197693195 0.1580161476 0.5517416378 1.0000000000
0.815686 0.5189081123 0.1518646674 0.5476816609 1.0000000000
0.819608 0.5180469050 0.1457131872 0.5436216840 1.0000000000
0.823529 0.5171856978 0.1395617070 0.5395617070 1.0000000000
0.827451 0.5163244906 0.1334102268 0.5355017301 1.0000000000
0.831373 0.5154632834 0.1272587466 0.5314417532 1.0000000000
0.835294 0.5146020761 0.1211072664 0.5273817762 1.0000000000
0.839216 0.5137408689 0.1149557862 0.5233217993 1.0000000000
0.843137 0.5128796617 0.1088043060 0.5192618224 1.0000000000
0.847059 0.5120184544 0.1026528258 0.5152018454 1.0000000000
0.850980 0.5111572472 0.0965013456 0.5111418685 1.0000000000
0.854902 0.5102960400 0.0903498654 0.5070818916 1.0000000000
0.858824 0.5094348328 0.0841983852 0.5030219146 1.0000000000
0.862745 0.5085736255 0.0780469050 0.4989619377 1.0000000000
0.866667 0.5077124183 0.0718954248 0.4949019608 1.0000000000
0.870588 0.5068512111 0.0657439446 0.4908419839 1.0000000000
0.874510 0.5059900038 0.0595924644 0.4867820069 1.0000000000
0.878431 0.5002845060 0.0572087659 0.4809996155 1.0000000000
0.882353 0.4938869666 0.0553633218 0.4749711649 1.0000000000
0.886275 0.4874894271 0.0535178777 0.4689427143 1.0000000000
0.890196 0.4810918877 0.0516724337 0.4629142637 1.0000000000
0.894118 0.4746943483 0.0498269896 0.4568858131 1.0000000000
0.898039 0.4682968089 0.0479815456 0.4508573626 1.0000000000
0.901961 0.4618992695 0.0461361015 0.4448289120 1.0000000000
0.905882 0.4555017301 0.0442906574 0.4388004614 1.0000000000
0.909804 0.4491041907 0.0424452134 0.4327720108 1.0000000000
0.913725 0.4427066513 0.0405997693 0.4267435602 1.0000000000
0.917647 0.4363091119 0.0387543253 0.4207151096 1.0000000000
0.921569 0.4299115725 0.0369088812 0.4146866590 1.0000000000
0.925490 0.4235140331 0.0350634371 0.4086582084 1.0000000000
0.929412 0.4171164937 0.0332179931 0.4026297578 1.0000000000
0.933333 0.4107189542 0.0313725490 0.3966013072 1.0000000000
0.937255 0.4043214148 0.0295271050 0.3905728566 1.0000000000
0.941176 0.3979238754 0.0276816609 0.3845444060 1.0000000000
0.945098 0.3915263360 0.0258362168 0.3785159554 1.0000000000
0.949020 0.3851287966 0.0239907728 0.3724875048 1.0000000000
0.952941 0.3787312572 0.0221453287 0.3664590542 1.0000000000
0.956863 0.3723337178 0.0202998847 0.3604306036 1.0000000000
0.960784 0.3659361784 0.0184544406 0.3544021530 1.0000000000
0.964706 0.3595386390 0.0166089965 0.3483737024 1.0000000000
0.968627 0.3531410996 0.0147635525 0.3423452518 1.0000000000
0.972549 0.3467435602 0.0129181084 0.3363168012 1.0000000000
0.976471 0.3403460208 0.0110726644 0.3302883506 1.0000000000
0.980392 0.3339484814 0.0092272203 0.3242599000 1.0000000000
0.984314 0.3275509419 0.0073817762 0.3182314494 1.0000000000
0.988235 0.3211534025 0.0055363322 0.3122029988 1.0000000000
0.992157 0.3147558631 0.0036908881 0.3061745483 1.0000000000
0.996078 0.3083583237 0.0018454441 0.3001460977 1.0000000000
1.000000 0.3019607843 0.0000000000 0.2941176471 1.0000000000
