0.000000 0.0000000000 0.0000000000 1.0000000000 1.0000000000
0.003922 0.0078431373 0.0078431373 1.0000000000 1.0000000000
0.007843 0.0156862745 0.0156862745 1.0000000000 1.0000000000
0.011765 0.0235294118 0.0235294118 1.0000000000 1.0000000000
0.015686 0.0313725490 0.0313725490 1.0000000000 1.0000000000
0.019608 0.0392156863 0.0392156863 1.0000000000 1.0000000000
0.023529 0.0470588235 0.0470588235 1.0000000000 1.0000000000
0.027451 0.0549019608 0.0549019608 1.0000000000 1.0000000000
0.031373 0.0627450980 0.0627450980 1.0000000000 1.0000000000
0.035294 0.0705882353 0.0705882353 1.0000000000 1.0000000000
0.039216 0.0784313725 0.0784313725 1.0000000000 1.0000000000
0.043137 0.0862745098 0.0862745098 1.0000000000 1.0000000000
0.047059 0.0941176471 0.0941176471 1.0000000000 1.0000000000
0.050980 0.1019607843 0.1019607843 1.0000000000 1.0000000000
0.054902 0.1098039216 0.1098039216 1.0000000000 1.0000000000
0.058824 0.1176470588 0.1176470588 1.0000000000 1.0000000000
0.062745 0.1254901961 0.1254901961 1.0000000000 1.0000000000
0.066667 0.1333333333 0.1333333333 1.0000000000 1.0000000000
0.070588 0.1411764706 0.1411764706 1.0000000000 1.0000000000
0.074510 0.1490196078 0.1490196078 1.0000000000 1.0000000000
0.078431 0.1568627451 0.1568627451 1.0000000000 1.0000000000
0.082353 0.1647058824 0.1647058824 1.0000000000 1.0000000000
0.086275 0.1725490196 0.1725490196 1.0000000000 1.0000000000
0.090196 0.1803921569 0.1803921569 1.0000000000 1.0000000000
0.094118 0.1882352941 0.1882352941 1.0000000000 1.0000000000
0.098039 0.1960784314 0.1960784314 1.0000000000 1.0000000000
0.101961 0.2039215686 0.2039215686 1.0000000000 1.0000000000
0.105882 0.2117647059 0.2117647059 1.0000000000 1.0000000000
0.109804 0.2196078431 0.2196078431 1.0000000000 1.0000000000
0.113725 0.2274509804 0.2274509804 1.0000000000 1.0000000000
0.117647 0.2352941176 0.2352941176 1.0000000000 1.0000000000
0.121569 0.2431372549 0.2431372549 1.0000000000 1.0000000000
0.125490 0.2509803922 0.2509803922 1.0000000000 1.0000000000
0.129412 0.2588235294 0.2588235294 1.0000000000 1.0000000000
0.133333 0.2666666667 0.2666666667 1.0000000000 1.0000000000
0.137255 0.2745098039 0.2745098039 1.0000000000 1.0000000000
0.141176 0.2823529412 0.2823529412 1.0000000000 1.0000000000
0.145098 0.2901960784 0.2901960784 1.0000000000 1.0000000000
0.149020 0.2980392157 0.2980392157 1.0000000000 1.0000000000
0.152941 0.3058823529 0.3058823529 1.0000000000 1.0000000000
0.156863 0.3137254902 0.3137254902 1.0000000000 1.0000000000
0.160784 0.3215686275 0.3215686275 1.0000000000 1.0000000000
0.164706 0.3294117647 0.3294117647 1.0000000000 1.0000000000
0.168627 0.3372549020 0.3372549020 1.0000000000 1.0000000000
0.172549 0.3450980392 0.3450980392 1.0000000000 1.0000000000
0.176471 0.3529411765 0.3529411765 1.0000000000 1.0000000000
0.180392 0.3607843137 0.3607843137 1.0000000000 1.0000000000
0.184314 0.3686274510 0.3686274510 1.0000000000 1.0000000000
0.188235 0.3764705882 0.3764705882 1.0000000000 1.0000000000
0.192157 0.3843137255 0.3843137255 1.0000000000 1.0000000000
0.196078 0.3921568627 0.3921568627 1.0000000000 1.0000000000
0.200000 0.4000000000 0.4000000000 1.0000000000 1.0000000000
0.203922 0.4078431373 0.4078431373 1.0000000000 1.0000000000
0.207843 0.4156862745 0.4156862745 1.0000000000 1.0000000000
0.211765 0.4235294118 0.4235294118 1.0000000000 1.0000000000
0.215686 0.4313725490 0.4313725490 1.0000000000 1.0000000000
0.219608 0.4392156863 0.4392156863 1.0000000000 1.0000000000
0.223529 0.4470588235 0.4470588235 1.0000000000 1.0000000000
0.227451 0.4549019608 0.4549019608 1.0000000000 1.0000000000
0.231373 0.4627450980 0.4627450980 1.0000000000 1.0000000000
0.235294 0.4705882353 0.4705882353 1.0000000000 1.0000000000
0.239216 0.4784313725 0.4784313725 1.0000000000 1.0000000000
0.243137 0.4862745098 0.4862745098 1.0000000000 1.0000000000
0.247059 0.4941176471 0.4941176471 1.0000000000 1.0000000000
0.250980 0.5019607843 0.5019607843 1.0000000000 1.0000000000
0.254902 0.5098039216 0.5098039216 1.0000000000 1.0000000000
0.258824 0.5176470588 0.5176470588 1.0000000000 1.0000000000
0.262745 0.5254901961 0.5254901961 1.0000000000 1.0000000000
0.266667 0.5333333333 0.5333333333 1.0000000000 1.0000000000
0.270588 0.5411764706 0.5411764706 1.0000000000 1.0000000000
0.274510 0.5490196078 0.5490196078 1.0000000000 1.0000000000
0.278431 0.5568627451 0.5568627451 1.0000000000 1.0000000000
0.282353 0.5647058824 0.5647058824 1.0000000000 1.0000000000
0.286275 0.5725490196 0.5725490196 1.0000000000 1.0000000000
0.290196 0.5803921569 0.5803921569 1.0000000000 1.0000000000
0.294118 0.5882352941 0.5882352941 1.0000000000 1.0000000000
0.298039 0.5960784314 0.5960784314 1.0000000000 1.0000000000
0.301961 0.6039215686 0.6039215686 1.0000000000 1.0000000000
0.305882 0.6117647059 0.6117647059 1.0000000000 1.0000000000
0.309804 0.6196078431 0.6196078431 1.0000000000 1.0000000000
0.313725 0.6274509804 0.6274509804 1.0000000000 1.0000000000
0.317647 0.6352941176 0.6352941176 1.0000000000 1.0000000000
0.321569 0.6431372549 0.6431372549 1.0000000000 1.0000000000
0.325490 0.6509803922 0.6509803922 1.0000000000 1.0000000000
0.329412 0.6588235294 0.6588235294 1.0000000000 1.0000000000
0.333333 0.6666666667 0.6666666667 1.0000000000 1.0000000000
0.337255 0.6745098039 0.6745098039 1.0000000000 1.0000000000
0.341176 0.6823529412 0.6823529412 1.0000000000 1.0000000000
0.345098 0.6901960784 0.6901960784 1.0000000000 1.0000000000
0.349020 0.6980392157 0.6980392157 1.0000000000 1.0000000000
0.352941 0.7058823529 0.7058823529 1.0000000000 1.0000000000
0.356863 0.7137254902 0.7137254902 1.0000000000 1.0000000000
0.360784 0.7215686275 0.7215686275 1.0000000000 1.0000000000
0.364706 0.7294117647 0.7294117647 1.0000000000 1.0000000000
0.368627 0.7372549020 0.7372549020 1.0000000000 1.0000000000
0.372549 0.7450980392 0.7450980392 1.0000000000 1.0000000000
0.376471 0.7529411765 0.7529411765 1.0000000000 1.0000000000
0.380392 0.7607843137 0.7607843137 1.0000000000 1.0000000000
0.384314 0.7686274510 0.7686274510 1.0000000000 1.0000000000
0.388235 0.7764705882 0.7764705882 1.0000000000 1.0000000000
0.392157 0.7843137255 0.7843137255 1.0000000000 1.0000000000
0.396078 0.7921568627 0.7921568627 1.0000000000 1.0000000000
0.400000 0.8000000000 0.8000000000 1.0000000000 1.0000000000
0.403922 0.8078431373 0.8078431373 1.0000000000 1.0000000000
0.407843 0.8156862745 0.8156862745 1.0000000000 1.0000000000
0.411765 0.8235294118 0.8235294118 1.0000000000 1.0000000000
0.415686 0.8313725490 0.8313725490 1.0000000000 1.0000000000
0.419608 0.8392156863 0.8392156863 1.0000000000 1.0000000000
0.423529 0.8470588235 0.8470588235 1.0000000000 1.0000000000
0.427451 0.8549019608 0.8549019608 1.0000000000 1.0000000000
0.431373 0.8627450980 0.8627450980 1.0000000000 1.0000000000
0.435294 0.8705882353 0.8705882353 1.0000000000 1.0000000000
0.439216 0.8784313725 0.8784313725 1.0000000000 1.0000000000
0.443137 0.8862745098 0.8862745098 1.0000000000 1.0000000000
0.447059 0.8941176471 0.8941176471 1.0000000000 1.0000000000
0.450980 0.9019607843 0.9019607843 1.0000000000 1.0000000000
0.454902 0.9098039216 0.9098039216 1.0000000000 1.0000000000
0.458824 0.9176470588 0.9176470588 1.0000000000 1.0000000000
0.462745 0.9254901961 0.9254901961 1.0000000000 1.0000000000
0.466667 0.9333333333 0.9333333333 1.0000000000 1.0000000000
0.470588 0.9411764706 0.9411764706 1.0000000000 1.0000000000
0.474510 0.9490196078 0.9490196078 1.0000000000 1.0000000000
0.478431 0.9568627451 0.9568627451 1.0000000000 1.0000000000
0.482353 0.9647058824 0.9647058824 1.0000000000 1.0000000000
0.486275 0.9725490196 0.9725490196 1.0000000000 1.0000000000
0.490196 0.9803921569 0.9803921569 1.0000000000 1.0000000000
0.494118 0.9882352941 0.9882352941 1.0000000000 1.0000000000
0.498039 0.9960784314 0.9960784314 1.0000000000 1.0000000000
0.501961 1.0000000000 0.9960784314 0.9960784314 1.0000000000
0.505882 1.0000000000 0.9882352941 0.9882352941 1.0000000000
0.509804 1.0000000000 0.9803921569 0.9803921569 1.0000000000
0.513725 1.0000000000 0.9725490196 0.9725490196 1.0000000000
0.517647 1.0000000000 0.9647058824 0.9647058824 1.0000000000
0.521569 1.0000000000 0.9568627451 0.9568627451 1.0000000000
0.525490 1.0000000000 0.9490196078 0.9490196078 1.0000000000
0.529412 1.0000000000 0.9411764706 0.9411764706 1.0000000000
0.533333 1.0000000000 0.9333333333 0.9333333333 1.0000000000
0.537255 1.0000000000 0.9254901961 0.9254901961 1.0000000000
0.541176 1.0000000000 0.9176470588 0.9176470588 1.0000000000
0.545098 1.0000000000 0.9098039216 0.9098039216 1.0000000000
0.549020 1.0000000000 0.9019607843 0.9019607843 1.0000000000
0.552941 1.0000000000 0.8941176471 0.8941176471 1.0000000000
0.556863 1.0000000000 0.8862745098 0.8862745098 1.0000000000
0.560784 1.0000000000 0.8784313725 0.8784313725 1.0000000000
0.564706 1.0000000000 0.8705882353 0.8705882353 1.0000000000
0.568627 1.0000000000 0.8627450980 0.8627450980 1.0000000000
0.572549 1.0000000000 0.8549019608 0.8549019608 1.0000000000
0.576471 1.0000000000 0.8470588235 0.8470588235 1.0000000000
0.580392 1.0000000000 0.8392156863 0.8392156863 1.0000000000
0.584314 1.0000000000 0.8313725490 0.8313725490 1.0000000000
0.588235 1.0000000000 0.8235294118 0.8235294118 1.0000000000
0.592157 1.0000000000 0.8156862745 0.8156862745 1.0000000000
0.596078 1.0000000000 0.8078431373 0.8078431373 1.0000000000
0.600000 1.0000000000 0.8000000000 0.8000000000 1.0000000000
0.603922 1.0000000000 0.7921568627 0.7921568627 1.0000000000
0.607843 1.0000000000 0.7843137255 0.7843137255 1.0000000000
0.611765 1.0000000000 0.7764705882 0.7764705882 1.0000000000
0.615686 1.0000000000 0.7686274510 0.7686274510 1.0000000000
0.619608 1.0000000000 0.7607843137 0.7607843137 1.0000000000
0.623529 1.0000000000 0.7529411765 0.7529411765 1.0000000000
0.627451 1.0000000000 0.7450980392 0.7450980392 1.0000000000
0.631373 1.0000000000 0.7372549020 0.7372549020 1.0000000000
0.635294 1.0000000000 0.7294117647 0.7294117647 1.0000000000
0.639216 1.0000000000 0.7215686275 0.7215686275 1.0000000000
0.643137 1.0000000000 0.7137254902 0.7137254902 1.0000000000
0.647059 1.0000000000 0.7058823529 0.7058823529 1.0000000000
0.650980 1.0000000000 0.6980392157 0.6980392157 1.0000000000
0.654902 1.0000000000 0.6901960784 0.6901960784 1.0000000000
0.658824 1.0000000000 0.6823529412 0.6823529412 1.0000000000
0.662745 1.0000000000 0.6745098039 0.6745098039 1.0000000000
0.666667 1.0000000000 0.6666666667 0.6666666667 1.0000000000
0.670588 1.0000000000 0.6588235294 0.6588235294 1.0000000000
0.674510 1.0000000000 0.6509803922 0.6509803922 1.0000000000
0.678431 1.0000000000 0.6431372549 0.6431372549 1.0000000000
0.682353 1.0000000000 0.6352941176 0.6352941176 1.0000000000
0.686275 1.0000000000 0.6274509804 0.6274509804 1.0000000000
0.690196 1.0000000000 0.6196078431 0.6196078431 1.0000000000
0.694118 1.0000000000 0.6117647059 0.6117647059 1.0000000000
0.698039 1.0000000000 0.6039215686 0.6039215686 1.0000000000
0.701961 1.0000000000 0.5960784314 0.5960784314 1.0000000000
0.705882 1.0000000000 0.5882352941 0.5882352941 1.0000000000
0.709804 1.0000000000 0.5803921569 0.5803921569 1.0000000000
0.713725 1.0000000000 0.5725490196 0.5725490196 1.0000000000
0.717647 1.0000000000 0.5647058824 0.5647058824 1.0000000000
0.721569 1.0000000000 0.5568627451 0.5568627451 1.0000000000
0.725490 1.0000000000 0.5490196078 0.5490196078 1.0000000000
0.729412 1.0000000000 0.5411764706 0.5411764706 1.0000000000
0.733333 1.0000000000 0.5333333333 0.5333333333 1.0000000000
0.737255 1.0000000000 0.5254901961 0.5254901961 1.0000000000
0.741176 1.0000000000 0.5176470588 0.5176470588 1.0000000000
0.745098 1.0000000000 0.5098039216 0.5098039216 1.0000000000
0.749020 1.0000000000 0.5019607843 0.5019607843 1.0000000000
0.752941 1.0000000000 0.4941176471 0.4941176471 1.0000000000
0.756863 1.0000000000 0.4862745098 0.4862745098 1.0000000000
0.760784 1.0000000000 0.4784313725 0.4784313725 1.0000000000
0.764706 1.0000000000 0.4705882353 0.4705882353 1.0000000000
0.768627 1.0000000000 0.4627450980 0.4627450980 1.0000000000
0.772549 1.0000000000 0.4549019608 0.4549019608 1.0000000000
0.776471 1.0000000000 0.4470588235 0.4470588235 1.0000000000
0.780392 1.0000000000 0.4392156863 0.4392156863 1.0000000000
0.784314 1.0000000000 0.4313725490 0.4313725490 1.0000000000
0.788235 1.0000000000 0.4235294118 0.4235294118 1.0000000000
0.792157 1.0000000000 0.4156862745 0.4156862745 1.0000000000
0.796078 1.0000000000 0.4078431373 0.4078431373 1.0000000000
0.800000 1.0000000000 0.4000000000 0.4000000000 1.0000000000
0.803922 1.0000000000 0.3921568627 0.3921568627 1.0000000000
0.807843 1.0000000000 0.3843137255 0.3843137255 1.0000000000
0.811765 1.0000000000 0.3764705882 0.3764705882 1.0000000000
0.815686 1.0000000000 0.3686274510 0.3686274510 1.0000000000
0.819608 1.0000000000 0.3607843137 0.3607843137 1.0000000000
0.823529 1.0000000000 0.3529411765 0.3529411765 1.0000000000
0.827451 1.0000000000 0.3450980392 0.3450980392 1.0000000000
0.831373 1.0000000000 0.3372549020 0.3372549020 1.0000000000
0.835294 1.0000000000 0.3294117647 0.3294117647 1.0000000000
0.839216 1.0000000000 0.3215686275 0.3215686275 1.0000000000
0.843137 1.0000000000 0.3137254902 0.3137254902 1.0000000000
0.847059 1.0000000000 0.3058823529 0.3058823529 1.0000000000
0.850980 1.0000000000 0.2980392157 0.2980392157 1.0000000000
0.854902 1.0000000000 0.2901960784 0.2901960784 1.0000000000
0.858824 1.0000000000 0.2823529412 0.2823529412 1.0000000000
0.862745 1.0000000000 0.2745098039 0.2745098039 1.0000000000
0.866667 1.0000000000 0.2666666667 0.2666666667 1.0000000000
0.870588 1.0000000000 0.2588235294 0.2588235294 1.0000000000
0.874510 1.0000000000 0.2509803922 0.2509803922 1.0000000000
0.878431 1.0000000000 0.2431372549 0.2431372549 1.0000000000
0.882353 1.0000000000 0.2352941176 0.2352941176 1.0000000000
0.886275 1.0000000000 0.2274509804 0.2274509804 1.0000000000
0.890196 1.0000000000 0.2196078431 0.2196078431 1.0000000000
0.894118 1.0000000000 0.2117647059 0.2117647059 1.0000000000
0.898039 1.0000000000 0.2039215686 0.2039215686 1.0000000000
0.901961 1.0000000000 0.1960784314 0.1960784314 1.0000000000
0.905882 1.0000000000 0.1882352941 0.1882352941 1.0000000000
0.909804 1.0000000000 0.1803921569 0.1803921569 1.0000000000
0.913725 1.0000000000 0.1725490196 0.1725490196 1.0000000000
0.917647 1.0000000000 0.1647058824 0.1647058824 1.0000000000
0.921569 1.0000000000 0.1568627451 0.1568627451 1.0000000000
0.925490 1.0000000000 0.1490196078 0.1490196078 1.0000000000
0.929412 1.0000000000 0.1411764706 0.1411764706 1.0000000000
0.933333 1.0000000000 0.1333333333 0.1333333333 1.0000000000
0.937255 1.0000000000 0.1254901961 0.1254901961 1.0000000000
0.941176 1.0000000000 0.1176470588 0.1176470588 1.0000000000
0.945098 1.0000000000 0.1098039216 0.1098039216 1.0000000000
0.949020 1.0000000000 0.1019607843 0.1019607843 1.0000000000
0.952941 1.0000000000 0.0941176471 0.0941176471 1.0000000000
0.956863 1.0000000000 0.0862745098 0.0862745098 1.0000000000
0.960784 1.0000000000 0.0784313725 0.0784313725 1.0000000000
0.964706 1.0000000000 0.0705882353 0.0705882353 1.0000000000
0.968627 1.0000000000 0.0627450980 0.0627450980 1.0000000000
0.972549 1.0000000000 0.0549019608 0.0549019608 1.0000000000
0.976471 1.0000000000 0.0470588235 0.0470588235 1.0000000000
0.980392 1.0000000000 0.0392156863 0.0392156863 1.0000000000
0.984314 1.0000000000 0.0313725490 0.0313725490 1.0000000000
0.988235 1.0000000000 0.0235294118 0.0235294118 1.0000000000
0.992157 1.0000000000 0.0156862745 0.0156862745 1.0000000000
0.996078 1.0000000000 0.0078431373 0.0078431373 1.0000000000
1.000000 1.0000000000 0.0000000000 0.0000000000 1.0000000000
