0.000000 0.9957370000 0.9093440000 0.2177720000 1.0000000000
0.003922 0.9955030000 0.9038660000 0.2123700000 1.0000000000
0.007843 0.9952490000 0.8983840000 0.2075610000 1.0000000000
0.011765 0.9948470000 0.8929540000 0.2034450000 1.0000000000
0.015686 0.9922180000 0.8883850000 0.2054680000 1.0000000000
0.019608 0.9872930000 0.8847180000 0.2133360000 1.0000000000
0.023529 0.9824970000 0.8810080000 0.2208780000 1.0000000000
0.027451 0.9777800000 0.8772810000 0.2279540000 1.0000000000
0.031373 0.9731140000 0.8735500000 0.2346770000 1.0000000000
0.035294 0.9684690000 0.8698190000 0.2413100000 1.0000000000
0.039216 0.9638720000 0.8660890000 0.2474450000 1.0000000000
0.043137 0.9592840000 0.8623650000 0.2535630000 1.0000000000
0.047059 0.9547250000 0.8586460000 0.2593650000 1.0000000000
0.050980 0.9501780000 0.8549330000 0.2650850000 1.0000000000
0.054902 0.9456540000 0.8512280000 0.2705320000 1.0000000000
0.058824 0.9411470000 0.8475300000 0.2758150000 1.0000000000
0.062745 0.9366600000 0.8438410000 0.2808760000 1.0000000000
0.066667 0.9321800000 0.8401590000 0.2858800000 1.0000000000
0.070588 0.9277240000 0.8364860000 0.2906110000 1.0000000000
0.074510 0.9232790000 0.8328220000 0.2952440000 1.0000000000
0.078431 0.9188280000 0.8291680000 0.2999600000 1.0000000000
0.082353 0.9144070000 0.8255220000 0.3043480000 1.0000000000
0.086275 0.9100000000 0.8218850000 0.3085940000 1.0000000000
0.090196 0.9055890000 0.8182570000 0.3128890000 1.0000000000
0.094118 0.9011950000 0.8146390000 0.3170210000 1.0000000000
0.098039 0.8968180000 0.8110300000 0.3209820000 1.0000000000
0.101961 0.8924400000 0.8074300000 0.3249680000 1.0000000000
0.105882 0.8880810000 0.8038390000 0.3287700000 1.0000000000
0.109804 0.8837200000 0.8002580000 0.3325990000 1.0000000000
0.113725 0.8793780000 0.7966870000 0.3362410000 1.0000000000
0.117647 0.8750570000 0.7931250000 0.3396850000 1.0000000000
0.121569 0.8707170000 0.7895720000 0.3433330000 1.0000000000
0.125490 0.8664210000 0.7860280000 0.3465710000 1.0000000000
0.129412 0.8621050000 0.7824940000 0.3500110000 1.0000000000
0.133333 0.8578090000 0.7789690000 0.3532590000 1.0000000000
0.137255 0.8535150000 0.7754540000 0.3565000000 1.0000000000
0.141176 0.8492230000 0.7719470000 0.3597290000 1.0000000000
0.145098 0.8449570000 0.7684500000 0.3627410000 1.0000000000
0.149020 0.8406930000 0.7649620000 0.3657460000 1.0000000000
0.152941 0.8364290000 0.7614830000 0.3687470000 1.0000000000
0.156863 0.8321920000 0.7580140000 0.3715290000 1.0000000000
0.160784 0.8279590000 0.7545530000 0.3742920000 1.0000000000
0.164706 0.8237290000 0.7511010000 0.3770430000 1.0000000000
0.168627 0.8194990000 0.7476590000 0.3797850000 1.0000000000
0.172549 0.8152740000 0.7442260000 0.3825040000 1.0000000000
0.176471 0.8110540000 0.7408010000 0.3851980000 1.0000000000
0.180392 0.8068590000 0.7373850000 0.3876840000 1.0000000000
0.184314 0.8026670000 0.7339780000 0.3901530000 1.0000000000
0.188235 0.7984800000 0.7305800000 0.3925970000 1.0000000000
0.192157 0.7942980000 0.7271900000 0.3950160000 1.0000000000
0.196078 0.7901160000 0.7238100000 0.3974230000 1.0000000000
0.200000 0.7859650000 0.7204380000 0.3996130000 1.0000000000
0.203922 0.7817950000 0.7170740000 0.4019660000 1.0000000000
0.207843 0.7776510000 0.7137190000 0.4041120000 1.0000000000
0.211765 0.7734860000 0.7103730000 0.4064220000 1.0000000000
0.215686 0.7693530000 0.7070350000 0.4085160000 1.0000000000
0.219608 0.7652230000 0.7037050000 0.4105870000 1.0000000000
0.223529 0.7610960000 0.7003840000 0.4126380000 1.0000000000
0.227451 0.7569750000 0.6970710000 0.4146590000 1.0000000000
0.231373 0.7528860000 0.6937660000 0.4164720000 1.0000000000
0.235294 0.7487720000 0.6904700000 0.4184480000 1.0000000000
0.239216 0.7446640000 0.6871810000 0.4203930000 1.0000000000
0.243137 0.7405890000 0.6839000000 0.4221310000 1.0000000000
0.247059 0.7364880000 0.6806290000 0.4240280000 1.0000000000
0.250980 0.7324220000 0.6773640000 0.4257170000 1.0000000000
0.254902 0.7283340000 0.6741070000 0.4275540000 1.0000000000
0.258824 0.7242740000 0.6708590000 0.4291940000 1.0000000000
0.262745 0.7202220000 0.6676180000 0.4308050000 1.0000000000
0.266667 0.7161770000 0.6643840000 0.4323860000 1.0000000000
0.270588 0.7121050000 0.6611600000 0.4341170000 1.0000000000
0.274510 0.7080670000 0.6579420000 0.4356470000 1.0000000000
0.278431 0.7040370000 0.6547310000 0.4371470000 1.0000000000
0.282353 0.7000080000 0.6515290000 0.4386240000 1.0000000000
0.286275 0.6959850000 0.6483340000 0.4400720000 1.0000000000
0.290196 0.6919710000 0.6451450000 0.4414910000 1.0000000000
0.294118 0.6879570000 0.6419660000 0.4428860000 1.0000000000
0.298039 0.6839500000 0.6387930000 0.4442510000 1.0000000000
0.301961 0.6799790000 0.6356260000 0.4454240000 1.0000000000
0.305882 0.6759810000 0.6324680000 0.4467360000 1.0000000000
0.309804 0.6719910000 0.6293160000 0.4480180000 1.0000000000
0.313725 0.6680080000 0.6261710000 0.4492700000 1.0000000000
0.317647 0.6640550000 0.6230340000 0.4503380000 1.0000000000
0.321569 0.6600820000 0.6199040000 0.4515340000 1.0000000000
0.325490 0.6561140000 0.6167800000 0.4527020000 1.0000000000
0.329412 0.6521780000 0.6136640000 0.4536890000 1.0000000000
0.333333 0.6482220000 0.6105530000 0.4548010000 1.0000000000
0.337255 0.6442700000 0.6074500000 0.4558860000 1.0000000000
0.341176 0.6403520000 0.6043540000 0.4567910000 1.0000000000
0.345098 0.6364120000 0.6012640000 0.4578180000 1.0000000000
0.349020 0.6325060000 0.5981800000 0.4586680000 1.0000000000
0.352941 0.6285760000 0.5951040000 0.4596410000 1.0000000000
0.356863 0.6246540000 0.5920340000 0.4605830000 1.0000000000
0.360784 0.6207650000 0.5889700000 0.4613510000 1.0000000000
0.364706 0.6168520000 0.5859130000 0.4622370000 1.0000000000
0.368627 0.6129770000 0.5828610000 0.4629500000 1.0000000000
0.372549 0.6091050000 0.5798160000 0.4636380000 1.0000000000
0.376471 0.6052110000 0.5767770000 0.4644410000 1.0000000000
0.380392 0.6013540000 0.5737430000 0.4650740000 1.0000000000
0.384314 0.5974690000 0.5707180000 0.4658210000 1.0000000000
0.388235 0.5936220000 0.5676970000 0.4664010000 1.0000000000
0.392157 0.5897530000 0.5646820000 0.4670900000 1.0000000000
0.396078 0.5859160000 0.5616740000 0.4676180000 1.0000000000
0.400000 0.5820870000 0.5586700000 0.4681180000 1.0000000000
0.403922 0.5782360000 0.5556730000 0.4687240000 1.0000000000
0.407843 0.5744170000 0.5526820000 0.4691720000 1.0000000000
0.411765 0.5706070000 0.5496950000 0.4695930000 1.0000000000
0.415686 0.5668020000 0.5467150000 0.4699880000 1.0000000000
0.419608 0.5629720000 0.5437410000 0.4704880000 1.0000000000
0.423529 0.5591810000 0.5407710000 0.4708290000 1.0000000000
0.427451 0.5553930000 0.5378070000 0.4711470000 1.0000000000
0.431373 0.5516120000 0.5348490000 0.4714390000 1.0000000000
0.435294 0.5478400000 0.5318950000 0.4717040000 1.0000000000
0.439216 0.5440690000 0.5289480000 0.4719470000 1.0000000000
0.443137 0.5403070000 0.5260050000 0.4721630000 1.0000000000
0.447059 0.5365530000 0.5230670000 0.4723520000 1.0000000000
0.450980 0.5328290000 0.5201350000 0.4724010000 1.0000000000
0.454902 0.5290860000 0.5172070000 0.4725430000 1.0000000000
0.458824 0.5253480000 0.5142850000 0.4726600000 1.0000000000
0.462745 0.5216430000 0.5113670000 0.4726390000 1.0000000000
0.466667 0.5179200000 0.5084540000 0.4727070000 1.0000000000
0.470588 0.5142260000 0.5055460000 0.4726400000 1.0000000000
0.474510 0.5105400000 0.5026430000 0.4725500000 1.0000000000
0.478431 0.5068660000 0.4997430000 0.4724320000 1.0000000000
0.482353 0.5031850000 0.4968510000 0.4723050000 1.0000000000
0.486275 0.4995520000 0.4939600000 0.4720320000 1.0000000000
0.490196 0.4959130000 0.4910760000 0.4717510000 1.0000000000
0.494118 0.4922780000 0.4881980000 0.4714530000 1.0000000000
0.498039 0.4886970000 0.4853180000 0.4710080000 1.0000000000
0.501961 0.4851410000 0.4824510000 0.4703840000 1.0000000000
0.505882 0.4816220000 0.4795730000 0.4697670000 1.0000000000
0.509804 0.4781860000 0.4766990000 0.4688450000 1.0000000000
0.513725 0.4748120000 0.4738320000 0.4676810000 1.0000000000
0.517647 0.4715010000 0.4709600000 0.4663570000 1.0000000000
0.521569 0.4682540000 0.4680830000 0.4649080000 1.0000000000
0.525490 0.4649470000 0.4652410000 0.4633950000 1.0000000000
0.529412 0.4616160000 0.4624050000 0.4619690000 1.0000000000
0.533333 0.4583660000 0.4595520000 0.4604570000 1.0000000000
0.537255 0.4550720000 0.4567180000 0.4589760000 1.0000000000
0.541176 0.4517590000 0.4538870000 0.4575820000 1.0000000000
0.545098 0.4484470000 0.4510530000 0.4562640000 1.0000000000
0.549020 0.4451480000 0.4482260000 0.4548850000 1.0000000000
0.552941 0.4418100000 0.4454020000 0.4536590000 1.0000000000
0.556863 0.4385040000 0.4425800000 0.4523410000 1.0000000000
0.560784 0.4351680000 0.4397630000 0.4511340000 1.0000000000
0.564706 0.4318170000 0.4369500000 0.4499820000 1.0000000000
0.568627 0.4284620000 0.4341400000 0.4488640000 1.0000000000
0.572549 0.4251200000 0.4313340000 0.4476920000 1.0000000000
0.576471 0.4217480000 0.4285310000 0.4466400000 1.0000000000
0.580392 0.4183830000 0.4257330000 0.4455600000 1.0000000000
0.584314 0.4149920000 0.4229370000 0.4445780000 1.0000000000
0.588235 0.4116070000 0.4201450000 0.4435770000 1.0000000000
0.592157 0.4082260000 0.4173570000 0.4425700000 1.0000000000
0.596078 0.4048200000 0.4145720000 0.4416420000 1.0000000000
0.600000 0.4014180000 0.4117900000 0.4407080000 1.0000000000
0.603922 0.3979910000 0.4090110000 0.4398480000 1.0000000000
0.607843 0.3945680000 0.4062360000 0.4389860000 1.0000000000
0.611765 0.3911510000 0.4034640000 0.4380960000 1.0000000000
0.615686 0.3877050000 0.4006940000 0.4373050000 1.0000000000
0.619608 0.3842680000 0.3979280000 0.4364750000 1.0000000000
0.623529 0.3808300000 0.3951640000 0.4356530000 1.0000000000
0.627451 0.3773710000 0.3924040000 0.4348900000 1.0000000000
0.631373 0.3738840000 0.3896460000 0.4342090000 1.0000000000
0.635294 0.3704300000 0.3868900000 0.4334280000 1.0000000000
0.639216 0.3669230000 0.3841390000 0.4327960000 1.0000000000
0.643137 0.3634460000 0.3813880000 0.4320750000 1.0000000000
0.647059 0.3599160000 0.3786410000 0.4315010000 1.0000000000
0.650980 0.3564180000 0.3758960000 0.4308230000 1.0000000000
0.654902 0.3528920000 0.3731530000 0.4302260000 1.0000000000
0.658824 0.3493410000 0.3704140000 0.4296850000 1.0000000000
0.662745 0.3457930000 0.3676760000 0.4291270000 1.0000000000
0.666667 0.3422460000 0.3649390000 0.4285590000 1.0000000000
0.670588 0.3386730000 0.3622060000 0.4280530000 1.0000000000
0.674510 0.3350730000 0.3594740000 0.4276050000 1.0000000000
0.678431 0.3314740000 0.3567440000 0.4271440000 1.0000000000
0.682353 0.3278750000 0.3540160000 0.4266700000 1.0000000000
0.686275 0.3242500000 0.3512890000 0.4262500000 1.0000000000
0.690196 0.3205950000 0.3485650000 0.4258890000 1.0000000000
0.694118 0.3169410000 0.3458420000 0.4255120000 1.0000000000
0.698039 0.3132870000 0.3431200000 0.4251200000 1.0000000000
0.701961 0.3096010000 0.3403990000 0.4247900000 1.0000000000
0.705882 0.3058860000 0.3376810000 0.4245120000 1.0000000000
0.709804 0.3021690000 0.3349630000 0.4242130000 1.0000000000
0.713725 0.2984210000 0.3322470000 0.4239730000 1.0000000000
0.717647 0.2946690000 0.3295310000 0.4237160000 1.0000000000
0.721569 0.2908840000 0.3268160000 0.4235170000 1.0000000000
0.725490 0.2870650000 0.3241030000 0.4233730000 1.0000000000
0.729412 0.2832400000 0.3213900000 0.4232110000 1.0000000000
0.733333 0.2794110000 0.3186770000 0.4230310000 1.0000000000
0.737255 0.2755130000 0.3159650000 0.4229790000 1.0000000000
0.741176 0.2716390000 0.3132530000 0.4228370000 1.0000000000
0.745098 0.2676930000 0.3105420000 0.4228210000 1.0000000000
0.749020 0.2637380000 0.3078310000 0.4227890000 1.0000000000
0.752941 0.2597400000 0.3051200000 0.4228100000 1.0000000000
0.756863 0.2557310000 0.3024090000 0.4228140000 1.0000000000
0.760784 0.2516750000 0.2996980000 0.4228730000 1.0000000000
0.764706 0.2476050000 0.2969860000 0.4229170000 1.0000000000
0.768627 0.2434850000 0.2942740000 0.4230140000 1.0000000000
0.772549 0.2393120000 0.2915620000 0.4231670000 1.0000000000
0.776471 0.2351200000 0.2888480000 0.4233040000 1.0000000000
0.780392 0.2308710000 0.2861340000 0.4234980000 1.0000000000
0.784314 0.2265980000 0.2834190000 0.4236780000 1.0000000000
0.788235 0.2222640000 0.2807020000 0.4239140000 1.0000000000
0.792157 0.2178630000 0.2779850000 0.4242060000 1.0000000000
0.796078 0.2134310000 0.2752660000 0.4244800000 1.0000000000
0.800000 0.2089260000 0.2725460000 0.4248090000 1.0000000000
0.803922 0.2043850000 0.2698230000 0.4251260000 1.0000000000
0.807843 0.1997640000 0.2670990000 0.4254970000 1.0000000000
0.811765 0.1950570000 0.2643720000 0.4259240000 1.0000000000
0.815686 0.1903030000 0.2616440000 0.4263290000 1.0000000000
0.819608 0.1854530000 0.2589140000 0.4267880000 1.0000000000
0.823529 0.1805030000 0.2561800000 0.4272990000 1.0000000000
0.827451 0.1754900000 0.2534440000 0.4277900000 1.0000000000
0.831373 0.1703620000 0.2507070000 0.4283250000 1.0000000000
0.835294 0.1651130000 0.2479650000 0.4289080000 1.0000000000
0.839216 0.1597330000 0.2452210000 0.4295280000 1.0000000000
0.843137 0.1542610000 0.2424750000 0.4301200000 1.0000000000
0.847059 0.1486380000 0.2397240000 0.4307520000 1.0000000000
0.850980 0.1428520000 0.2369720000 0.4314040000 1.0000000000
0.854902 0.1368300000 0.2342160000 0.4321480000 1.0000000000
0.858824 0.1306690000 0.2314580000 0.4328400000 1.0000000000
0.862745 0.1242910000 0.2286970000 0.4335470000 1.0000000000
0.866667 0.1176120000 0.2259350000 0.4343080000 1.0000000000
0.870588 0.1106580000 0.2231700000 0.4350670000 1.0000000000
0.874510 0.1034010000 0.2204060000 0.4357900000 1.0000000000
0.878431 0.0956450000 0.2176430000 0.4365930000 1.0000000000
0.882353 0.0874650000 0.2148790000 0.4373420000 1.0000000000
0.886275 0.0786240000 0.2121220000 0.4381050000 1.0000000000
0.890196 0.0689680000 0.2093720000 0.4388630000 1.0000000000
0.894118 0.0583780000 0.2066290000 0.4395310000 1.0000000000
0.898039 0.0462050000 0.2039030000 0.4401960000 1.0000000000
0.901961 0.0321100000 0.2011990000 0.4407850000 1.0000000000
0.905882 0.0178520000 0.1985280000 0.4412480000 1.0000000000
0.909804 0.0036020000 0.1959110000 0.4415640000 1.0000000000
0.913725 0.0000000000 0.1933660000 0.4415610000 1.0000000000
0.917647 0.0000000000 0.1909500000 0.4410850000 1.0000000000
0.921569 0.0000000000 0.1887690000 0.4395630000 1.0000000000
0.925490 0.0000000000 0.1869150000 0.4355320000 1.0000000000
0.929412 0.0000000000 0.1845500000 0.4288020000 1.0000000000
0.933333 0.0000000000 0.1816100000 0.4218590000 1.0000000000
0.937255 0.0000000000 0.1788020000 0.4147640000 1.0000000000
0.941176 0.0000000000 0.1760820000 0.4075770000 1.0000000000
0.945098 0.0000000000 0.1734200000 0.4003530000 1.0000000000
0.949020 0.0000000000 0.1708000000 0.3931000000 1.0000000000
0.952941 0.0000000000 0.1682040000 0.3859020000 1.0000000000
0.956863 0.0000000000 0.1656210000 0.3787690000 1.0000000000
0.960784 0.0000000000 0.1630580000 0.3716080000 1.0000000000
0.964706 0.0000000000 0.1604950000 0.3645340000 1.0000000000
0.968627 0.0000000000 0.1579320000 0.3575210000 1.0000000000
0.972549 0.0000000000 0.1553770000 0.3505000000 1.0000000000
0.976471 0.0000000000 0.1526730000 0.3437040000 1.0000000000
0.980392 0.0000000000 0.1497910000 0.3370650000 1.0000000000
0.984314 0.0000000000 0.1468770000 0.3304790000 1.0000000000
0.988235 0.0000000000 0.1439510000 0.3239820000 1.0000000000
0.992157 0.0000000000 0.1410130000 0.3175790000 1.0000000000
0.996078 0.0000000000 0.1380680000 0.3111050000 1.0000000000
1.000000 0.0000000000 0.1351120000 0.3047510000 1.0000000000
