0.000000 0.0000000000 0.0000000000 0.0000000000 1.0000000000
0.003922 0.0047058824 0.0047058824 0.0156862745 1.0000000000
0.007843 0.0094117647 0.0094117647 0.0313725490 1.0000000000
0.011765 0.0141176471 0.0141176471 0.0470588235 1.0000000000
0.015686 0.0188235294 0.0188235294 0.0627450980 1.0000000000
0.019608 0.0235294118 0.0235294118 0.0784313725 1.0000000000
0.023529 0.0282352941 0.0282352941 0.0941176471 1.0000000000
0.027451 0.0329411765 0.0329411765 0.1098039216 1.0000000000
0.031373 0.0376470588 0.0376470588 0.1254901961 1.0000000000
0.035294 0.0423529412 0.0423529412 0.1411764706 1.0000000000
0.039216 0.0470588235 0.0470588235 0.1568627451 1.0000000000
0.043137 0.0517647059 0.0517647059 0.1725490196 1.0000000000
0.047059 0.0564705882 0.0564705882 0.1882352941 1.0000000000
0.050980 0.0611764706 0.0611764706 0.2039215686 1.0000000000
0.054902 0.0658823529 0.0658823529 0.2196078431 1.0000000000
0.058824 0.0705882353 0.0705882353 0.2352941176 1.0000000000
0.062745 0.0752941176 0.0752941176 0.2509803922 1.0000000000
0.066667 0.0800000000 0.0800000000 0.2666666667 1.0000000000
0.070588 0.0847058824 0.0847058824 0.2823529412 1.0000000000
0.074510 0.0894117647 0.0894117647 0.2980392157 1.0000000000
0.078431 0.0941176471 0.0941176471 0.3137254902 1.0000000000
0.082353 0.0988235294 0.0988235294 0.3294117647 1.0000000000
0.086275 0.1035294118 0.1035294118 0.3450980392 1.0000000000
0.090196 0.1082352941 0.1082352941 0.3607843137 1.0000000000
0.094118 0.1129411765 0.1129411765 0.3764705882 1.0000000000
0.098039 0.1176470588 0.1176470588 0.3921568627 1.0000000000
0.101961 0.1223529412 0.1223529412 0.4078431373 1.0000000000
0.105882 0.1270588235 0.1270588235 0.4235294118 1.0000000000
0.109804 0.1317647059 0.1317647059 0.4392156863 1.0000000000
0.113725 0.1364705882 0.1364705882 0.4549019608 1.0000000000
0.117647 0.1411764706 0.1411764706 0.4705882353 1.0000000000
0.121569 0.1458823529 0.1458823529 0.4862745098 1.0000000000
0.125490 0.1505882353 0.1500000000 0.5009803922 1.0000000000
0.129412 0.1552941176 0.1500000000 0.5088235294 1.0000000000
0.133333 0.1600000000 0.1500000000 0.5166666667 1.0000000000
0.137255 0.1647058824 0.1500000000 0.5245098039 1.0000000000
0.141176 0.1694117647 0.1500000000 0.5323529412 1.0000000000
0.145098 0.1741176471 0.1500000000 0.5401960784 1.0000000000
0.149020 0.1788235294 0.1500000000 0.5480392157 1.0000000000
0.152941 0.1835294118 0.1500000000 0.5558823529 1.0000000000
0.156863 0.1882352941 0.1500000000 0.5637254902 1.0000000000
0.160784 0.1929411765 0.1500000000 0.5715686275 1.0000000000
0.164706 0.1976470588 0.1500000000 0.5794117647 1.0000000000
0.168627 0.2023529412 0.1500000000 0.5872549020 1.0000000000
0.172549 0.2070588235 0.1500000000 0.5950980392 1.0000000000
0.176471 0.2117647059 0.1500000000 0.6029411765 1.0000000000
0.180392 0.2164705882 0.1500000000 0.6107843137 1.0000000000
0.184314 0.2211764706 0.1500000000 0.6186274510 1.0000000000
0.188235 0.2258823529 0.1500000000 0.6264705882 1.0000000000
0.192157 0.2305882353 0.1500000000 0.6343137255 1.0000000000
0.196078 0.2352941176 0.1500000000 0.6421568627 1.0000000000
0.200000 0.2400000000 0.1500000000 0.6500000000 1.0000000000
0.203922 0.2447058824 0.1500000000 0.6578431373 1.0000000000
0.207843 0.2494117647 0.1500000000 0.6656862745 1.0000000000
0.211765 0.2541176471 0.1500000000 0.6735294118 1.0000000000
0.215686 0.2588235294 0.1500000000 0.6813725490 1.0000000000
0.219608 0.2635294118 0.1500000000 0.6892156863 1.0000000000
0.223529 0.2682352941 0.1500000000 0.6970588235 1.0000000000
0.227451 0.2729411765 0.1500000000 0.7049019608 1.0000000000
0.231373 0.2776470588 0.1500000000 0.7127450980 1.0000000000
0.235294 0.2823529412 0.1500000000 0.7205882353 1.0000000000
0.239216 0.2870588235 0.1500000000 0.7284313725 1.0000000000
0.243137 0.2917647059 0.1500000000 0.7362745098 1.0000000000
0.247059 0.2964705882 0.1500000000 0.7441176471 1.0000000000
0.250980 0.3023529412 0.1503921569 0.7480392157 1.0000000000
0.254902 0.3117647059 0.1519607843 0.7401960784 1.0000000000
0.258824 0.3211764706 0.1535294118 0.7323529412 1.0000000000
0.262745 0.3305882353 0.1550980392 0.7245098039 1.0000000000
0.266667 0.3400000000 0.1566666667 0.7166666667 1.0000000000
0.270588 0.3494117647 0.1582352941 0.7088235294 1.0000000000
0.274510 0.3588235294 0.1598039216 0.7009803922 1.0000000000
0.278431 0.3682352941 0.1613725490 0.6931372549 1.0000000000
0.282353 0.3776470588 0.1629411765 0.6852941176 1.0000000000
0.286275 0.3870588235 0.1645098039 0.6774509804 1.0000000000
0.290196 0.3964705882 0.1660784314 0.6696078431 1.0000000000
0.294118 0.4058823529 0.1676470588 0.6617647059 1.0000000000
0.298039 0.4152941176 0.1692156863 0.6539215686 1.0000000000
0.301961 0.4247058824 0.1707843137 0.6460784314 1.0000000000
0.305882 0.4341176471 0.1723529412 0.6382352941 1.0000000000
0.309804 0.4435294118 0.1739215686 0.6303921569 1.0000000000
0.313725 0.4529411765 0.1754901961 0.6225490196 1.0000000000
0.317647 0.4623529412 0.1770588235 0.6147058824 1.0000000000
0.321569 0.4717647059 0.1786274510 0.6068627451 1.0000000000
0.325490 0.4811764706 0.1801960784 0.5990196078 1.0000000000
0.329412 0.4905882353 0.1817647059 0.5911764706 1.0000000000
0.333333 0.5000000000 0.1833333333 0.5833333333 1.0000000000
0.337255 0.5094117647 0.1849019608 0.5754901961 1.0000000000
0.341176 0.5188235294 0.1864705882 0.5676470588 1.0000000000
0.345098 0.5282352941 0.1880392157 0.5598039216 1.0000000000
0.349020 0.5376470588 0.1896078431 0.5519607843 1.0000000000
0.352941 0.5470588235 0.1911764706 0.5441176471 1.0000000000
0.356863 0.5564705882 0.1927450980 0.5362745098 1.0000000000
0.360784 0.5658823529 0.1943137255 0.5284313725 1.0000000000
0.364706 0.5752941176 0.1958823529 0.5205882353 1.0000000000
0.368627 0.5847058824 0.1974509804 0.5127450980 1.0000000000
0.372549 0.5941176471 0.1990196078 0.5049019608 1.0000000000
0.376471 0.6047058824 0.2005882353 0.4958823529 1.0000000000
0.380392 0.6172549020 0.2021568627 0.4849019608 1.0000000000
0.384314 0.6298039216 0.2037254902 0.4739215686 1.0000000000
0.388235 0.6423529412 0.2052941176 0.4629411765 1.0000000000
0.392157 0.6549019608 0.2068627451 0.4519607843 1.0000000000
0.396078 0.6674509804 0.2084313725 0.4409803922 1.0000000000
0.400000 0.6800000000 0.2100000000 0.4300000000 1.0000000000
0.403922 0.6925490196 0.2115686275 0.4190196078 1.0000000000
0.407843 0.7050980392 0.2131372549 0.4080392157 1.0000000000
0.411765 0.7176470588 0.2147058824 0.3970588235 1.0000000000
0.415686 0.7301960784 0.2162745098 0.3860784314 1.0000000000
0.419608 0.7427450980 0.2178431373 0.3750980392 1.0000000000
0.423529 0.7552941176 0.2194117647 0.3641176471 1.0000000000
0.427451 0.7678431373 0.2209803922 0.3531372549 1.0000000000
0.431373 0.7803921569 0.2225490196 0.3421568627 1.0000000000
0.435294 0.7929411765 0.2241176471 0.3311764706 1.0000000000
0.439216 0.8054901961 0.2256862745 0.3201960784 1.0000000000
0.443137 0.8180392157 0.2272549020 0.3092156863 1.0000000000
0.447059 0.8305882353 0.2288235294 0.2982352941 1.0000000000
0.450980 0.8431372549 0.2303921569 0.2872549020 1.0000000000
0.454902 0.8556862745 0.2319607843 0.2762745098 1.0000000000
0.458824 0.8682352941 0.2335294118 0.2652941176 1.0000000000
0.462745 0.8807843137 0.2350980392 0.2543137255 1.0000000000
0.466667 0.8933333333 0.2366666667 0.2433333333 1.0000000000
0.470588 0.9058823529 0.2382352941 0.2323529412 1.0000000000
0.474510 0.9184313725 0.2398039216 0.2213725490 1.0000000000
0.478431 0.9309803922 0.2413725490 0.2103921569 1.0000000000
0.482353 0.9435294118 0.2429411765 0.1994117647 1.0000000000
0.486275 0.9560784314 0.2445098039 0.1884313725 1.0000000000
0.490196 0.9686274510 0.2460784314 0.1774509804 1.0000000000
0.494118 0.9811764706 0.2476470588 0.1664705882 1.0000000000
0.498039 0.9937254902 0.2492156863 0.1554901961 1.0000000000
0.501961 0.9984313725 0.2539215686 0.1476470588 1.0000000000
0.505882 0.9952941176 0.2617647059 0.1429411765 1.0000000000
0.509804 0.9921568627 0.2696078431 0.1382352941 1.0000000000
0.513725 0.9890196078 0.2774509804 0.1335294118 1.0000000000
0.517647 0.9858823529 0.2852941176 0.1288235294 1.0000000000
0.521569 0.9827450980 0.2931372549 0.1241176471 1.0000000000
0.525490 0.9796078431 0.3009803922 0.1194117647 1.0000000000
0.529412 0.9764705882 0.3088235294 0.1147058824 1.0000000000
0.533333 0.9733333333 0.3166666667 0.1100000000 1.0000000000
0.537255 0.9701960784 0.3245098039 0.1052941176 1.0000000000
0.541176 0.9670588235 0.3323529412 0.1005882353 1.0000000000
0.545098 0.9639215686 0.3401960784 0.0958823529 1.0000000000
0.549020 0.9607843137 0.3480392157 0.0911764706 1.0000000000
0.552941 0.9576470588 0.3558823529 0.0864705882 1.0000000000
0.556863 0.9545098039 0.3637254902 0.0817647059 1.0000000000
0.560784 0.9513725490 0.3715686275 0.0770588235 1.0000000000
0.564706 0.9482352941 0.3794117647 0.0723529412 1.0000000000
0.568627 0.9450980392 0.3872549020 0.0676470588 1.0000000000
0.572549 0.9419607843 0.3950980392 0.0629411765 1.0000000000
0.576471 0.9388235294 0.4029411765 0.0582352941 1.0000000000
0.580392 0.9356862745 0.4107843137 0.0535294118 1.0000000000
0.584314 0.9325490196 0.4186274510 0.0488235294 1.0000000000
0.588235 0.9294117647 0.4264705882 0.0441176471 1.0000000000
0.592157 0.9262745098 0.4343137255 0.0394117647 1.0000000000
0.596078 0.9231372549 0.4421568627 0.0347058824 1.0000000000
0.600000 0.9200000000 0.4500000000 0.0300000000 1.0000000000
0.603922 0.9168627451 0.4578431373 0.0252941176 1.0000000000
0.607843 0.9137254902 0.4656862745 0.0205882353 1.0000000000
0.611765 0.9105882353 0.4735294118 0.0158823529 1.0000000000
0.615686 0.9074509804 0.4813725490 0.0111764706 1.0000000000
0.619608 0.9043137255 0.4892156863 0.0064705882 1.0000000000
0.623529 0.9011764706 0.4970588235 0.0017647059 1.0000000000
0.627451 0.9000000000 0.5049019608 0.0019607843 1.0000000000
0.631373 0.9000000000 0.5127450980 0.0050980392 1.0000000000
0.635294 0.9000000000 0.5205882353 0.0082352941 1.0000000000
0.639216 0.9000000000 0.5284313725 0.0113725490 1.0000000000
0.643137 0.9000000000 0.5362745098 0.0145098039 1.0000000000
0.647059 0.9000000000 0.5441176471 0.0176470588 1.0000000000
0.650980 0.9000000000 0.5519607843 0.0207843137 1.0000000000
0.654902 0.9000000000 0.5598039216 0.0239215686 1.0000000000
0.658824 0.9000000000 0.5676470588 0.0270588235 1.0000000000
0.662745 0.9000000000 0.5754901961 0.0301960784 1.0000000000
0.666667 0.9000000000 0.5833333333 0.0333333333 1.0000000000
0.670588 0.9000000000 0.5911764706 0.0364705882 1.0000000000
0.674510 0.9000000000 0.5990196078 0.0396078431 1.0000000000
0.678431 0.9000000000 0.6068627451 0.0427450980 1.0000000000
0.682353 0.9000000000 0.6147058824 0.0458823529 1.0000000000
0.686275 0.9000000000 0.6225490196 0.0490196078 1.0000000000
0.690196 0.9000000000 0.6303921569 0.0521568627 1.0000000000
0.694118 0.9000000000 0.6382352941 0.0552941176 1.0000000000
0.698039 0.9000000000 0.6460784314 0.0584313725 1.0000000000
0.701961 0.9000000000 0.6539215686 0.0615686275 1.0000000000
0.705882 0.9000000000 0.6617647059 0.0647058824 1.0000000000
0.709804 0.9000000000 0.6696078431 0.0678431373 1.0000000000
0.713725 0.9000000000 0.6774509804 0.0709803922 1.0000000000
0.717647 0.9000000000 0.6852941176 0.0741176471 1.0000000000
0.721569 0.9000000000 0.6931372549 0.0772549020 1.0000000000
0.725490 0.9000000000 0.7009803922 0.0803921569 1.0000000000
0.729412 0.9000000000 0.7088235294 0.0835294118 1.0000000000
0.733333 0.9000000000 0.7166666667 0.0866666667 1.0000000000
0.737255 0.9000000000 0.7245098039 0.0898039216 1.0000000000
0.741176 0.9000000000 0.7323529412 0.0929411765 1.0000000000
0.745098 0.9000000000 0.7401960784 0.0960784314 1.0000000000
0.749020 0.9000000000 0.7480392157 0.0992156863 1.0000000000
0.752941 0.9000000000 0.7535294118 0.1094117647 1.0000000000
0.756863 0.9000000000 0.7582352941 0.1219607843 1.0000000000
0.760784 0.9000000000 0.7629411765 0.1345098039 1.0000000000
0.764706 0.9000000000 0.7676470588 0.1470588235 1.0000000000
0.768627 0.9000000000 0.7723529412 0.1596078431 1.0000000000
0.772549 0.9000000000 0.7770588235 0.1721568627 1.0000000000
0.776471 0.9000000000 0.7817647059 0.1847058824 1.0000000000
0.780392 0.9000000000 0.7864705882 0.1972549020 1.0000000000
0.784314 0.9000000000 0.7911764706 0.2098039216 1.0000000000
0.788235 0.9000000000 0.7958823529 0.2223529412 1.0000000000
0.792157 0.9000000000 0.8005882353 0.2349019608 1.0000000000
0.796078 0.9000000000 0.8052941176 0.2474509804 1.0000000000
0.800000 0.9000000000 0.8100000000 0.2600000000 1.0000000000
0.803922 0.9000000000 0.8147058824 0.2725490196 1.0000000000
0.807843 0.9000000000 0.8194117647 0.2850980392 1.0000000000
0.811765 0.9000000000 0.8241176471 0.2976470588 1.0000000000
0.815686 0.9000000000 0.8288235294 0.3101960784 1.0000000000
0.819608 0.9000000000 0.8335294118 0.3227450980 1.0000000000
0.823529 0.9000000000 0.8382352941 0.3352941176 1.0000000000
0.827451 0.9000000000 0.8429411765 0.3478431373 1.0000000000
0.831373 0.9000000000 0.8476470588 0.3603921569 1.0000000000
0.835294 0.9000000000 0.8523529412 0.3729411765 1.0000000000
0.839216 0.9000000000 0.8570588235 0.3854901961 1.0000000000
0.843137 0.9000000000 0.8617647059 0.3980392157 1.0000000000
0.847059 0.9000000000 0.8664705882 0.4105882353 1.0000000000
0.850980 0.9000000000 0.8711764706 0.4231372549 1.0000000000
0.854902 0.9000000000 0.8758823529 0.4356862745 1.0000000000
0.858824 0.9000000000 0.8805882353 0.4482352941 1.0000000000
0.862745 0.9000000000 0.8852941176 0.4607843137 1.0000000000
0.866667 0.9000000000 0.8900000000 0.4733333333 1.0000000000
0.870588 0.9000000000 0.8947058824 0.4858823529 1.0000000000
0.874510 0.9000000000 0.8994117647 0.4984313725 1.0000000000
0.878431 0.9027450980 0.9027450980 0.5137254902 1.0000000000
0.882353 0.9058823529 0.9058823529 0.5294117647 1.0000000000
0.886275 0.9090196078 0.9090196078 0.5450980392 1.0000000000
0.890196 0.9121568627 0.9121568627 0.5607843137 1.0000000000
0.894118 0.9152941176 0.9152941176 0.5764705882 1.0000000000
0.898039 0.9184313725 0.9184313725 0.5921568627 1.0000000000
0.901961 0.9215686275 0.9215686275 0.6078431373 1.0000000000
0.905882 0.9247058824 0.9247058824 0.6235294118 1.0000000000
0.909804 0.9278431373 0.9278431373 0.6392156863 1.0000000000
0.913725 0.9309803922 0.9309803922 0.6549019608 1.0000000000
0.917647 0.9341176471 0.9341176471 0.6705882353 1.0000000000
0.921569 0.9372549020 0.9372549020 0.6862745098 1.0000000000
0.925490 0.9403921569 0.9403921569 0.7019607843 1.0000000000
0.929412 0.9435294118 0.9435294118 0.7176470588 1.0000000000
0.933333 0.9466666667 0.9466666667 0.7333333333 1.0000000000
0.937255 0.9498039216 0.9498039216 0.7490196078 1.0000000000
0.941176 0.9529411765 0.9529411765 0.7647058824 1.0000000000
0.945098 0.9560784314 0.9560784314 0.7803921569 1.0000000000
0.949020 0.9592156863 0.9592156863 0.7960784314 1.0000000000
0.952941 0.9623529412 0.9623529412 0.8117647059 1.0000000000
0.956863 0.9654901961 0.9654901961 0.8274509804 1.0000000000
0.960784 0.9686274510 0.9686274510 0.8431372549 1.0000000000
0.964706 0.9717647059 0.9717647059 0.8588235294 1.0000000000
0.968627 0.9749019608 0.9749019608 0.8745098039 1.0000000000
0.972549 0.9780392157 0.9780392157 0.8901960784 1.0000000000
0.976471 0.9811764706 0.9811764706 0.9058823529 1.0000000000
0.980392 0.9843137255 0.9843137255 0.9215686275 1.0000000000
0.984314 0.9874509804 0.9874509804 0.9372549020 1.0000000000
0.988235 0.9905882353 0.9905882353 0.9529411765 1.0000000000
0.992157 0.9937254902 0.9937254902 0.9686274510 1.0000000000
0.996078 0.9968627451 0.9968627451 0.9843137255 1.0000000000
1.000000 1.0000000000 1.0000000000 1.0000000000 1.0000000000
