0.000000 0.2298057000 0.2987179660 0.7536831530 1.0000000000
0.003922 0.2343770795 0.3055417303 0.7596795276 1.0000000000
0.007843 0.2389484589 0.3123654947 0.7656759022 1.0000000000
0.011765 0.2435198384 0.3191892590 0.7716722768 1.0000000000
0.015686 0.2480912178 0.3260130233 0.7776686514 1.0000000000
0.019608 0.2526625973 0.3328367876 0.7836650259 1.0000000000
0.023529 0.2572339767 0.3396605520 0.7896614005 1.0000000000
0.027451 0.2618053562 0.3464843163 0.7956577751 1.0000000000
0.031373 0.2663814684 0.3533044084 0.8016373195 1.0000000000
0.035294 0.2711042956 0.3600106620 0.8070951274 1.0000000000
0.039216 0.2758271229 0.3667169155 0.8125529354 1.0000000000
0.043137 0.2805499502 0.3734231691 0.8180107433 1.0000000000
0.047059 0.2852727775 0.3801294226 0.8234685512 1.0000000000
0.050980 0.2899956048 0.3868356762 0.8289263592 1.0000000000
0.054902 0.2947184321 0.3935419297 0.8343841671 1.0000000000
0.058824 0.2994412594 0.4002481833 0.8398419751 1.0000000000
0.062745 0.3041742870 0.4069448828 0.8452627267 1.0000000000
0.066667 0.3090603191 0.4134982723 0.8501276339 1.0000000000
0.070588 0.3139463511 0.4200516617 0.8549925410 1.0000000000
0.074510 0.3188323832 0.4266050511 0.8598574482 1.0000000000
0.078431 0.3237184153 0.4331584405 0.8647223554 1.0000000000
0.082353 0.3286044473 0.4397118300 0.8695872625 1.0000000000
0.086275 0.3334904794 0.4462652194 0.8744521697 1.0000000000
0.090196 0.3383765114 0.4528186088 0.8793170769 1.0000000000
0.094118 0.3432775234 0.4593536347 0.8841219216 1.0000000000
0.098039 0.3483233414 0.4657111465 0.8883461629 1.0000000000
0.101961 0.3533691594 0.4720686583 0.8925704043 1.0000000000
0.105882 0.3584149774 0.4784261701 0.8967946456 1.0000000000
0.109804 0.3634607953 0.4847836819 0.9010188869 1.0000000000
0.113725 0.3685066133 0.4911411936 0.9052431282 1.0000000000
0.117647 0.3735524313 0.4974987054 0.9094673695 1.0000000000
0.121569 0.3785982493 0.5038562172 0.9136916108 1.0000000000
0.125490 0.3836620658 0.5101834173 0.9178306732 1.0000000000
0.129412 0.3888518720 0.5162984356 0.9213734831 1.0000000000
0.133333 0.3940416781 0.5224134539 0.9249162929 1.0000000000
0.137255 0.3992314843 0.5285284722 0.9284591028 1.0000000000
0.141176 0.4044212905 0.5346434904 0.9320019126 1.0000000000
0.145098 0.4096110967 0.5407585087 0.9355447225 1.0000000000
0.149020 0.4148009029 0.5468735270 0.9390875323 1.0000000000
0.152941 0.4199907090 0.5529885453 0.9426303422 1.0000000000
0.156863 0.4251989702 0.5590581798 0.9460614571 1.0000000000
0.160784 0.4305068883 0.5648827415 0.9488894192 1.0000000000
0.164706 0.4358148063 0.5707073032 0.9517173813 1.0000000000
0.168627 0.4411227244 0.5765318648 0.9545453434 1.0000000000
0.172549 0.4464306424 0.5823564265 0.9573733055 1.0000000000
0.176471 0.4517385605 0.5881809882 0.9602012676 1.0000000000
0.180392 0.4570464785 0.5940055499 0.9630292297 1.0000000000
0.184314 0.4623543966 0.5998301116 0.9658571918 1.0000000000
0.188235 0.4676780947 0.6055912316 0.9685462811 1.0000000000
0.192157 0.4730701730 0.6110774376 0.9706335883 1.0000000000
0.196078 0.4784622513 0.6165636436 0.9727208954 1.0000000000
0.200000 0.4838543296 0.6220498496 0.9748082026 1.0000000000
0.203922 0.4892464079 0.6275360556 0.9768955098 1.0000000000
0.207843 0.4946384862 0.6330222616 0.9789828169 1.0000000000
0.211765 0.5000305645 0.6385084676 0.9810701241 1.0000000000
0.215686 0.5054226428 0.6439946736 0.9831574313 1.0000000000
0.219608 0.5108243243 0.6493966148 0.9850787764 1.0000000000
0.223529 0.5162603025 0.6544976106 0.9864073998 1.0000000000
0.227451 0.5216962808 0.6595986064 0.9877360232 1.0000000000
0.231373 0.5271322591 0.6646996021 0.9890646467 1.0000000000
0.235294 0.5325682374 0.6698005979 0.9903932701 1.0000000000
0.239216 0.5380042157 0.6749015936 0.9917218936 1.0000000000
0.243137 0.5434401940 0.6800025894 0.9930505170 1.0000000000
0.247059 0.5488761723 0.6851035852 0.9943791404 1.0000000000
0.250980 0.5543118699 0.6900970112 0.9955155482 1.0000000000
0.254902 0.5597467256 0.6947677281 0.9960753092 1.0000000000
0.258824 0.5651815812 0.6994384449 0.9966350701 1.0000000000
0.262745 0.5706164369 0.7041091618 0.9971948311 1.0000000000
0.266667 0.5760512925 0.7087798787 0.9977545920 1.0000000000
0.270588 0.5814861482 0.7134505955 0.9983143529 1.0000000000
0.274510 0.5869210038 0.7181213124 0.9988741139 1.0000000000
0.278431 0.5923558595 0.7227920293 0.9994338748 1.0000000000
0.282353 0.5977767755 0.7273297249 0.9997767318 1.0000000000
0.286275 0.6031620679 0.7315274774 0.9995652785 1.0000000000
0.290196 0.6085473603 0.7357252298 0.9993538253 1.0000000000
0.294118 0.6139326528 0.7399229823 0.9991423721 1.0000000000
0.298039 0.6193179452 0.7441207348 0.9989309188 1.0000000000
0.301961 0.6247032376 0.7483184872 0.9987194656 1.0000000000
0.305882 0.6300885300 0.7525162397 0.9985080123 1.0000000000
0.309804 0.6354738225 0.7567139922 0.9982965591 1.0000000000
0.313725 0.6408277824 0.7607515064 0.9978457749 1.0000000000
0.317647 0.6461128108 0.7644364965 0.9968684625 1.0000000000
0.321569 0.6513978392 0.7681214866 0.9958911501 1.0000000000
0.325490 0.6566828675 0.7718064768 0.9949138378 1.0000000000
0.329412 0.6619678959 0.7754914669 0.9939365254 1.0000000000
0.333333 0.6672529243 0.7791764570 0.9929592130 1.0000000000
0.337255 0.6725379527 0.7828614471 0.9919819006 1.0000000000
0.341176 0.6778229811 0.7865464372 0.9910045882 1.0000000000
0.345098 0.6830556816 0.7900426269 0.9897684282 1.0000000000
0.349020 0.6881884832 0.7931783793 0.9880381044 1.0000000000
0.352941 0.6933212848 0.7963141317 0.9863077805 1.0000000000
0.356863 0.6984540865 0.7994498841 0.9845774567 1.0000000000
0.360784 0.7035868881 0.8025856365 0.9828471329 1.0000000000
0.364706 0.7087196897 0.8057213889 0.9811168090 1.0000000000
0.368627 0.7138524913 0.8088571413 0.9793864852 1.0000000000
0.372549 0.7189852930 0.8119928937 0.9776561614 1.0000000000
0.376471 0.7240413719 0.8149103926 0.9756509706 1.0000000000
0.380392 0.7289695796 0.8174641357 0.9731876684 1.0000000000
0.384314 0.7338977873 0.8200178788 0.9707243661 1.0000000000
0.388235 0.7388259949 0.8225716218 0.9682610638 1.0000000000
0.392157 0.7437542026 0.8251253649 0.9657977615 1.0000000000
0.396078 0.7486824103 0.8276791079 0.9633344593 1.0000000000
0.400000 0.7536106180 0.8302328510 0.9608711570 1.0000000000
0.403922 0.7585388257 0.8327865941 0.9584078547 1.0000000000
0.407843 0.7633627801 0.8350922218 0.9556576766 1.0000000000
0.411765 0.7680343644 0.8370352195 0.9524882182 1.0000000000
0.415686 0.7727059486 0.8389782172 0.9493187599 1.0000000000
0.419608 0.7773775329 0.8409212149 0.9461493016 1.0000000000
0.423529 0.7820491171 0.8428642127 0.9429798433 1.0000000000
0.427451 0.7867207014 0.8448072104 0.9398103849 1.0000000000
0.431373 0.7913922856 0.8467502081 0.9366409266 1.0000000000
0.435294 0.7960638699 0.8486932058 0.9334714683 1.0000000000
0.439216 0.8006008473 0.8503583216 0.9300075604 1.0000000000
0.443137 0.8049647588 0.8516661606 0.9261650744 1.0000000000
0.447059 0.8093286704 0.8529739996 0.9223225885 1.0000000000
0.450980 0.8136925819 0.8542818385 0.9184801025 1.0000000000
0.454902 0.8180564934 0.8555896775 0.9146376165 1.0000000000
0.458824 0.8224204049 0.8568975165 0.9107951306 1.0000000000
0.462745 0.8267843165 0.8582053555 0.9069526446 1.0000000000
0.466667 0.8311482280 0.8595131945 0.9031101587 1.0000000000
0.470588 0.8353447114 0.8605139973 0.8989704099 1.0000000000
0.474510 0.8393514428 0.8611668257 0.8944937634 1.0000000000
0.478431 0.8433581742 0.8618196540 0.8900171169 1.0000000000
0.482353 0.8473649056 0.8624724824 0.8855404704 1.0000000000
0.486275 0.8513716370 0.8631253107 0.8810638238 1.0000000000
0.490196 0.8553783685 0.8637781391 0.8765871773 1.0000000000
0.494118 0.8593850999 0.8644309675 0.8721105308 1.0000000000
0.498039 0.8633918313 0.8650837958 0.8676338843 1.0000000000
0.501961 0.8674276351 0.8643765998 0.8626024620 1.0000000000
0.505882 0.8714925113 0.8623093793 0.8570162641 1.0000000000
0.509804 0.8755573874 0.8602421589 0.8514300661 1.0000000000
0.513725 0.8796222636 0.8581749384 0.8458438681 1.0000000000
0.517647 0.8836871398 0.8561077180 0.8402576702 1.0000000000
0.521569 0.8877520159 0.8540404975 0.8346714722 1.0000000000
0.525490 0.8918168921 0.8519732770 0.8290852743 1.0000000000
0.529412 0.8958817683 0.8499060566 0.8234990763 1.0000000000
0.533333 0.8995432066 0.8475002360 0.8177890744 1.0000000000
0.537255 0.9028486703 0.8447956506 0.8119698337 1.0000000000
0.541176 0.9061541340 0.8420910652 0.8061505931 1.0000000000
0.545098 0.9094595978 0.8393864798 0.8003313524 1.0000000000
0.549020 0.9127650615 0.8366818944 0.7945121118 1.0000000000
0.552941 0.9160705252 0.8339773089 0.7886928711 1.0000000000
0.556863 0.9193759889 0.8312727235 0.7828736304 1.0000000000
0.560784 0.9226814526 0.8285681381 0.7770543898 1.0000000000
0.564706 0.9255634230 0.8255172981 0.7711363078 1.0000000000
0.568627 0.9281160097 0.8221971489 0.7651413493 1.0000000000
0.572549 0.9306685963 0.8188769997 0.7591463907 1.0000000000
0.576471 0.9332211830 0.8155568504 0.7531514321 1.0000000000
0.580392 0.9357737697 0.8122367012 0.7471564736 1.0000000000
0.584314 0.9383263563 0.8089165520 0.7411615150 1.0000000000
0.588235 0.9408789430 0.8055964028 0.7351665565 1.0000000000
0.592157 0.9434315297 0.8022762536 0.7291715979 1.0000000000
0.596078 0.9455402989 0.7986057405 0.7231054173 1.0000000000
0.600000 0.9473454036 0.7946955048 0.7169905058 1.0000000000
0.603922 0.9491505083 0.7907852691 0.7108755943 1.0000000000
0.607843 0.9509556130 0.7868750333 0.7047606828 1.0000000000
0.611765 0.9527607177 0.7829647976 0.6986457713 1.0000000000
0.615686 0.9545658224 0.7790545619 0.6925308598 1.0000000000
0.619608 0.9563709271 0.7751443261 0.6864159483 1.0000000000
0.623529 0.9581760317 0.7712340904 0.6803010368 1.0000000000
0.627451 0.9595176585 0.7669728545 0.6741447150 1.0000000000
0.631373 0.9605811984 0.7625010185 0.6679635471 1.0000000000
0.635294 0.9616447384 0.7580291825 0.6617823792 1.0000000000
0.639216 0.9627082783 0.7535573466 0.6556012112 1.0000000000
0.643137 0.9637718183 0.7490855106 0.6494200433 1.0000000000
0.647059 0.9648353582 0.7446136746 0.6432388754 1.0000000000
0.650980 0.9658988982 0.7401418386 0.6370577074 1.0000000000
0.654902 0.9669624381 0.7356700026 0.6308765395 1.0000000000
0.658824 0.9675442976 0.7308497162 0.6246854782 1.0000000000
0.662745 0.9678738483 0.7258469081 0.6184892348 1.0000000000
0.666667 0.9682033990 0.7208441000 0.6122929913 1.0000000000
0.670588 0.9685329497 0.7158412919 0.6060967479 1.0000000000
0.674510 0.9688625004 0.7108384838 0.5999005044 1.0000000000
0.678431 0.9691920510 0.7058356757 0.5937042610 1.0000000000
0.682353 0.9695216017 0.7008328676 0.5875080175 1.0000000000
0.686275 0.9698511524 0.6958300595 0.5813117741 1.0000000000
0.690196 0.9696829797 0.6904839307 0.5751383614 1.0000000000
0.694118 0.9692885690 0.6849817471 0.5689753263 1.0000000000
0.698039 0.9688941583 0.6794795634 0.5628122912 1.0000000000
0.701961 0.9684997477 0.6739773798 0.5566492560 1.0000000000
0.705882 0.9681053370 0.6684751961 0.5504862209 1.0000000000
0.709804 0.9677109263 0.6629730125 0.5443231858 1.0000000000
0.713725 0.9673165157 0.6574708288 0.5381601507 1.0000000000
0.717647 0.9669221050 0.6519686452 0.5319971156 1.0000000000
0.721569 0.9660167198 0.6461297416 0.5258903483 1.0000000000
0.725490 0.9649113881 0.6401590781 0.5198055987 1.0000000000
0.729412 0.9638060564 0.6341884145 0.5137208492 1.0000000000
0.733333 0.9627007247 0.6282177510 0.5076360996 1.0000000000
0.737255 0.9615953930 0.6222470875 0.5015513500 1.0000000000
0.741176 0.9604900613 0.6162764239 0.4954666005 1.0000000000
0.745098 0.9593847296 0.6103057604 0.4893818509 1.0000000000
0.749020 0.9582793979 0.6043350969 0.4832971014 1.0000000000
0.752941 0.9566532110 0.5980338227 0.4773022924 1.0000000000
0.756863 0.9548534056 0.5916223450 0.4713374635 1.0000000000
0.760784 0.9530536002 0.5852108673 0.4653726346 1.0000000000
0.764706 0.9512537949 0.5787993896 0.4594078058 1.0000000000
0.768627 0.9494539895 0.5723879119 0.4534429769 1.0000000000
0.772549 0.9476541842 0.5659764342 0.4474781480 1.0000000000
0.776471 0.9458543788 0.5595649565 0.4415133192 1.0000000000
0.780392 0.9440545734 0.5531534787 0.4355484903 1.0000000000
0.784314 0.9417279298 0.5464134770 0.4297070704 1.0000000000
0.788235 0.9392537715 0.5395814886 0.4239002049 1.0000000000
0.792157 0.9367796132 0.5327495001 0.4180933395 1.0000000000
0.796078 0.9343054549 0.5259175117 0.4122864740 1.0000000000
0.800000 0.9318312966 0.5190855232 0.4064796086 1.0000000000
0.803922 0.9293571383 0.5122535347 0.4006727432 1.0000000000
0.807843 0.9268829800 0.5054215463 0.3948658777 1.0000000000
0.811765 0.9244088217 0.4985895578 0.3890590123 1.0000000000
0.815686 0.9214062212 0.4914204172 0.3834084354 1.0000000000
0.819608 0.9182816726 0.4841734722 0.3777939251 1.0000000000
0.823529 0.9151571239 0.4769265272 0.3721794148 1.0000000000
0.827451 0.9120325753 0.4696795822 0.3665649045 1.0000000000
0.831373 0.9089080267 0.4624326372 0.3609503942 1.0000000000
0.835294 0.9057834780 0.4551856922 0.3553358838 1.0000000000
0.839216 0.9026589294 0.4479387472 0.3497213735 1.0000000000
0.843137 0.8995343807 0.4406918022 0.3441068632 1.0000000000
0.847059 0.8958845948 0.4330745567 0.3386806345 1.0000000000
0.850980 0.8921375428 0.4253887371 0.3332892728 1.0000000000
0.854902 0.8883904907 0.4177029175 0.3278979110 1.0000000000
0.858824 0.8846434387 0.4100170979 0.3225065492 1.0000000000
0.862745 0.8808963866 0.4023312783 0.3171151875 1.0000000000
0.866667 0.8771493346 0.3946454587 0.3117238257 1.0000000000
0.870588 0.8734022826 0.3869596391 0.3063324640 1.0000000000
0.874510 0.8696552305 0.3792738195 0.3009411022 1.0000000000
0.878431 0.8653913329 0.3711276720 0.2957689564 1.0000000000
0.882353 0.8610536003 0.3629157635 0.2906281272 1.0000000000
0.886275 0.8567158677 0.3547038550 0.2854872979 1.0000000000
0.890196 0.8523781350 0.3464919465 0.2803464687 1.0000000000
0.894118 0.8480404024 0.3382800380 0.2752056395 1.0000000000
0.898039 0.8437026697 0.3300681295 0.2700648102 1.0000000000
0.901961 0.8393649371 0.3218562209 0.2649239810 1.0000000000
0.905882 0.8350272044 0.3136443124 0.2597831517 1.0000000000
0.909804 0.8301865219 0.3047327636 0.2548914281 1.0000000000
0.913725 0.8252938102 0.2957488381 0.2500254739 1.0000000000
0.917647 0.8204010984 0.2867649126 0.2451595198 1.0000000000
0.921569 0.8155083866 0.2777809872 0.2402935657 1.0000000000
0.925490 0.8106156748 0.2687970617 0.2354276115 1.0000000000
0.929412 0.8057229630 0.2598131363 0.2305616574 1.0000000000
0.933333 0.8008302513 0.2508292108 0.2256957033 1.0000000000
0.937255 0.7959375395 0.2418452853 0.2208297491 1.0000000000
0.941176 0.7905615319 0.2313969991 0.2162420383 1.0000000000
0.945098 0.7851533047 0.2208510887 0.2116728770 1.0000000000
0.949020 0.7797450774 0.2103051784 0.2071037157 1.0000000000
0.952941 0.7743368502 0.1997592680 0.2025345544 1.0000000000
0.956863 0.7689286229 0.1892133577 0.1979653931 1.0000000000
0.960784 0.7635203956 0.1786674474 0.1933962319 1.0000000000
0.964706 0.7581121684 0.1681215370 0.1888270706 1.0000000000
0.968627 0.7527039411 0.1575756267 0.1842579093 1.0000000000
0.972549 0.7468380122 0.1400210195 0.1799960970 1.0000000000
0.976471 0.7409573188 0.1222403253 0.1757441991 1.0000000000
0.980392 0.7350766253 0.1044596311 0.1714923013 1.0000000000
0.984314 0.7291959318 0.0866789368 0.1672404034 1.0000000000
0.988235 0.7233152384 0.0688982426 0.1629885056 1.0000000000
0.992157 0.7174345449 0.0511175484 0.1587366077 1.0000000000
0.996078 0.7115538515 0.0333368542 0.1544847099 1.0000000000
1.000000 0.7056731580 0.0155561600 0.1502328120 1.0000000000
