0.000000 0.0000000000 0.0000000000 0.0000000000 1.0000000000
0.003922 0.0048442895 0.0030635294 0.0019509804 1.0000000000
0.007843 0.0096885790 0.0061270588 0.0039019608 1.0000000000
0.011765 0.0145328686 0.0091905882 0.0058529412 1.0000000000
0.015686 0.0193771581 0.0122541176 0.0078039216 1.0000000000
0.019608 0.0242214476 0.0153176471 0.0097549020 1.0000000000
0.023529 0.0290657371 0.0183811765 0.0117058824 1.0000000000
0.027451 0.0339100266 0.0214447059 0.0136568627 1.0000000000
0.031373 0.0387543161 0.0245082353 0.0156078431 1.0000000000
0.035294 0.0435986057 0.0275717647 0.0175588235 1.0000000000
0.039216 0.0484428952 0.0306352941 0.0195098039 1.0000000000
0.043137 0.0532871847 0.0336988235 0.0214607843 1.0000000000
0.047059 0.0581314742 0.0367623529 0.0234117647 1.0000000000
0.050980 0.0629757637 0.0398258824 0.0253627451 1.0000000000
0.054902 0.0678200532 0.0428894118 0.0273137255 1.0000000000
0.058824 0.0726643428 0.0459529412 0.0292647059 1.0000000000
0.062745 0.0775086323 0.0490164706 0.0312156863 1.0000000000
0.066667 0.0823529218 0.0520800000 0.0331666667 1.0000000000
0.070588 0.0871972113 0.0551435294 0.0351176471 1.0000000000
0.074510 0.0920415008 0.0582070588 0.0370686275 1.0000000000
0.078431 0.0968857904 0.0612705882 0.0390196078 1.0000000000
0.082353 0.1017300799 0.0643341176 0.0409705882 1.0000000000
0.086275 0.1065743694 0.0673976471 0.0429215686 1.0000000000
0.090196 0.1114186589 0.0704611765 0.0448725490 1.0000000000
0.094118 0.1162629484 0.0735247059 0.0468235294 1.0000000000
0.098039 0.1211072379 0.0765882353 0.0487745098 1.0000000000
0.101961 0.1259515275 0.0796517647 0.0507254902 1.0000000000
0.105882 0.1307958170 0.0827152941 0.0526764706 1.0000000000
0.109804 0.1356401065 0.0857788235 0.0546274510 1.0000000000
0.113725 0.1404843960 0.0888423529 0.0565784314 1.0000000000
0.117647 0.1453286855 0.0919058824 0.0585294118 1.0000000000
0.121569 0.1501729750 0.0949694118 0.0604803922 1.0000000000
0.125490 0.1550172646 0.0980329412 0.0624313725 1.0000000000
0.129412 0.1598615541 0.1010964706 0.0643823529 1.0000000000
0.133333 0.1647058436 0.1041600000 0.0663333333 1.0000000000
0.137255 0.1695501331 0.1072235294 0.0682843137 1.0000000000
0.141176 0.1743944226 0.1102870588 0.0702352941 1.0000000000
0.145098 0.1792387122 0.1133505882 0.0721862745 1.0000000000
0.149020 0.1840830017 0.1164141176 0.0741372549 1.0000000000
0.152941 0.1889272912 0.1194776471 0.0760882353 1.0000000000
0.156863 0.1937715807 0.1225411765 0.0780392157 1.0000000000
0.160784 0.1986158702 0.1256047059 0.0799901961 1.0000000000
0.164706 0.2034601597 0.1286682353 0.0819411765 1.0000000000
0.168627 0.2083044493 0.1317317647 0.0838921569 1.0000000000
0.172549 0.2131487388 0.1347952941 0.0858431373 1.0000000000
0.176471 0.2179930283 0.1378588235 0.0877941176 1.0000000000
0.180392 0.2228373178 0.1409223529 0.0897450980 1.0000000000
0.184314 0.2276816073 0.1439858824 0.0916960784 1.0000000000
0.188235 0.2325258968 0.1470494118 0.0936470588 1.0000000000
0.192157 0.2373701864 0.1501129412 0.0955980392 1.0000000000
0.196078 0.2422144759 0.1531764706 0.0975490196 1.0000000000
0.200000 0.2470587654 0.1562400000 0.0995000000 1.0000000000
0.203922 0.2519030549 0.1593035294 0.1014509804 1.0000000000
0.207843 0.2567473444 0.1623670588 0.1034019608 1.0000000000
0.211765 0.2615916340 0.1654305882 0.1053529412 1.0000000000
0.215686 0.2664359235 0.1684941176 0.1073039216 1.0000000000
0.219608 0.2712802130 0.1715576471 0.1092549020 1.0000000000
0.223529 0.2761245025 0.1746211765 0.1112058824 1.0000000000
0.227451 0.2809687920 0.1776847059 0.1131568627 1.0000000000
0.231373 0.2858130815 0.1807482353 0.1151078431 1.0000000000
0.235294 0.2906573711 0.1838117647 0.1170588235 1.0000000000
0.239216 0.2955016606 0.1868752941 0.1190098039 1.0000000000
0.243137 0.3003459501 0.1899388235 0.1209607843 1.0000000000
0.247059 0.3051902396 0.1930023529 0.1229117647 1.0000000000
0.250980 0.3100345291 0.1960658824 0.1248627451 1.0000000000
0.254902 0.3148788186 0.1991294118 0.1268137255 1.0000000000
0.258824 0.3197231082 0.2021929412 0.1287647059 1.0000000000
0.262745 0.3245673977 0.2052564706 0.1307156863 1.0000000000
0.266667 0.3294116872 0.2083200000 0.1326666667 1.0000000000
0.270588 0.3342559767 0.2113835294 0.1346176471 1.0000000000
0.274510 0.3391002662 0.2144470588 0.1365686275 1.0000000000
0.278431 0.3439445558 0.2175105882 0.1385196078 1.0000000000
0.282353 0.3487888453 0.2205741176 0.1404705882 1.0000000000
0.286275 0.3536331348 0.2236376471 0.1424215686 1.0000000000
0.290196 0.3584774243 0.2267011765 0.1443725490 1.0000000000
0.294118 0.3633217138 0.2297647059 0.1463235294 1.0000000000
0.298039 0.3681660033 0.2328282353 0.1482745098 1.0000000000
0.301961 0.3730102929 0.2358917647 0.1502254902 1.0000000000
0.305882 0.3778545824 0.2389552941 0.1521764706 1.0000000000
0.309804 0.3826988719 0.2420188235 0.1541274510 1.0000000000
0.313725 0.3875431614 0.2450823529 0.1560784314 1.0000000000
0.317647 0.3923874509 0.2481458824 0.1580294118 1.0000000000
0.321569 0.3972317404 0.2512094118 0.1599803922 1.0000000000
0.325490 0.4020760300 0.2542729412 0.1619313725 1.0000000000
0.329412 0.4069203195 0.2573364706 0.1638823529 1.0000000000
0.333333 0.4117646090 0.2604000000 0.1658333333 1.0000000000
0.337255 0.4166088985 0.2634635294 0.1677843137 1.0000000000
0.341176 0.4214531880 0.2665270588 0.1697352941 1.0000000000
0.345098 0.4262974775 0.2695905882 0.1716862745 1.0000000000
0.349020 0.4311417671 0.2726541176 0.1736372549 1.0000000000
0.352941 0.4359860566 0.2757176471 0.1755882353 1.0000000000
0.356863 0.4408303461 0.2787811765 0.1775392157 1.0000000000
0.360784 0.4456746356 0.2818447059 0.1794901961 1.0000000000
0.364706 0.4505189251 0.2849082353 0.1814411765 1.0000000000
0.368627 0.4553632147 0.2879717647 0.1833921569 1.0000000000
0.372549 0.4602075042 0.2910352941 0.1853431373 1.0000000000
0.376471 0.4650517937 0.2940988235 0.1872941176 1.0000000000
0.380392 0.4698960832 0.2971623529 0.1892450980 1.0000000000
0.384314 0.4747403727 0.3002258824 0.1911960784 1.0000000000
0.388235 0.4795846622 0.3032894118 0.1931470588 1.0000000000
0.392157 0.4844289518 0.3063529412 0.1950980392 1.0000000000
0.396078 0.4892732413 0.3094164706 0.1970490196 1.0000000000
0.400000 0.4941175308 0.3124800000 0.1990000000 1.0000000000
0.403922 0.4989618203 0.3155435294 0.2009509804 1.0000000000
0.407843 0.5038061098 0.3186070588 0.2029019608 1.0000000000
0.411765 0.5086503993 0.3216705882 0.2048529412 1.0000000000
0.415686 0.5134946889 0.3247341176 0.2068039216 1.0000000000
0.419608 0.5183389784 0.3277976471 0.2087549020 1.0000000000
0.423529 0.5231832679 0.3308611765 0.2107058824 1.0000000000
0.427451 0.5280275574 0.3339247059 0.2126568627 1.0000000000
0.431373 0.5328718469 0.3369882353 0.2146078431 1.0000000000
0.435294 0.5377161365 0.3400517647 0.2165588235 1.0000000000
0.439216 0.5425604260 0.3431152941 0.2185098039 1.0000000000
0.443137 0.5474047155 0.3461788235 0.2204607843 1.0000000000
0.447059 0.5522490050 0.3492423529 0.2224117647 1.0000000000
0.450980 0.5570932945 0.3523058824 0.2243627451 1.0000000000
0.454902 0.5619375840 0.3553694118 0.2263137255 1.0000000000
0.458824 0.5667818736 0.3584329412 0.2282647059 1.0000000000
0.462745 0.5716261631 0.3614964706 0.2302156863 1.0000000000
0.466667 0.5764704526 0.3645600000 0.2321666667 1.0000000000
0.470588 0.5813147421 0.3676235294 0.2341176471 1.0000000000
0.474510 0.5861590316 0.3706870588 0.2360686275 1.0000000000
0.478431 0.5910033211 0.3737505882 0.2380196078 1.0000000000
0.482353 0.5958476107 0.3768141176 0.2399705882 1.0000000000
0.486275 0.6006919002 0.3798776471 0.2419215686 1.0000000000
0.490196 0.6055361897 0.3829411765 0.2438725490 1.0000000000
0.494118 0.6103804792 0.3860047059 0.2458235294 1.0000000000
0.498039 0.6152247687 0.3890682353 0.2477745098 1.0000000000
0.501961 0.6200690583 0.3921317647 0.2497254902 1.0000000000
0.505882 0.6249133478 0.3951952941 0.2516764706 1.0000000000
0.509804 0.6297576373 0.3982588235 0.2536274510 1.0000000000
0.513725 0.6346019268 0.4013223529 0.2555784314 1.0000000000
0.517647 0.6394462163 0.4043858824 0.2575294118 1.0000000000
0.521569 0.6442905058 0.4074494118 0.2594803922 1.0000000000
0.525490 0.6491347954 0.4105129412 0.2614313725 1.0000000000
0.529412 0.6539790849 0.4135764706 0.2633823529 1.0000000000
0.533333 0.6588233744 0.4166400000 0.2653333333 1.0000000000
0.537255 0.6636676639 0.4197035294 0.2672843137 1.0000000000
0.541176 0.6685119534 0.4227670588 0.2692352941 1.0000000000
0.545098 0.6733562429 0.4258305882 0.2711862745 1.0000000000
0.549020 0.6782005325 0.4288941176 0.2731372549 1.0000000000
0.552941 0.6830448220 0.4319576471 0.2750882353 1.0000000000
0.556863 0.6878891115 0.4350211765 0.2770392157 1.0000000000
0.560784 0.6927334010 0.4380847059 0.2789901961 1.0000000000
0.564706 0.6975776905 0.4411482353 0.2809411765 1.0000000000
0.568627 0.7024219801 0.4442117647 0.2828921569 1.0000000000
0.572549 0.7072662696 0.4472752941 0.2848431373 1.0000000000
0.576471 0.7121105591 0.4503388235 0.2867941176 1.0000000000
0.580392 0.7169548486 0.4534023529 0.2887450980 1.0000000000
0.584314 0.7217991381 0.4564658824 0.2906960784 1.0000000000
0.588235 0.7266434276 0.4595294118 0.2926470588 1.0000000000
0.592157 0.7314877172 0.4625929412 0.2945980392 1.0000000000
0.596078 0.7363320067 0.4656564706 0.2965490196 1.0000000000
0.600000 0.7411762962 0.4687200000 0.2985000000 1.0000000000
0.603922 0.7460205857 0.4717835294 0.3004509804 1.0000000000
0.607843 0.7508648752 0.4748470588 0.3024019608 1.0000000000
0.611765 0.7557091647 0.4779105882 0.3043529412 1.0000000000
0.615686 0.7605534543 0.4809741176 0.3063039216 1.0000000000
0.619608 0.7653977438 0.4840376471 0.3082549020 1.0000000000
0.623529 0.7702420333 0.4871011765 0.3102058824 1.0000000000
0.627451 0.7750863228 0.4901647059 0.3121568627 1.0000000000
0.631373 0.7799306123 0.4932282353 0.3141078431 1.0000000000
0.635294 0.7847749019 0.4962917647 0.3160588235 1.0000000000
0.639216 0.7896191914 0.4993552941 0.3180098039 1.0000000000
0.643137 0.7944634809 0.5024188235 0.3199607843 1.0000000000
0.647059 0.7993077704 0.5054823529 0.3219117647 1.0000000000
0.650980 0.8041520599 0.5085458824 0.3238627451 1.0000000000
0.654902 0.8089963494 0.5116094118 0.3258137255 1.0000000000
0.658824 0.8138406390 0.5146729412 0.3277647059 1.0000000000
0.662745 0.8186849285 0.5177364706 0.3297156863 1.0000000000
0.666667 0.8235292180 0.5208000000 0.3316666667 1.0000000000
0.670588 0.8283735075 0.5238635294 0.3336176471 1.0000000000
0.674510 0.8332177970 0.5269270588 0.3355686275 1.0000000000
0.678431 0.8380620865 0.5299905882 0.3375196078 1.0000000000
0.682353 0.8429063761 0.5330541176 0.3394705882 1.0000000000
0.686275 0.8477506656 0.5361176471 0.3414215686 1.0000000000
0.690196 0.8525949551 0.5391811765 0.3433725490 1.0000000000
0.694118 0.8574392446 0.5422447059 0.3453235294 1.0000000000
0.698039 0.8622835341 0.5453082353 0.3472745098 1.0000000000
0.701961 0.8671278237 0.5483717647 0.3492254902 1.0000000000
0.705882 0.8719721132 0.5514352941 0.3511764706 1.0000000000
0.709804 0.8768164027 0.5544988235 0.3531274510 1.0000000000
0.713725 0.8816606922 0.5575623529 0.3550784314 1.0000000000
0.717647 0.8865049817 0.5606258824 0.3570294118 1.0000000000
0.721569 0.8913492712 0.5636894118 0.3589803922 1.0000000000
0.725490 0.8961935608 0.5667529412 0.3609313725 1.0000000000
0.729412 0.9010378503 0.5698164706 0.3628823529 1.0000000000
0.733333 0.9058821398 0.5728800000 0.3648333333 1.0000000000
0.737255 0.9107264293 0.5759435294 0.3667843137 1.0000000000
0.741176 0.9155707188 0.5790070588 0.3687352941 1.0000000000
0.745098 0.9204150083 0.5820705882 0.3706862745 1.0000000000
0.749020 0.9252592979 0.5851341176 0.3726372549 1.0000000000
0.752941 0.9301035874 0.5881976471 0.3745882353 1.0000000000
0.756863 0.9349478769 0.5912611765 0.3765392157 1.0000000000
0.760784 0.9397921664 0.5943247059 0.3784901961 1.0000000000
0.764706 0.9446364559 0.5973882353 0.3804411765 1.0000000000
0.768627 0.9494807455 0.6004517647 0.3823921569 1.0000000000
0.772549 0.9543250350 0.6035152941 0.3843431373 1.0000000000
0.776471 0.9591693245 0.6065788235 0.3862941176 1.0000000000
0.780392 0.9640136140 0.6096423529 0.3882450980 1.0000000000
0.784314 0.9688579035 0.6127058824 0.3901960784 1.0000000000
0.788235 0.9737021930 0.6157694118 0.3921470588 1.0000000000
0.792157 0.9785464826 0.6188329412 0.3940980392 1.0000000000
0.796078 0.9833907721 0.6218964706 0.3960490196 1.0000000000
0.800000 0.9882350616 0.6249600000 0.3980000000 1.0000000000
0.803922 0.9930793511 0.6280235294 0.3999509804 1.0000000000
0.807843 0.9979236406 0.6310870588 0.4019019608 1.0000000000
0.811765 1.0000000000 0.6341505882 0.4038529412 1.0000000000
0.815686 1.0000000000 0.6372141176 0.4058039216 1.0000000000
0.819608 1.0000000000 0.6402776471 0.4077549020 1.0000000000
0.823529 1.0000000000 0.6433411765 0.4097058824 1.0000000000
0.827451 1.0000000000 0.6464047059 0.4116568627 1.0000000000
0.831373 1.0000000000 0.6494682353 0.4136078431 1.0000000000
0.835294 1.0000000000 0.6525317647 0.4155588235 1.0000000000
0.839216 1.0000000000 0.6555952941 0.4175098039 1.0000000000
0.843137 1.0000000000 0.6586588235 0.4194607843 1.0000000000
0.847059 1.0000000000 0.6617223529 0.4214117647 1.0000000000
0.850980 1.0000000000 0.6647858824 0.4233627451 1.0000000000
0.854902 1.0000000000 0.6678494118 0.4253137255 1.0000000000
0.858824 1.0000000000 0.6709129412 0.4272647059 1.0000000000
0.862745 1.0000000000 0.6739764706 0.4292156863 1.0000000000
0.866667 1.0000000000 0.6770400000 0.4311666667 1.0000000000
0.870588 1.0000000000 0.6801035294 0.4331176471 1.0000000000
0.874510 1.0000000000 0.6831670588 0.4350686275 1.0000000000
0.878431 1.0000000000 0.6862305882 0.4370196078 1.0000000000
0.882353 1.0000000000 0.6892941176 0.4389705882 1.0000000000
0.886275 1.0000000000 0.6923576471 0.4409215686 1.0000000000
0.890196 1.0000000000 0.6954211765 0.4428725490 1.0000000000
0.894118 1.0000000000 0.6984847059 0.4448235294 1.0000000000
0.898039 1.0000000000 0.7015482353 0.4467745098 1.0000000000
0.901961 1.0000000000 0.7046117647 0.4487254902 1.0000000000
0.905882 1.0000000000 0.7076752941 0.4506764706 1.0000000000
0.909804 1.0000000000 0.7107388235 0.4526274510 1.0000000000
0.913725 1.0000000000 0.7138023529 0.4545784314 1.0000000000
0.917647 1.0000000000 0.7168658824 0.4565294118 1.0000000000
0.921569 1.0000000000 0.7199294118 0.4584803922 1.0000000000
0.925490 1.0000000000 0.7229929412 0.4604313725 1.0000000000
0.929412 1.0000000000 0.7260564706 0.4623823529 1.0000000000
0.933333 1.0000000000 0.7291200000 0.4643333333 1.0000000000
0.937255 1.0000000000 0.7321835294 0.4662843137 1.0000000000
0.941176 1.0000000000 0.7352470588 0.4682352941 1.0000000000
0.945098 1.0000000000 0.7383105882 0.4701862745 1.0000000000
0.949020 1.0000000000 0.7413741176 0.4721372549 1.0000000000
0.952941 1.0000000000 0.7444376471 0.4740882353 1.0000000000
0.956863 1.0000000000 0.7475011765 0.4760392157 1.0000000000
0.960784 1.0000000000 0.7505647059 0.4779901961 1.0000000000
0.964706 1.0000000000 0.7536282353 0.4799411765 1.0000000000
0.968627 1.0000000000 0.7566917647 0.4818921569 1.0000000000
0.972549 1.0000000000 0.7597552941 0.4838431373 1.0000000000
0.976471 1.0000000000 0.7628188235 0.4857941176 1.0000000000
0.980392 1.0000000000 0.7658823529 0.4877450980 1.0000000000
0.984314 1.0000000000 0.7689458824 0.4896960784 1.0000000000
0.988235 1.0000000000 0.7720094118 0.4916470588 1.0000000000
0.992157 1.0000000000 0.7750729412 0.4935980392 1.0000000000
0.996078 1.0000000000 0.7781364706 0.4955490196 1.0000000000
1.000000 1.0000000000 0.7812000000 0.4975000000 1.0000000000
