0.000000 0.0000000000 0.0000000000 0.0000000000 1.0000000000
0.003922 0.0067162947 0.0021185744 0.0059702329 1.0000000000
0.007843 0.0132524153 0.0042874990 0.0121617889 1.0000000000
0.011765 0.0195991983 0.0065136013 0.0185630391 1.0000000000
0.015686 0.0257481044 0.0088034823 0.0251618672 1.0000000000
0.019608 0.0316912333 0.0111635028 0.0319457023 1.0000000000
0.023529 0.0374213376 0.0135997698 0.0389015539 1.0000000000
0.027451 0.0429318348 0.0161181241 0.0460160462 1.0000000000
0.031373 0.0482168180 0.0187241282 0.0532754537 1.0000000000
0.035294 0.0532710649 0.0214230549 0.0606657373 1.0000000000
0.039216 0.0580900452 0.0242198770 0.0681725806 1.0000000000
0.043137 0.0626699265 0.0271192571 0.0757814267 1.0000000000
0.047059 0.0670075783 0.0301255388 0.0834775148 1.0000000000
0.050980 0.0711005750 0.0332427386 0.0912459183 1.0000000000
0.054902 0.0749471970 0.0364745378 0.0990715809 1.0000000000
0.058824 0.0785464298 0.0398242765 0.1069393550 1.0000000000
0.062745 0.0818979624 0.0432949470 0.1148340384 1.0000000000
0.066667 0.0850021834 0.0468891893 0.1227404117 1.0000000000
0.070588 0.0878601759 0.0506092864 0.1306432750 1.0000000000
0.074510 0.0904737112 0.0544571611 0.1385274851 1.0000000000
0.078431 0.0928452401 0.0584343732 0.1463779910 1.0000000000
0.082353 0.0949778838 0.0625421178 0.1541798708 1.0000000000
0.086275 0.0968754226 0.0667812242 0.1619183663 1.0000000000
0.090196 0.0985422836 0.0711521557 0.1695789181 1.0000000000
0.094118 0.0999835269 0.0756550105 0.1771471999 1.0000000000
0.098039 0.1012048304 0.0802895228 0.1846091518 1.0000000000
0.101961 0.1022124733 0.0850550653 0.1919510131 1.0000000000
0.105882 0.1030133189 0.0899506521 0.1991593541 1.0000000000
0.109804 0.1036147952 0.0949749426 0.2062211071 1.0000000000
0.113725 0.1040248750 0.1001262461 0.2131235962 1.0000000000
0.117647 0.1042520551 0.1054025270 0.2198545665 1.0000000000
0.121569 0.1043053337 0.1108014110 0.2264022119 1.0000000000
0.125490 0.1041941874 0.1163201922 0.2327552016 1.0000000000
0.129412 0.1039285471 0.1219558399 0.2389027062 1.0000000000
0.133333 0.1035187728 0.1277050076 0.2448344216 1.0000000000
0.137255 0.1029756278 0.1335640411 0.2505405920 1.0000000000
0.141176 0.1023102519 0.1395289887 0.2560120319 1.0000000000
0.145098 0.1015341345 0.1455956108 0.2612401466 1.0000000000
0.149020 0.1006590856 0.1517593912 0.2662169507 1.0000000000
0.152941 0.0996972083 0.1580155475 0.2709350860 1.0000000000
0.156863 0.0986608688 0.1643590439 0.2753878375 1.0000000000
0.160784 0.0975626668 0.1707846030 0.2795691482 1.0000000000
0.164706 0.0964154062 0.1772867186 0.2834736319 1.0000000000
0.168627 0.0952320635 0.1838596694 0.2870965847 1.0000000000
0.172549 0.0940257584 0.1904975323 0.2904339957 1.0000000000
0.176471 0.0928097218 0.1971941969 0.2934825545 1.0000000000
0.180392 0.0915972656 0.2039433796 0.2962396589 1.0000000000
0.184314 0.0904017512 0.2107386387 0.2987034195 1.0000000000
0.188235 0.0892365586 0.2175733896 0.3008726640 1.0000000000
0.192157 0.0881150549 0.2244409197 0.3027469391 1.0000000000
0.196078 0.0870505642 0.2313344047 0.3043265106 1.0000000000
0.200000 0.0860563360 0.2382469240 0.3056123631 1.0000000000
0.203922 0.0851455152 0.2451714768 0.3066061968 1.0000000000
0.207843 0.0843311118 0.2521009982 0.3073104236 1.0000000000
0.211765 0.0836259711 0.2590283754 0.3077281610 1.0000000000
0.215686 0.0830427442 0.2659464642 0.3078632253 1.0000000000
0.219608 0.0825938596 0.2728481051 0.3077201223 1.0000000000
0.223529 0.0822914941 0.2797261395 0.3073040375 1.0000000000
0.227451 0.0821475459 0.2865734265 0.3066208239 1.0000000000
0.231373 0.0821736071 0.2933828584 0.3056769890 1.0000000000
0.235294 0.0823809376 0.3001473774 0.3044796805 1.0000000000
0.239216 0.0827804395 0.3068599911 0.3030366698 1.0000000000
0.243137 0.0833826325 0.3135137884 0.3013563352 1.0000000000
0.247059 0.0841976299 0.3201019553 0.2994476431 1.0000000000
0.250980 0.0852351161 0.3266177900 0.2973201283 1.0000000000
0.254902 0.0865043244 0.3330547179 0.2949838727 1.0000000000
0.258824 0.0880140160 0.3394063065 0.2924494837 1.0000000000
0.262745 0.0897724607 0.3456662796 0.2897280706 1.0000000000
0.266667 0.0917874176 0.3518285316 0.2868312200 1.0000000000
0.270588 0.0940661180 0.3578871413 0.2837709712 1.0000000000
0.274510 0.0966152485 0.3638363844 0.2805597893 1.0000000000
0.278431 0.0994409363 0.3696707473 0.2772105385 1.0000000000
0.282353 0.1025487347 0.3753849385 0.2737364539 1.0000000000
0.286275 0.1059436108 0.3809739012 0.2701511128 1.0000000000
0.290196 0.1096299337 0.3864328240 0.2664684056 1.0000000000
0.294118 0.1136114646 0.3917571520 0.2627025054 1.0000000000
0.298039 0.1178913478 0.3969425971 0.2588678372 1.0000000000
0.301961 0.1224721034 0.4019851471 0.2549790475 1.0000000000
0.305882 0.1273556210 0.4068810754 0.2510509720 1.0000000000
0.309804 0.1325431548 0.4116269488 0.2470986040 1.0000000000
0.313725 0.1380353204 0.4162196356 0.2431370620 1.0000000000
0.317647 0.1438320928 0.4206563125 0.2391815573 1.0000000000
0.321569 0.1499328053 0.4249344714 0.2352473615 1.0000000000
0.325490 0.1563361507 0.4290519245 0.2313497734 1.0000000000
0.329412 0.1630401831 0.4330068101 0.2275040863 1.0000000000
0.333333 0.1700423212 0.4367975965 0.2237255556 1.0000000000
0.337255 0.1773393534 0.4404230857 0.2200293655 1.0000000000
0.341176 0.1849274435 0.4438824165 0.2164305971 1.0000000000
0.345098 0.1928021386 0.4471750669 0.2129441961 1.0000000000
0.349020 0.2009583775 0.4503008549 0.2095849405 1.0000000000
0.352941 0.2093905008 0.4532599402 0.2063674094 1.0000000000
0.356863 0.2180922620 0.4560528237 0.2033059517 1.0000000000
0.360784 0.2270568407 0.4586803467 0.2004146557 1.0000000000
0.364706 0.2362768555 0.4611436902 0.1977073189 1.0000000000
0.368627 0.2457443794 0.4634443721 0.1951974186 1.0000000000
0.372549 0.2554509558 0.4655842446 0.1928980832 1.0000000000
0.376471 0.2653876155 0.4675654910 0.1908220645 1.0000000000
0.380392 0.2755448952 0.4693906210 0.1889817100 1.0000000000
0.384314 0.2859128566 0.4710624661 0.1873889370 1.0000000000
0.388235 0.2964811067 0.4725841738 0.1860552074 1.0000000000
0.392157 0.3072388192 0.4739592018 0.1849915027 1.0000000000
0.396078 0.3181747565 0.4751913104 0.1842083011 1.0000000000
0.400000 0.3292772926 0.4762845557 0.1837155550 1.0000000000
0.403922 0.3405344372 0.4772432808 0.1835226699 1.0000000000
0.407843 0.3519338598 0.4780721076 0.1836384841 1.0000000000
0.411765 0.3634629157 0.4787759270 0.1840712503 1.0000000000
0.415686 0.3751086710 0.4793598895 0.1848286174 1.0000000000
0.419608 0.3868579299 0.4798293943 0.1859176146 1.0000000000
0.423529 0.3986972615 0.4801900784 0.1873446362 1.0000000000
0.427451 0.4106130273 0.4804478054 0.1891154278 1.0000000000
0.431373 0.4225914092 0.4806086536 0.1912350741 1.0000000000
0.435294 0.4346184379 0.4806789031 0.1937079878 1.0000000000
0.439216 0.4466800217 0.4806650236 0.1965379002 1.0000000000
0.443137 0.4587619752 0.4805736609 0.1997278529 1.0000000000
0.447059 0.4708500486 0.4804116234 0.2032801912 1.0000000000
0.450980 0.4829299567 0.4801858682 0.2071965590 1.0000000000
0.454902 0.4949874085 0.4799034869 0.2114778947 1.0000000000
0.458824 0.5070081365 0.4795716912 0.2161244292 1.0000000000
0.462745 0.5189779257 0.4791977980 0.2211356849 1.0000000000
0.466667 0.5308826432 0.4787892145 0.2265104766 1.0000000000
0.470588 0.5427082667 0.4783534231 0.2322469135 1.0000000000
0.474510 0.5544409137 0.4778979663 0.2383424026 1.0000000000
0.478431 0.5660668695 0.4774304307 0.2447936544 1.0000000000
0.482353 0.5775726160 0.4769584321 0.2515966886 1.0000000000
0.486275 0.5889448586 0.4764895997 0.2587468429 1.0000000000
0.490196 0.6001705541 0.4760315603 0.2662387817 1.0000000000
0.494118 0.6112369368 0.4755919232 0.2740665073 1.0000000000
0.498039 0.6221315453 0.4751782640 0.2822233722 1.0000000000
0.501961 0.6328422475 0.4747981096 0.2907020921 1.0000000000
0.505882 0.6433572655 0.4744589228 0.2994947612 1.0000000000
0.509804 0.6536651999 0.4741680866 0.3085928684 1.0000000000
0.513725 0.6637550527 0.4739328896 0.3179873143 1.0000000000
0.517647 0.6736162501 0.4737605110 0.3276684303 1.0000000000
0.521569 0.6832386640 0.4736580058 0.3376259982 1.0000000000
0.525490 0.6926126324 0.4736322904 0.3478492711 1.0000000000
0.529412 0.7017289791 0.4736901288 0.3583269956 1.0000000000
0.533333 0.7105790329 0.4738381182 0.3690474352 1.0000000000
0.537255 0.7191546443 0.4740826761 0.3799983939 1.0000000000
0.541176 0.7274482026 0.4744300272 0.3911672417 1.0000000000
0.545098 0.7354526513 0.4748861904 0.4025409404 1.0000000000
0.549020 0.7431615022 0.4754569666 0.4141060708 1.0000000000
0.552941 0.7505688480 0.4761479272 0.4258488599 1.0000000000
0.556863 0.7576693752 0.4769644026 0.4377552097 1.0000000000
0.560784 0.7644583735 0.4779114713 0.4498107260 1.0000000000
0.564706 0.7709317460 0.4789939500 0.4620007484 1.0000000000
0.568627 0.7770860169 0.4802163832 0.4743103803 1.0000000000
0.572549 0.7829183383 0.4815830346 0.4867245197 1.0000000000
0.576471 0.7884264954 0.4830978784 0.4992278907 1.0000000000
0.580392 0.7936089113 0.4847645911 0.5118050746 1.0000000000
0.584314 0.7984646490 0.4865865444 0.5244405423 1.0000000000
0.588235 0.8029934134 0.4885667982 0.5371186858 1.0000000000
0.592157 0.8071955511 0.4907080949 0.5498238511 1.0000000000
0.596078 0.8110720492 0.4930128536 0.5625403703 1.0000000000
0.600000 0.8146245329 0.4954831657 0.5752525936 1.0000000000
0.603922 0.8178552614 0.4981207907 0.5879449227 1.0000000000
0.607843 0.8207671225 0.5009271529 0.6006018420 1.0000000000
0.611765 0.8233636264 0.5039033385 0.6132079516 1.0000000000
0.615686 0.8256488975 0.5070500943 0.6257479984 1.0000000000
0.619608 0.8276276654 0.5103678257 0.6382069085 1.0000000000
0.623529 0.8293052542 0.5138565968 0.6505698177 1.0000000000
0.627451 0.8306875711 0.5175161304 0.6628221029 1.0000000000
0.631373 0.8317810930 0.5213458088 0.6749494118 1.0000000000
0.635294 0.8325928530 0.5253446758 0.6869376932 1.0000000000
0.639216 0.8331304243 0.5295114387 0.6987732256 1.0000000000
0.643137 0.8334019042 0.5338444716 0.7104426461 1.0000000000
0.647059 0.8334158965 0.5383418193 0.7219329778 1.0000000000
0.650980 0.8331814925 0.5430012014 0.7332316565 1.0000000000
0.654902 0.8327082517 0.5478200179 0.7443265572 1.0000000000
0.658824 0.8320061805 0.5527953546 0.7552060188 1.0000000000
0.662745 0.8310857112 0.5579239904 0.7658588684 1.0000000000
0.666667 0.8299576788 0.5632024035 0.7762744444 1.0000000000
0.670588 0.8286332979 0.5686267800 0.7864426185 1.0000000000
0.674510 0.8271241382 0.5741930220 0.7963538166 1.0000000000
0.678431 0.8254420997 0.5798967567 0.8059990384 1.0000000000
0.682353 0.8235993863 0.5857333462 0.8153698764 1.0000000000
0.686275 0.8216084802 0.5916978975 0.8244585326 1.0000000000
0.690196 0.8194821141 0.5977852735 0.8332578350 1.0000000000
0.694118 0.8172332440 0.6039901043 0.8417612519 1.0000000000
0.698039 0.8148750209 0.6103067987 0.8499629055 1.0000000000
0.701961 0.8124207622 0.6167295570 0.8578575836 1.0000000000
0.705882 0.8098839228 0.6232523834 0.8654407504 1.0000000000
0.709804 0.8072780657 0.6298690993 0.8727085552 1.0000000000
0.713725 0.8046168329 0.6365733569 0.8796578403 1.0000000000
0.717647 0.8019139150 0.6433586534 0.8862861471 1.0000000000
0.721569 0.7991830217 0.6502183448 0.8925917208 1.0000000000
0.725490 0.7964378518 0.6571456612 0.8985735130 1.0000000000
0.729412 0.7936920632 0.6641337211 0.9042311843 1.0000000000
0.733333 0.7909592430 0.6711755472 0.9095651034 1.0000000000
0.737255 0.7882528777 0.6782640814 0.9145763461 1.0000000000
0.741176 0.7855863233 0.6853922006 0.9192666924 1.0000000000
0.745098 0.7829727763 0.6925527325 0.9236386218 1.0000000000
0.749020 0.7804252445 0.6997384713 0.9276953075 1.0000000000
0.752941 0.7779565181 0.7069421943 0.9314406084 1.0000000000
0.756863 0.7755791416 0.7141566770 0.9348790606 1.0000000000
0.760784 0.7733053856 0.7213747104 0.9380158664 1.0000000000
0.764706 0.7711472201 0.7285891160 0.9408568828 1.0000000000
0.768627 0.7691162874 0.7357927626 0.9434086075 1.0000000000
0.772549 0.7672238762 0.7429785820 0.9456781645 1.0000000000
0.776471 0.7654808965 0.7501395850 0.9476732874 1.0000000000
0.780392 0.7638978548 0.7572688769 0.9494023023 1.0000000000
0.784314 0.7624848305 0.7643596735 0.9508741084 1.0000000000
0.788235 0.7612514533 0.7714053162 0.9520981578 1.0000000000
0.792157 0.7602068811 0.7783992869 0.9530844341 1.0000000000
0.796078 0.7593597793 0.7853352234 0.9538434299 1.0000000000
0.800000 0.7587183008 0.7922069335 0.9543861222 1.0000000000
0.803922 0.7582900673 0.7990084097 0.9547239482 1.0000000000
0.807843 0.7580821516 0.8057338422 0.9548687786 1.0000000000
0.811765 0.7581010612 0.8123776332 0.9548328907 1.0000000000
0.815686 0.7583527231 0.8189344096 0.9546289405 1.0000000000
0.819608 0.7588424692 0.8253990353 0.9542699331 1.0000000000
0.823529 0.7595750244 0.8317666238 0.9537691936 1.0000000000
0.827451 0.7605544942 0.8380325493 0.9531403357 1.0000000000
0.831373 0.7617843553 0.8441924577 0.9523972309 1.0000000000
0.835294 0.7632674463 0.8502422776 0.9515539762 1.0000000000
0.839216 0.7650059605 0.8561782294 0.9506248612 1.0000000000
0.843137 0.7670014399 0.8619968353 0.9496243353 1.0000000000
0.847059 0.7692547707 0.8676949272 0.9485669738 1.0000000000
0.850980 0.7717661798 0.8732696551 0.9474674438 1.0000000000
0.854902 0.7745352336 0.8787184944 0.9463404698 1.0000000000
0.858824 0.7775608374 0.8840392521 0.9452007992 1.0000000000
0.862745 0.7808412369 0.8892300731 0.9440631673 1.0000000000
0.866667 0.7843740204 0.8942894451 0.9429422622 1.0000000000
0.870588 0.7881561239 0.8992162030 0.9418526902 1.0000000000
0.874510 0.7921838359 0.9040095326 0.9408089404 1.0000000000
0.878431 0.7964528048 0.9086689735 0.9398253501 1.0000000000
0.882353 0.8009580476 0.9131944212 0.9389160701 1.0000000000
0.886275 0.8056939599 0.9175861283 0.9380950301 1.0000000000
0.890196 0.8106543272 0.9218447052 0.9373759049 1.0000000000
0.894118 0.8158323379 0.9259711197 0.9367720805 1.0000000000
0.898039 0.8212205975 0.9299666960 0.9362966211 1.0000000000
0.901961 0.8268111446 0.9338331128 0.9359622361 1.0000000000
0.905882 0.8325954670 0.9375724007 0.9357812487 1.0000000000
0.909804 0.8385645212 0.9411869387 0.9357655639 1.0000000000
0.913725 0.8447087509 0.9446794497 0.9359266384 1.0000000000
0.917647 0.8510181087 0.9480529958 0.9362754508 1.0000000000
0.921569 0.8574820776 0.9513109723 0.9368224725 1.0000000000
0.925490 0.8640896944 0.9544571010 0.9375776403 1.0000000000
0.929412 0.8708295743 0.9574954230 0.9385503294 1.0000000000
0.933333 0.8776899359 0.9604302904 0.9397493276 1.0000000000
0.937255 0.8846586283 0.9632663572 0.9411828108 1.0000000000
0.941176 0.8917231579 0.9660085702 0.9428583198 1.0000000000
0.945098 0.8988707174 0.9686621582 0.9447827381 1.0000000000
0.949020 0.9060882149 0.9712326212 0.9469622711 1.0000000000
0.952941 0.9133623039 0.9737257185 0.9494024270 1.0000000000
0.956863 0.9206794143 0.9761474565 0.9521079987 1.0000000000
0.960784 0.9280257843 0.9785040757 0.9550830473 1.0000000000
0.964706 0.9353874922 0.9808020369 0.9583308874 1.0000000000
0.968627 0.9427504895 0.9830480070 0.9618540735 1.0000000000
0.972549 0.9501006344 0.9852488445 0.9656543885 1.0000000000
0.976471 0.9574237251 0.9874115838 0.9697328333 1.0000000000
0.980392 0.9647055346 0.9895434198 0.9740896186 1.0000000000
0.984314 0.9719318448 0.9916516913 0.9787241580 1.0000000000
0.988235 0.9790884817 0.9937438644 0.9836350631 1.0000000000
0.992157 0.9861613495 0.9958275152 0.9888201400 1.0000000000
0.996078 0.9931364666 0.9979103126 0.9942763880 1.0000000000
1.000000 1.0000000000 1.0000000000 1.0000000000 1.0000000000
