0.000000 1.0000000000 0.0000000000 0.0000000000 1.0000000000
0.003922 1.0000000000 0.3784110500 0.2097892651 1.0000000000
0.007843 1.0000000000 0.7005430376 0.4930701148 1.0000000000
0.011765 1.0000000000 0.9184869857 0.7773816095 1.0000000000
0.015686 1.0000000000 0.9998292505 1.0000000000 1.0000000000
0.019608 0.8029407537 0.9324722294 1.0000000000 1.0000000000
0.023529 0.5207872890 0.7264335740 1.0000000000 1.0000000000
0.027451 0.2355422414 0.4123563175 1.0000000000 1.0000000000
0.031373 0.0000000000 0.0369514994 1.0000000000 1.0000000000
0.035294 0.0000000000 0.0000000000 0.8155673184 1.0000000000
0.039216 0.0000000000 0.0000000000 0.5346375940 1.0000000000
0.043137 0.0000000000 0.0000000000 0.2485564045 1.0000000000
0.047059 0.0000000000 0.0000000000 0.0000000000 1.0000000000
0.050980 0.1719138829 0.0000000000 0.0000000000 1.0000000000
0.054902 0.4515239297 0.0000000000 0.0000000000 1.0000000000
0.058824 0.7383435647 0.0000000000 0.0000000000 1.0000000000
0.062745 0.9897156291 0.0000000000 0.0000000000 1.0000000000
0.066667 1.0000000000 0.3090169944 0.1595071252 1.0000000000
0.070588 1.0000000000 0.6459280625 0.4377020080 1.0000000000
0.074510 1.0000000000 0.8867736859 0.7251621398 1.0000000000
0.078431 1.0000000000 0.9957341763 0.9791351042 1.0000000000
0.082353 0.8527833545 0.9566044195 1.0000000000 1.0000000000
0.086275 0.5760986390 0.7752039761 1.0000000000 1.0000000000
0.090196 0.2880961778 0.4785115691 1.0000000000 1.0000000000
0.094118 0.0316090449 0.1106526819 1.0000000000 1.0000000000
0.098039 0.0000000000 0.0000000000 0.8649533589 1.0000000000
0.101961 0.0000000000 0.0000000000 0.5898732984 1.0000000000
0.105882 0.0000000000 0.0000000000 0.3014268604 1.0000000000
0.109804 0.0000000000 0.0000000000 0.0425131490 1.0000000000
0.113725 0.1230012678 0.0000000000 0.0000000000 1.0000000000
0.117647 0.3963827338 0.0000000000 0.0000000000 1.0000000000
0.121569 0.6851746445 0.0000000000 0.0000000000 1.0000000000
0.125490 0.9464265154 0.0000000000 0.0000000000 1.0000000000
0.129412 1.0000000000 0.2379351950 0.1110846393 1.0000000000
0.133333 1.0000000000 0.5877852523 0.3826741512 1.0000000000
0.137255 1.0000000000 0.8502171357 0.6717129125 1.0000000000
0.141176 1.0000000000 0.9862007474 0.9352137257 1.0000000000
0.145098 0.9006991749 0.9755119680 1.0000000000 1.0000000000
0.149020 0.6309943647 0.8197404829 1.0000000000 1.0000000000
0.152941 0.3418074594 0.5420533565 1.0000000000 1.0000000000
0.156863 0.0761476892 0.1837495178 1.0000000000 1.0000000000
0.160784 0.0000000000 0.0000000000 0.9123461508 1.0000000000
0.164706 0.0000000000 0.0000000000 0.6446181461 1.0000000000
0.168627 0.0000000000 0.0000000000 0.3553818539 1.0000000000
0.172549 0.0000000000 0.0000000000 0.0876538492 1.0000000000
0.176471 0.0761476892 0.0000000000 0.0000000000 1.0000000000
0.180392 0.3418074594 0.0000000000 0.0000000000 1.0000000000
0.184314 0.6309943647 0.0000000000 0.0000000000 1.0000000000
0.188235 0.9006991749 0.0000000000 0.0000000000 1.0000000000
0.192157 1.0000000000 0.1655538762 0.0647862743 1.0000000000
0.196078 1.0000000000 0.5264321629 0.3282870875 1.0000000000
0.200000 1.0000000000 0.8090169944 0.6173258488 1.0000000000
0.203922 1.0000000000 0.9712810319 0.8889153607 1.0000000000
0.207843 0.9464265154 0.9890916084 1.0000000000 1.0000000000
0.211765 0.6851746445 0.8597998514 1.0000000000 1.0000000000
0.215686 0.3963827338 0.6026346364 1.0000000000 1.0000000000
0.219608 0.1230012678 0.2558427776 1.0000000000 1.0000000000
0.223529 0.0000000000 0.0000000000 0.9574868510 1.0000000000
0.227451 0.0000000000 0.0000000000 0.6985731396 1.0000000000
0.231373 0.0000000000 0.0000000000 0.4101267016 1.0000000000
0.235294 0.0000000000 0.0000000000 0.1350466411 1.0000000000
0.239216 0.0316090449 0.0000000000 0.0000000000 1.0000000000
0.243137 0.2880961778 0.0000000000 0.0000000000 1.0000000000
0.247059 0.5760986390 0.0000000000 0.0000000000 1.0000000000
0.250980 0.8527833545 0.0000000000 0.0000000000 1.0000000000
0.254902 1.0000000000 0.0922683595 0.0208648958 1.0000000000
0.258824 1.0000000000 0.4622038835 0.2748378602 1.0000000000
0.262745 1.0000000000 0.7633982827 0.5622979920 1.0000000000
0.266667 1.0000000000 0.9510565163 0.8404928748 1.0000000000
0.270588 0.9897156291 0.9972691734 1.0000000000 1.0000000000
0.274510 0.7383435647 0.8951632914 1.0000000000 1.0000000000
0.278431 0.4515239297 0.6599245349 1.0000000000 1.0000000000
0.282353 0.1719138829 0.3265387128 1.0000000000 1.0000000000
0.286275 0.0000000000 0.0000000000 1.0000000000 1.0000000000
0.290196 0.0000000000 0.0000000000 0.7514435955 1.0000000000
0.294118 0.0000000000 0.0000000000 0.4653624060 1.0000000000
0.298039 0.0000000000 0.0000000000 0.1844326816 1.0000000000
0.301961 0.0000000000 0.0000000000 0.0000000000 1.0000000000
0.305882 0.2355422414 0.0000000000 0.0000000000 1.0000000000
0.309804 0.5207872890 0.0000000000 0.0000000000 1.0000000000
0.313725 0.8029407537 0.0000000000 0.0000000000 1.0000000000
0.317647 1.0000000000 0.0184789050 0.0000000000 1.0000000000
0.321569 1.0000000000 0.3954512069 0.2226183905 1.0000000000
0.325490 1.0000000000 0.7136101544 0.5069298852 1.0000000000
0.329412 1.0000000000 0.9256376598 0.7902107349 1.0000000000
0.333333 1.0000000000 1.0000000000 1.0000000000 1.0000000000
0.337255 0.7902107349 0.9256376598 1.0000000000 1.0000000000
0.341176 0.5069298852 0.7136101544 1.0000000000 1.0000000000
0.345098 0.2226183905 0.3954512069 1.0000000000 1.0000000000
0.349020 0.0000000000 0.0184789050 1.0000000000 1.0000000000
0.352941 0.0000000000 0.0000000000 0.8029407537 1.0000000000
0.356863 0.0000000000 0.0000000000 0.5207872890 1.0000000000
0.360784 0.0000000000 0.0000000000 0.2355422414 1.0000000000
0.364706 0.0000000000 0.0000000000 0.0000000000 1.0000000000
0.368627 0.1844326816 0.0000000000 0.0000000000 1.0000000000
0.372549 0.4653624060 0.0000000000 0.0000000000 1.0000000000
0.376471 0.7514435955 0.0000000000 0.0000000000 1.0000000000
0.380392 1.0000000000 0.0000000000 0.0000000000 1.0000000000
0.384314 1.0000000000 0.3265387128 0.1719138829 1.0000000000
0.388235 1.0000000000 0.6599245349 0.4515239297 1.0000000000
0.392157 1.0000000000 0.8951632914 0.7383435647 1.0000000000
0.396078 1.0000000000 0.9972691734 0.9897156291 1.0000000000
0.400000 0.8404928748 0.9510565163 1.0000000000 1.0000000000
0.403922 0.5622979920 0.7633982827 1.0000000000 1.0000000000
0.407843 0.2748378602 0.4622038835 1.0000000000 1.0000000000
0.411765 0.0208648958 0.0922683595 1.0000000000 1.0000000000
0.415686 0.0000000000 0.0000000000 0.8527833545 1.0000000000
0.419608 0.0000000000 0.0000000000 0.5760986390 1.0000000000
0.423529 0.0000000000 0.0000000000 0.2880961778 1.0000000000
0.427451 0.0000000000 0.0000000000 0.0316090449 1.0000000000
0.431373 0.1350466411 0.0000000000 0.0000000000 1.0000000000
0.435294 0.4101267016 0.0000000000 0.0000000000 1.0000000000
0.439216 0.6985731396 0.0000000000 0.0000000000 1.0000000000
0.443137 0.9574868510 0.0000000000 0.0000000000 1.0000000000
0.447059 1.0000000000 0.2558427776 0.1230012678 1.0000000000
0.450980 1.0000000000 0.6026346364 0.3963827338 1.0000000000
0.454902 1.0000000000 0.8597998514 0.6851746445 1.0000000000
0.458824 1.0000000000 0.9890916084 0.9464265154 1.0000000000
0.462745 0.8889153607 0.9712810319 1.0000000000 1.0000000000
0.466667 0.6173258488 0.8090169944 1.0000000000 1.0000000000
0.470588 0.3282870875 0.5264321629 1.0000000000 1.0000000000
0.474510 0.0647862743 0.1655538762 1.0000000000 1.0000000000
0.478431 0.0000000000 0.0000000000 0.9006991749 1.0000000000
0.482353 0.0000000000 0.0000000000 0.6309943647 1.0000000000
0.486275 0.0000000000 0.0000000000 0.3418074594 1.0000000000
0.490196 0.0000000000 0.0000000000 0.0761476892 1.0000000000
0.494118 0.0876538492 0.0000000000 0.0000000000 1.0000000000
0.498039 0.3553818539 0.0000000000 0.0000000000 1.0000000000
0.501961 0.6446181461 0.0000000000 0.0000000000 1.0000000000
0.505882 0.9123461508 0.0000000000 0.0000000000 1.0000000000
0.509804 1.0000000000 0.1837495178 0.0761476892 1.0000000000
0.513725 1.0000000000 0.5420533565 0.3418074594 1.0000000000
0.517647 1.0000000000 0.8197404829 0.6309943647 1.0000000000
0.521569 1.0000000000 0.9755119680 0.9006991749 1.0000000000
0.525490 0.9352137257 0.9862007474 1.0000000000 1.0000000000
0.529412 0.6717129125 0.8502171357 1.0000000000 1.0000000000
0.533333 0.3826741512 0.5877852523 1.0000000000 1.0000000000
0.537255 0.1110846393 0.2379351950 1.0000000000 1.0000000000
0.541176 0.0000000000 0.0000000000 0.9464265154 1.0000000000
0.545098 0.0000000000 0.0000000000 0.6851746445 1.0000000000
0.549020 0.0000000000 0.0000000000 0.3963827338 1.0000000000
0.552941 0.0000000000 0.0000000000 0.1230012678 1.0000000000
0.556863 0.0425131490 0.0000000000 0.0000000000 1.0000000000
0.560784 0.3014268604 0.0000000000 0.0000000000 1.0000000000
0.564706 0.5898732984 0.0000000000 0.0000000000 1.0000000000
0.568627 0.8649533589 0.0000000000 0.0000000000 1.0000000000
0.572549 1.0000000000 0.1106526819 0.0316090449 1.0000000000
0.576471 1.0000000000 0.4785115691 0.2880961778 1.0000000000
0.580392 1.0000000000 0.7752039761 0.5760986390 1.0000000000
0.584314 1.0000000000 0.9566044195 0.8527833545 1.0000000000
0.588235 0.9791351042 0.9957341763 1.0000000000 1.0000000000
0.592157 0.7251621398 0.8867736859 1.0000000000 1.0000000000
0.596078 0.4377020080 0.6459280625 1.0000000000 1.0000000000
0.600000 0.1595071252 0.3090169944 1.0000000000 1.0000000000
0.603922 0.0000000000 0.0000000000 0.9897156291 1.0000000000
0.607843 0.0000000000 0.0000000000 0.7383435647 1.0000000000
0.611765 0.0000000000 0.0000000000 0.4515239297 1.0000000000
0.615686 0.0000000000 0.0000000000 0.1719138829 1.0000000000
0.619608 0.0000000000 0.0000000000 0.0000000000 1.0000000000
0.623529 0.2485564045 0.0000000000 0.0000000000 1.0000000000
0.627451 0.5346375940 0.0000000000 0.0000000000 1.0000000000
0.631373 0.8155673184 0.0000000000 0.0000000000 1.0000000000
0.635294 1.0000000000 0.0369514994 0.0000000000 1.0000000000
0.639216 1.0000000000 0.4123563175 0.2355422414 1.0000000000
0.643137 1.0000000000 0.7264335740 0.5207872890 1.0000000000
0.647059 1.0000000000 0.9324722294 0.8029407537 1.0000000000
0.650980 1.0000000000 0.9998292505 1.0000000000 1.0000000000
0.654902 0.7773816095 0.9184869857 1.0000000000 1.0000000000
0.658824 0.4930701148 0.7005430376 1.0000000000 1.0000000000
0.662745 0.2097892651 0.3784110500 1.0000000000 1.0000000000
0.666667 0.0000000000 0.0000000000 1.0000000000 1.0000000000
0.670588 0.0000000000 0.0000000000 0.7902107349 1.0000000000
0.674510 0.0000000000 0.0000000000 0.5069298852 1.0000000000
0.678431 0.0000000000 0.0000000000 0.2226183905 1.0000000000
0.682353 0.0000000000 0.0000000000 0.0000000000 1.0000000000
0.686275 0.1970592463 0.0000000000 0.0000000000 1.0000000000
0.690196 0.4792127110 0.0000000000 0.0000000000 1.0000000000
0.694118 0.7644577586 0.0000000000 0.0000000000 1.0000000000
0.698039 1.0000000000 0.0000000000 0.0000000000 1.0000000000
0.701961 1.0000000000 0.3439489186 0.1844326816 1.0000000000
0.705882 1.0000000000 0.6736956436 0.4653624060 1.0000000000
0.709804 1.0000000000 0.9032471993 0.7514435955 1.0000000000
0.713725 1.0000000000 0.9984636040 1.0000000000 1.0000000000
0.717647 0.8280861171 0.9451838282 1.0000000000 1.0000000000
0.721569 0.5484760703 0.7513318896 1.0000000000 1.0000000000
0.725490 0.2616564353 0.4457383558 1.0000000000 1.0000000000
0.729412 0.0102843709 0.0738525275 1.0000000000 1.0000000000
0.733333 0.0000000000 0.0000000000 0.8404928748 1.0000000000
0.737255 0.0000000000 0.0000000000 0.5622979920 1.0000000000
0.741176 0.0000000000 0.0000000000 0.2748378602 1.0000000000
0.745098 0.0000000000 0.0000000000 0.0208648958 1.0000000000
0.749020 0.1472166455 0.0000000000 0.0000000000 1.0000000000
0.752941 0.4239013610 0.0000000000 0.0000000000 1.0000000000
0.756863 0.7119038222 0.0000000000 0.0000000000 1.0000000000
0.760784 0.9683909551 0.0000000000 0.0000000000 1.0000000000
0.764706 1.0000000000 0.2736629901 0.1350466411 1.0000000000
0.768627 1.0000000000 0.6172782213 0.4101267016 1.0000000000
0.772549 1.0000000000 0.8690889463 0.6985731396 1.0000000000
0.776471 1.0000000000 0.9916446955 0.9574868510 1.0000000000
0.780392 0.8769987322 0.9667184043 1.0000000000 1.0000000000
0.784314 0.6036172662 0.7980172273 1.0000000000 1.0000000000
0.788235 0.3148253555 0.5106311932 1.0000000000 1.0000000000
0.792157 0.0535734846 0.1473016981 1.0000000000 1.0000000000
0.796078 0.0000000000 0.0000000000 0.8889153607 1.0000000000
0.800000 0.0000000000 0.0000000000 0.6173258488 1.0000000000
0.803922 0.0000000000 0.0000000000 0.3282870875 1.0000000000
0.807843 0.0000000000 0.0000000000 0.0647862743 1.0000000000
0.811765 0.0993008251 0.0000000000 0.0000000000 1.0000000000
0.815686 0.3690056353 0.0000000000 0.0000000000 1.0000000000
0.819608 0.6581925406 0.0000000000 0.0000000000 1.0000000000
0.823529 0.9238523108 0.0000000000 0.0000000000 1.0000000000
0.827451 1.0000000000 0.2018824092 0.0876538492 1.0000000000
0.831373 1.0000000000 0.5574894393 0.3553818539 1.0000000000
0.835294 1.0000000000 0.8301840308 0.6446181461 1.0000000000
0.839216 1.0000000000 0.9794097676 0.9123461508 1.0000000000
0.843137 0.9238523108 0.9829730997 1.0000000000 1.0000000000
0.847059 0.6581925406 0.8403440716 1.0000000000 1.0000000000
0.850980 0.3690056353 0.5727351401 1.0000000000 1.0000000000
0.854902 0.0993008251 0.2199463578 1.0000000000 1.0000000000
0.858824 0.0000000000 0.0000000000 0.9352137257 1.0000000000
0.862745 0.0000000000 0.0000000000 0.6717129125 1.0000000000
0.866667 0.0000000000 0.0000000000 0.3826741512 1.0000000000
0.870588 0.0000000000 0.0000000000 0.1110846393 1.0000000000
0.874510 0.0535734846 0.0000000000 0.0000000000 1.0000000000
0.878431 0.3148253555 0.0000000000 0.0000000000 1.0000000000
0.882353 0.6036172662 0.0000000000 0.0000000000 1.0000000000
0.886275 0.8769987322 0.0000000000 0.0000000000 1.0000000000
0.890196 1.0000000000 0.1289992165 0.0425131490 1.0000000000
0.894118 1.0000000000 0.4946558434 0.3014268604 1.0000000000
0.898039 1.0000000000 0.7867449380 0.5898732984 1.0000000000
0.901961 1.0000000000 0.9618256432 0.8649533589 1.0000000000
0.905882 0.9683909551 0.9938591369 1.0000000000 1.0000000000
0.909804 0.7119038222 0.8780812481 1.0000000000 1.0000000000
0.913725 0.4239013610 0.6317110063 1.0000000000 1.0000000000
0.917647 0.1472166455 0.2913897469 1.0000000000 1.0000000000
0.921569 0.0000000000 0.0000000000 0.9791351042 1.0000000000
0.925490 0.0000000000 0.0000000000 0.7251621398 1.0000000000
0.929412 0.0000000000 0.0000000000 0.4377020080 1.0000000000
0.933333 0.0000000000 0.0000000000 0.1595071252 1.0000000000
0.937255 0.0102843709 0.0000000000 0.0000000000 1.0000000000
0.941176 0.2616564353 0.0000000000 0.0000000000 1.0000000000
0.945098 0.5484760703 0.0000000000 0.0000000000 1.0000000000
0.949020 0.8280861171 0.0000000000 0.0000000000 1.0000000000
0.952941 1.0000000000 0.0554114749 0.0000000000 1.0000000000
0.956863 1.0000000000 0.4291206088 0.2485564045 1.0000000000
0.960784 1.0000000000 0.7390089172 0.5346375940 1.0000000000
0.964706 1.0000000000 0.9389883606 0.8155673184 1.0000000000
0.968627 1.0000000000 0.9993170601 1.0000000000 1.0000000000
0.972549 0.7644577586 0.9110226492 1.0000000000 1.0000000000
0.976471 0.4792127110 0.6872366860 1.0000000000 1.0000000000
0.980392 0.1970592463 0.3612416662 1.0000000000 1.0000000000
0.984314 0.0000000000 0.0000000000 1.0000000000 1.0000000000
0.988235 0.0000000000 0.0000000000 0.7773816095 1.0000000000
0.992157 0.0000000000 0.0000000000 0.4930701148 1.0000000000
0.996078 0.0000000000 0.0000000000 0.2097892651 1.0000000000
1.000000 0.0000000000 0.0000000000 0.0000000000 1.0000000000
