0.000000 0.0000000000 0.0000000000 0.0000000000 1.0000000000
0.003922 0.0026134533 0.0000000000 0.1686920060 1.0000000000
0.007843 0.0052269066 0.0000000000 0.2216635613 1.0000000000
0.011765 0.0078403599 0.0000000000 0.2638054942 1.0000000000
0.015686 0.0104538133 0.0000000000 0.3059474271 1.0000000000
0.019608 0.0130672666 0.0000000000 0.3480893600 1.0000000000
0.023529 0.0156807199 0.0000000000 0.3902312929 1.0000000000
0.027451 0.0182941732 0.0000000000 0.4323732258 1.0000000000
0.031373 0.0209076265 0.0089073333 0.4547451483 1.0000000000
0.035294 0.0235210798 0.0179274176 0.4556059058 1.0000000000
0.039216 0.0261345331 0.0269475020 0.4563167878 1.0000000000
0.043137 0.0287479864 0.0359675863 0.4570276697 1.0000000000
0.047059 0.0313614398 0.0449876706 0.4577385517 1.0000000000
0.050980 0.0339748931 0.0540077550 0.4584494336 1.0000000000
0.054902 0.0365883464 0.0630278393 0.4591603156 1.0000000000
0.058824 0.0392017997 0.0720479237 0.4598711976 1.0000000000
0.062745 0.0418152530 0.0810680080 0.4605820795 1.0000000000
0.066667 0.0444287063 0.0900880923 0.4612929615 1.0000000000
0.070588 0.0470421596 0.0991081767 0.4620038434 1.0000000000
0.074510 0.0496556130 0.1081282610 0.4627147254 1.0000000000
0.078431 0.0522690663 0.1171483454 0.4634256074 1.0000000000
0.082353 0.0548825196 0.1261684297 0.4641364893 1.0000000000
0.086275 0.0574959729 0.1351885140 0.4648473713 1.0000000000
0.090196 0.0601094262 0.1442085984 0.4655582533 1.0000000000
0.094118 0.0627228795 0.1532286827 0.4662691352 1.0000000000
0.098039 0.0653363328 0.1622487671 0.4669800172 1.0000000000
0.101961 0.0679497861 0.1712688514 0.4676908991 1.0000000000
0.105882 0.0705632395 0.1802889357 0.4684017811 1.0000000000
0.109804 0.0731766928 0.1893081574 0.4691126631 1.0000000000
0.113725 0.0757901461 0.1974655916 0.4698235450 1.0000000000
0.117647 0.0784035994 0.2056230258 0.4705344270 1.0000000000
0.121569 0.0810170527 0.2137804600 0.4712453090 1.0000000000
0.125490 0.0836305060 0.2219378942 0.4719561909 1.0000000000
0.129412 0.0862439593 0.2300953284 0.4726670729 1.0000000000
0.133333 0.0888574127 0.2382527626 0.4733779548 1.0000000000
0.137255 0.0914708660 0.2464101968 0.4740888368 1.0000000000
0.141176 0.0940843193 0.2545676310 0.4747997188 1.0000000000
0.145098 0.0966977726 0.2627250652 0.4755106007 1.0000000000
0.149020 0.0993112259 0.2708824994 0.4762214827 1.0000000000
0.152941 0.1019246792 0.2790399336 0.4769323647 1.0000000000
0.156863 0.1045381325 0.2871973678 0.4776432466 1.0000000000
0.160784 0.1071515858 0.2953548020 0.4783541286 1.0000000000
0.164706 0.1097650392 0.3035110004 0.4790650105 1.0000000000
0.168627 0.1123784925 0.3108446067 0.4797758925 1.0000000000
0.172549 0.1149919458 0.3181782130 0.4804867745 1.0000000000
0.176471 0.1176053991 0.3255118193 0.4811976564 1.0000000000
0.180392 0.1202188524 0.3328454256 0.4819085384 1.0000000000
0.184314 0.1228323057 0.3401790319 0.4826194204 1.0000000000
0.188235 0.1254457590 0.3475126382 0.4833303023 1.0000000000
0.192157 0.1280592124 0.3548462445 0.4840411843 1.0000000000
0.196078 0.1306726657 0.3621798508 0.4847520662 1.0000000000
0.200000 0.1332861190 0.3695134571 0.4854629482 1.0000000000
0.203922 0.1358995723 0.3768470634 0.4861738302 1.0000000000
0.207843 0.1385130256 0.3841681754 0.4868847121 1.0000000000
0.211765 0.1411264789 0.3903659360 0.4875955941 1.0000000000
0.215686 0.1437399322 0.3965636966 0.4883064761 1.0000000000
0.219608 0.1463533855 0.4027614572 0.4890173580 1.0000000000
0.223529 0.1489668389 0.4089592178 0.4897282400 1.0000000000
0.227451 0.1515802922 0.4151569784 0.4904391219 1.0000000000
0.231373 0.1541937455 0.4213547390 0.4911500039 1.0000000000
0.235294 0.1568071988 0.4275524996 0.4918608859 1.0000000000
0.239216 0.1594206521 0.4337502602 0.4925717678 1.0000000000
0.243137 0.1620341054 0.4399480208 0.4932826498 1.0000000000
0.247059 0.1646475587 0.4461457814 0.4939935318 1.0000000000
0.250980 0.1672610121 0.4523435420 0.4947044137 1.0000000000
0.254902 0.1698744654 0.4585413026 0.4954152957 1.0000000000
0.258824 0.1724879187 0.4647390632 0.4961261776 1.0000000000
0.262745 0.1751013720 0.4709368238 0.4968370596 1.0000000000
0.266667 0.1777148253 0.4771345845 0.4975479416 1.0000000000
0.270588 0.1803282786 0.4833323451 0.4982588235 1.0000000000
0.274510 0.1829417319 0.4895301057 0.4989697055 1.0000000000
0.278431 0.1855551852 0.4957278663 0.4996805875 1.0000000000
0.282353 0.1881686386 0.5019256269 0.5003914694 1.0000000000
0.286275 0.1900274332 0.5042304348 0.4956572468 1.0000000000
0.290196 0.1918770619 0.5064879599 0.4908568893 1.0000000000
0.294118 0.1937266907 0.5087454849 0.4860565319 1.0000000000
0.298039 0.1955763194 0.5110030100 0.4812561744 1.0000000000
0.301961 0.1974259482 0.5132605351 0.4764558169 1.0000000000
0.305882 0.1992755769 0.5155180602 0.4716554594 1.0000000000
0.309804 0.2011252056 0.5177755853 0.4668551020 1.0000000000
0.313725 0.2029748344 0.5200331104 0.4620547445 1.0000000000
0.317647 0.2048244631 0.5222906355 0.4572543870 1.0000000000
0.321569 0.2066740919 0.5245481605 0.4524540296 1.0000000000
0.325490 0.2085237206 0.5268056856 0.4476536721 1.0000000000
0.329412 0.2103733493 0.5290632107 0.4428533146 1.0000000000
0.333333 0.2122229781 0.5313207358 0.4380529571 1.0000000000
0.337255 0.2140726068 0.5335782609 0.4332525997 1.0000000000
0.341176 0.2159222356 0.5358357860 0.4284522422 1.0000000000
0.345098 0.2177718643 0.5380933110 0.4236518847 1.0000000000
0.349020 0.2196214930 0.5403508361 0.4188515272 1.0000000000
0.352941 0.2214711218 0.5426083612 0.4140511698 1.0000000000
0.356863 0.2233207505 0.5448658863 0.4092508123 1.0000000000
0.360784 0.2251703793 0.5471234114 0.4044504548 1.0000000000
0.364706 0.2270200080 0.5493809365 0.3996500973 1.0000000000
0.368627 0.2288696367 0.5516384615 0.3948497399 1.0000000000
0.372549 0.2307192655 0.5538959866 0.3900493824 1.0000000000
0.376471 0.2325688942 0.5561535117 0.3852490249 1.0000000000
0.380392 0.2344185230 0.5584110368 0.3804486675 1.0000000000
0.384314 0.2362681517 0.5606685619 0.3756483100 1.0000000000
0.388235 0.2381177804 0.5629260870 0.3708479525 1.0000000000
0.392157 0.2399674092 0.5651836120 0.3660475950 1.0000000000
0.396078 0.2418170379 0.5674411371 0.3612472376 1.0000000000
0.400000 0.2436666667 0.5696986622 0.3564468801 1.0000000000
0.403922 0.2455162954 0.5719561873 0.3516465226 1.0000000000
0.407843 0.2473659241 0.5742137124 0.3468461651 1.0000000000
0.411765 0.2492155529 0.5764712375 0.3420458077 1.0000000000
0.415686 0.2510651816 0.5787287625 0.3372454502 1.0000000000
0.419608 0.2529148104 0.5809862876 0.3324450927 1.0000000000
0.423529 0.2547644391 0.5832438127 0.3276447352 1.0000000000
0.427451 0.2566140678 0.5855013378 0.3228443778 1.0000000000
0.431373 0.2584636966 0.5877588629 0.3180440203 1.0000000000
0.435294 0.2603133253 0.5900163880 0.3132436628 1.0000000000
0.439216 0.2621629541 0.5922739130 0.3084433054 1.0000000000
0.443137 0.2640125828 0.5945314381 0.3036429479 1.0000000000
0.447059 0.2658622116 0.5967889632 0.2988425904 1.0000000000
0.450980 0.2677118403 0.5990464883 0.2940422329 1.0000000000
0.454902 0.2695614690 0.6013040134 0.2892418755 1.0000000000
0.458824 0.2714523021 0.6035615385 0.2844415180 1.0000000000
0.462745 0.2801693144 0.6058190635 0.2796411605 1.0000000000
0.466667 0.2888863267 0.6080765886 0.2748408030 1.0000000000
0.470588 0.2976033390 0.6103341137 0.2770664841 1.0000000000
0.474510 0.3063203513 0.6125916388 0.2793523985 1.0000000000
0.478431 0.3150373636 0.6148491639 0.2816383128 1.0000000000
0.482353 0.3237543759 0.6171066890 0.2839242272 1.0000000000
0.486275 0.3324713882 0.6193642140 0.2862101416 1.0000000000
0.490196 0.3411884005 0.6216217391 0.2884960559 1.0000000000
0.494118 0.3499054128 0.6238792642 0.2907819703 1.0000000000
0.498039 0.3586224251 0.6261367893 0.2930678847 1.0000000000
0.501961 0.3673394374 0.6283943144 0.2953537990 1.0000000000
0.505882 0.3760564497 0.6306518395 0.2976397134 1.0000000000
0.509804 0.3847734620 0.6329093645 0.2999256278 1.0000000000
0.513725 0.3934904743 0.6351668896 0.3022115421 1.0000000000
0.517647 0.4022074866 0.6374244147 0.3044974565 1.0000000000
0.521569 0.4109244989 0.6396819398 0.3067833708 1.0000000000
0.525490 0.4196415112 0.6414069228 0.3090692852 1.0000000000
0.529412 0.4283585235 0.6431276110 0.3113551996 1.0000000000
0.533333 0.4370755358 0.6448482993 0.3136411139 1.0000000000
0.537255 0.4457925482 0.6465689876 0.3159270283 1.0000000000
0.541176 0.4545095605 0.6482896759 0.3182129427 1.0000000000
0.545098 0.4632265728 0.6500103641 0.3204988570 1.0000000000
0.549020 0.4719323332 0.6517310524 0.3217388058 1.0000000000
0.552941 0.4783989735 0.6534517407 0.3229782314 1.0000000000
0.556863 0.4848656139 0.6551724290 0.3242176569 1.0000000000
0.560784 0.4913322542 0.6568931172 0.3254570824 1.0000000000
0.564706 0.4977988946 0.6586138055 0.3266965080 1.0000000000
0.568627 0.5042655349 0.6603344938 0.3279359335 1.0000000000
0.572549 0.5107321753 0.6620551821 0.3291753590 1.0000000000
0.576471 0.5171988156 0.6637758703 0.3304147846 1.0000000000
0.580392 0.5236654560 0.6654965586 0.3316542101 1.0000000000
0.584314 0.5301320963 0.6672172469 0.3328936356 1.0000000000
0.588235 0.5365987367 0.6689379352 0.3341330612 1.0000000000
0.592157 0.5430653770 0.6706586234 0.3353724867 1.0000000000
0.596078 0.5495320174 0.6723793117 0.3366119123 1.0000000000
0.600000 0.5559986577 0.6741000000 0.3378513378 1.0000000000
0.603922 0.5624652981 0.6758206883 0.3390907633 1.0000000000
0.607843 0.5689319384 0.6775413766 0.3403301889 1.0000000000
0.611765 0.5753985788 0.6792620648 0.3415696144 1.0000000000
0.615686 0.5818652191 0.6809827531 0.3428090399 1.0000000000
0.619608 0.5883318595 0.6827034414 0.3440484655 1.0000000000
0.623529 0.5947984998 0.6844241297 0.3452878910 1.0000000000
0.627451 0.6012651402 0.6861448179 0.3465273165 1.0000000000
0.631373 0.6077317805 0.6878655062 0.3477667421 1.0000000000
0.635294 0.6141984208 0.6895861945 0.3490061676 1.0000000000
0.639216 0.6206650612 0.6913068828 0.3502455932 1.0000000000
0.643137 0.6271317015 0.6930275710 0.3514850187 1.0000000000
0.647059 0.6335983419 0.6947482593 0.3527244442 1.0000000000
0.650980 0.6400649822 0.6964689476 0.3539638698 1.0000000000
0.654902 0.6465316226 0.6981896359 0.3552032953 1.0000000000
0.658824 0.6529982629 0.6999103241 0.3564427208 1.0000000000
0.662745 0.6594649033 0.7016310124 0.3576821464 1.0000000000
0.666667 0.6659315436 0.7033517007 0.3589215719 1.0000000000
0.670588 0.6723981840 0.7050723890 0.3601609974 1.0000000000
0.674510 0.6788648243 0.7067930772 0.3614004230 1.0000000000
0.678431 0.6853314647 0.7085137655 0.3626398485 1.0000000000
0.682353 0.6917981050 0.7102344538 0.3638792741 1.0000000000
0.686275 0.6982647454 0.7119551421 0.3651186996 1.0000000000
0.690196 0.7047313857 0.7136758303 0.3663581251 1.0000000000
0.694118 0.7111980261 0.7153965186 0.3675975507 1.0000000000
0.698039 0.7176163906 0.7170661319 0.3688369762 1.0000000000
0.701961 0.7192554498 0.7136793226 0.3700764017 1.0000000000
0.705882 0.7208945089 0.7102925134 0.3713158273 1.0000000000
0.709804 0.7225335681 0.7069057041 0.3725552528 1.0000000000
0.713725 0.7241726273 0.7035188948 0.3737946783 1.0000000000
0.717647 0.7258116864 0.7001320856 0.3750341039 1.0000000000
0.721569 0.7274507456 0.6967452763 0.3762735294 1.0000000000
0.725490 0.7290898048 0.6933584670 0.3775129549 1.0000000000
0.729412 0.7307288640 0.6899716578 0.3787523805 1.0000000000
0.733333 0.7323679231 0.6865848485 0.3799918060 1.0000000000
0.737255 0.7340069823 0.6831980392 0.3812312316 1.0000000000
0.741176 0.7356460415 0.6798112299 0.3824706571 1.0000000000
0.745098 0.7372851006 0.6764244207 0.3837100826 1.0000000000
0.749020 0.7389241598 0.6730376114 0.3849495082 1.0000000000
0.752941 0.7405632190 0.6696508021 0.3861889337 1.0000000000
0.756863 0.7422022782 0.6662639929 0.3874283592 1.0000000000
0.760784 0.7438413373 0.6628771836 0.3886677848 1.0000000000
0.764706 0.7454803965 0.6594903743 0.3899072103 1.0000000000
0.768627 0.7471194557 0.6561035651 0.3911466358 1.0000000000
0.772549 0.7487585148 0.6527167558 0.3923860614 1.0000000000
0.776471 0.7503975740 0.6493299465 0.3936254869 1.0000000000
0.780392 0.7520366332 0.6459431373 0.3948649125 1.0000000000
0.784314 0.7536756924 0.6425563280 0.3961336262 1.0000000000
0.788235 0.7553394768 0.6392185294 0.4057411122 1.0000000000
0.792157 0.7597257827 0.6412773529 0.4153485982 1.0000000000
0.796078 0.7641120887 0.6429905983 0.4249560841 1.0000000000
0.800000 0.7684983947 0.6447000000 0.4345635701 1.0000000000
0.803922 0.7728847007 0.6464094017 0.4441710561 1.0000000000
0.807843 0.7772710067 0.6481371308 0.4537785421 1.0000000000
0.811765 0.7816573127 0.6515126582 0.4633860281 1.0000000000
0.815686 0.7860436187 0.6548881857 0.4729935141 1.0000000000
0.819608 0.7904299246 0.6582867974 0.4826010000 1.0000000000
0.823529 0.7948162306 0.6616854902 0.4922084860 1.0000000000
0.827451 0.7992025366 0.6650841830 0.5018159720 1.0000000000
0.831373 0.8035888426 0.6684828758 0.5114234580 1.0000000000
0.835294 0.8079751486 0.6718815686 0.5210309440 1.0000000000
0.839216 0.8123614546 0.6752802614 0.5306384299 1.0000000000
0.843137 0.8167477606 0.6786789542 0.5402459159 1.0000000000
0.847059 0.8211340665 0.6820776471 0.5498534019 1.0000000000
0.850980 0.8255203725 0.6854763399 0.5594608879 1.0000000000
0.854902 0.8299066785 0.6888750327 0.5690683739 1.0000000000
0.858824 0.8342929845 0.6922737255 0.5786758599 1.0000000000
0.862745 0.8386792905 0.6956724183 0.5882833458 1.0000000000
0.866667 0.8430655965 0.6990711111 0.5978908318 1.0000000000
0.870588 0.8474519025 0.7046831071 0.6074983178 1.0000000000
0.874510 0.8518382084 0.7103140233 0.6171058038 1.0000000000
0.878431 0.8562245144 0.7159233557 0.6267132898 1.0000000000
0.882353 0.8606108204 0.7215326880 0.6363207757 1.0000000000
0.886275 0.8649971264 0.7269150327 0.6459282617 1.0000000000
0.890196 0.8693834324 0.7322946204 0.6555357477 1.0000000000
0.894118 0.8737697384 0.7376742081 0.6651531911 1.0000000000
0.898039 0.8781560444 0.7430767066 0.6769734433 1.0000000000
0.901961 0.8825423503 0.7507473675 0.6887936955 1.0000000000
0.905882 0.8869286563 0.7584180283 0.7006139477 1.0000000000
0.909804 0.8913149623 0.7660886892 0.7124341999 1.0000000000
0.913725 0.8957012683 0.7737593500 0.7242544520 1.0000000000
0.917647 0.9000875743 0.7814300109 0.7360747042 1.0000000000
0.921569 0.9044738803 0.7891006718 0.7478949564 1.0000000000
0.925490 0.9088601863 0.7967713326 0.7597152086 1.0000000000
0.929412 0.9132464923 0.8044419935 0.7715354608 1.0000000000
0.933333 0.9176327982 0.8121126543 0.7833557129 1.0000000000
0.937255 0.9220191042 0.8197833152 0.7951759651 1.0000000000
0.941176 0.9264054102 0.8274539760 0.8069962173 1.0000000000
0.945098 0.9307917162 0.8364381791 0.8188164695 1.0000000000
0.949020 0.9351780222 0.8454303110 0.8306367217 1.0000000000
0.952941 0.9395643282 0.8544224429 0.8424569738 1.0000000000
0.956863 0.9439506342 0.8634145747 0.8542772260 1.0000000000
0.960784 0.9483369401 0.8725135998 0.8660974782 1.0000000000
0.964706 0.9527232461 0.8816171787 0.8779177304 1.0000000000
0.968627 0.9571095521 0.8930696578 0.8897379826 1.0000000000
0.972549 0.9614958581 0.9045221369 0.9015582347 1.0000000000
0.976471 0.9658821641 0.9159746160 0.9133784869 1.0000000000
0.980392 0.9702684701 0.9274270950 0.9251987391 1.0000000000
0.984314 0.9746547761 0.9388795741 0.9370189913 1.0000000000
0.988235 0.9790410820 0.9503320532 0.9488392435 1.0000000000
0.992157 0.9834273880 0.9617845323 0.9606594956 1.0000000000
0.996078 0.9878136940 0.9732370114 0.9724797478 1.0000000000
1.000000 0.9922000000 0.9843000000 0.9843000000 1.0000000000
