0.000000 1.0000000000 0.0000000000 0.1600000000 1.0000000000
0.003922 1.0000000000 0.0000000000 0.1390849673 1.0000000000
0.007843 1.0000000000 0.0000000000 0.1181699346 1.0000000000
0.011765 1.0000000000 0.0000000000 0.0972549020 1.0000000000
0.015686 1.0000000000 0.0000000000 0.0763398693 1.0000000000
0.019608 1.0000000000 0.0000000000 0.0554248366 1.0000000000
0.023529 1.0000000000 0.0000000000 0.0345098039 1.0000000000
0.027451 1.0000000000 0.0000000000 0.0135947712 1.0000000000
0.031373 1.0000000000 0.0074191839 0.0000000000 1.0000000000
0.035294 1.0000000000 0.0286168521 0.0000000000 1.0000000000
0.039216 1.0000000000 0.0498145204 0.0000000000 1.0000000000
0.043137 1.0000000000 0.0710121887 0.0000000000 1.0000000000
0.047059 1.0000000000 0.0922098569 0.0000000000 1.0000000000
0.050980 1.0000000000 0.1134075252 0.0000000000 1.0000000000
0.054902 1.0000000000 0.1346051934 0.0000000000 1.0000000000
0.058824 1.0000000000 0.1558028617 0.0000000000 1.0000000000
0.062745 1.0000000000 0.1770005299 0.0000000000 1.0000000000
0.066667 1.0000000000 0.1981981982 0.0000000000 1.0000000000
0.070588 1.0000000000 0.2193958665 0.0000000000 1.0000000000
0.074510 1.0000000000 0.2405935347 0.0000000000 1.0000000000
0.078431 1.0000000000 0.2617912030 0.0000000000 1.0000000000
0.082353 1.0000000000 0.2829888712 0.0000000000 1.0000000000
0.086275 1.0000000000 0.3041865395 0.0000000000 1.0000000000
0.090196 1.0000000000 0.3253842077 0.0000000000 1.0000000000
0.094118 1.0000000000 0.3465818760 0.0000000000 1.0000000000
0.098039 1.0000000000 0.3677795443 0.0000000000 1.0000000000
0.101961 1.0000000000 0.3889772125 0.0000000000 1.0000000000
0.105882 1.0000000000 0.4101748808 0.0000000000 1.0000000000
0.109804 1.0000000000 0.4313725490 0.0000000000 1.0000000000
0.113725 1.0000000000 0.4525702173 0.0000000000 1.0000000000
0.117647 1.0000000000 0.4737678855 0.0000000000 1.0000000000
0.121569 1.0000000000 0.4949655538 0.0000000000 1.0000000000
0.125490 1.0000000000 0.5161632220 0.0000000000 1.0000000000
0.129412 1.0000000000 0.5373608903 0.0000000000 1.0000000000
0.133333 1.0000000000 0.5585585586 0.0000000000 1.0000000000
0.137255 1.0000000000 0.5797562268 0.0000000000 1.0000000000
0.141176 1.0000000000 0.6009538951 0.0000000000 1.0000000000
0.145098 1.0000000000 0.6221515633 0.0000000000 1.0000000000
0.149020 1.0000000000 0.6433492316 0.0000000000 1.0000000000
0.152941 1.0000000000 0.6645468998 0.0000000000 1.0000000000
0.156863 1.0000000000 0.6857445681 0.0000000000 1.0000000000
0.160784 1.0000000000 0.7069422364 0.0000000000 1.0000000000
0.164706 1.0000000000 0.7281399046 0.0000000000 1.0000000000
0.168627 1.0000000000 0.7493375729 0.0000000000 1.0000000000
0.172549 1.0000000000 0.7705352411 0.0000000000 1.0000000000
0.176471 1.0000000000 0.7917329094 0.0000000000 1.0000000000
0.180392 1.0000000000 0.8129305776 0.0000000000 1.0000000000
0.184314 1.0000000000 0.8341282459 0.0000000000 1.0000000000
0.188235 1.0000000000 0.8553259141 0.0000000000 1.0000000000
0.192157 1.0000000000 0.8765235824 0.0000000000 1.0000000000
0.196078 1.0000000000 0.8977212507 0.0000000000 1.0000000000
0.200000 1.0000000000 0.9189189189 0.0000000000 1.0000000000
0.203922 1.0000000000 0.9401165872 0.0000000000 1.0000000000
0.207843 1.0000000000 0.9613142554 0.0000000000 1.0000000000
0.211765 1.0000000000 0.9825119237 0.0000000000 1.0000000000
0.215686 0.9962904081 1.0000000000 0.0000000000 1.0000000000
0.219608 0.9750927398 1.0000000000 0.0000000000 1.0000000000
0.223529 0.9538950715 1.0000000000 0.0000000000 1.0000000000
0.227451 0.9326974033 1.0000000000 0.0000000000 1.0000000000
0.231373 0.9114997350 1.0000000000 0.0000000000 1.0000000000
0.235294 0.8903020668 1.0000000000 0.0000000000 1.0000000000
0.239216 0.8691043985 1.0000000000 0.0000000000 1.0000000000
0.243137 0.8479067303 1.0000000000 0.0000000000 1.0000000000
0.247059 0.8267090620 1.0000000000 0.0000000000 1.0000000000
0.250980 0.8055113937 1.0000000000 0.0000000000 1.0000000000
0.254902 0.7843137255 1.0000000000 0.0000000000 1.0000000000
0.258824 0.7631160572 1.0000000000 0.0000000000 1.0000000000
0.262745 0.7419183890 1.0000000000 0.0000000000 1.0000000000
0.266667 0.7207207207 1.0000000000 0.0000000000 1.0000000000
0.270588 0.6995230525 1.0000000000 0.0000000000 1.0000000000
0.274510 0.6783253842 1.0000000000 0.0000000000 1.0000000000
0.278431 0.6571277160 1.0000000000 0.0000000000 1.0000000000
0.282353 0.6359300477 1.0000000000 0.0000000000 1.0000000000
0.286275 0.6147323794 1.0000000000 0.0000000000 1.0000000000
0.290196 0.5935347112 1.0000000000 0.0000000000 1.0000000000
0.294118 0.5723370429 1.0000000000 0.0000000000 1.0000000000
0.298039 0.5511393747 1.0000000000 0.0000000000 1.0000000000
0.301961 0.5299417064 1.0000000000 0.0000000000 1.0000000000
0.305882 0.5087440382 1.0000000000 0.0000000000 1.0000000000
0.309804 0.4875463699 1.0000000000 0.0000000000 1.0000000000
0.313725 0.4663487016 1.0000000000 0.0000000000 1.0000000000
0.317647 0.4451510334 1.0000000000 0.0000000000 1.0000000000
0.321569 0.4239533651 1.0000000000 0.0000000000 1.0000000000
0.325490 0.4027556969 1.0000000000 0.0000000000 1.0000000000
0.329412 0.3815580286 1.0000000000 0.0000000000 1.0000000000
0.333333 0.3603603604 1.0000000000 0.0000000000 1.0000000000
0.337255 0.3391626921 1.0000000000 0.0000000000 1.0000000000
0.341176 0.3179650238 1.0000000000 0.0000000000 1.0000000000
0.345098 0.2967673556 1.0000000000 0.0000000000 1.0000000000
0.349020 0.2755696873 1.0000000000 0.0000000000 1.0000000000
0.352941 0.2543720191 1.0000000000 0.0000000000 1.0000000000
0.356863 0.2331743508 1.0000000000 0.0000000000 1.0000000000
0.360784 0.2119766826 1.0000000000 0.0000000000 1.0000000000
0.364706 0.1907790143 1.0000000000 0.0000000000 1.0000000000
0.368627 0.1695813461 1.0000000000 0.0000000000 1.0000000000
0.372549 0.1483836778 1.0000000000 0.0000000000 1.0000000000
0.376471 0.1271860095 1.0000000000 0.0000000000 1.0000000000
0.380392 0.1059883413 1.0000000000 0.0000000000 1.0000000000
0.384314 0.0847906730 1.0000000000 0.0000000000 1.0000000000
0.388235 0.0635930048 1.0000000000 0.0000000000 1.0000000000
0.392157 0.0423953365 1.0000000000 0.0000000000 1.0000000000
0.396078 0.0211976683 1.0000000000 0.0000000000 1.0000000000
0.400000 0.0000000000 1.0000000000 0.0000000000 1.0000000000
0.403922 0.0000000000 1.0000000000 0.0210837023 1.0000000000
0.407843 0.0000000000 1.0000000000 0.0421674046 1.0000000000
0.411765 0.0000000000 1.0000000000 0.0632511069 1.0000000000
0.415686 0.0000000000 1.0000000000 0.0843348092 1.0000000000
0.419608 0.0000000000 1.0000000000 0.1054185115 1.0000000000
0.423529 0.0000000000 1.0000000000 0.1265022138 1.0000000000
0.427451 0.0000000000 1.0000000000 0.1475859161 1.0000000000
0.431373 0.0000000000 1.0000000000 0.1686696184 1.0000000000
0.435294 0.0000000000 1.0000000000 0.1897533207 1.0000000000
0.439216 0.0000000000 1.0000000000 0.2108370230 1.0000000000
0.443137 0.0000000000 1.0000000000 0.2319207253 1.0000000000
0.447059 0.0000000000 1.0000000000 0.2530044276 1.0000000000
0.450980 0.0000000000 1.0000000000 0.2740881299 1.0000000000
0.454902 0.0000000000 1.0000000000 0.2951718322 1.0000000000
0.458824 0.0000000000 1.0000000000 0.3162555345 1.0000000000
0.462745 0.0000000000 1.0000000000 0.3373392368 1.0000000000
0.466667 0.0000000000 1.0000000000 0.3584229391 1.0000000000
0.470588 0.0000000000 1.0000000000 0.3795066414 1.0000000000
0.474510 0.0000000000 1.0000000000 0.4005903437 1.0000000000
0.478431 0.0000000000 1.0000000000 0.4216740460 1.0000000000
0.482353 0.0000000000 1.0000000000 0.4427577483 1.0000000000
0.486275 0.0000000000 1.0000000000 0.4638414506 1.0000000000
0.490196 0.0000000000 1.0000000000 0.4849251529 1.0000000000
0.494118 0.0000000000 1.0000000000 0.5060088552 1.0000000000
0.498039 0.0000000000 1.0000000000 0.5270925575 1.0000000000
0.501961 0.0000000000 1.0000000000 0.5481762598 1.0000000000
0.505882 0.0000000000 1.0000000000 0.5692599620 1.0000000000
0.509804 0.0000000000 1.0000000000 0.5903436643 1.0000000000
0.513725 0.0000000000 1.0000000000 0.6114273666 1.0000000000
0.517647 0.0000000000 1.0000000000 0.6325110689 1.0000000000
0.521569 0.0000000000 1.0000000000 0.6535947712 1.0000000000
0.525490 0.0000000000 1.0000000000 0.6746784735 1.0000000000
0.529412 0.0000000000 1.0000000000 0.6957621758 1.0000000000
0.533333 0.0000000000 1.0000000000 0.7168458781 1.0000000000
0.537255 0.0000000000 1.0000000000 0.7379295804 1.0000000000
0.541176 0.0000000000 1.0000000000 0.7590132827 1.0000000000
0.545098 0.0000000000 1.0000000000 0.7800969850 1.0000000000
0.549020 0.0000000000 1.0000000000 0.8011806873 1.0000000000
0.552941 0.0000000000 1.0000000000 0.8222643896 1.0000000000
0.556863 0.0000000000 1.0000000000 0.8433480919 1.0000000000
0.560784 0.0000000000 1.0000000000 0.8644317942 1.0000000000
0.564706 0.0000000000 1.0000000000 0.8855154965 1.0000000000
0.568627 0.0000000000 1.0000000000 0.9065991988 1.0000000000
0.572549 0.0000000000 1.0000000000 0.9276829011 1.0000000000
0.576471 0.0000000000 1.0000000000 0.9487666034 1.0000000000
0.580392 0.0000000000 1.0000000000 0.9698503057 1.0000000000
0.584314 0.0000000000 1.0000000000 0.9909340080 1.0000000000
0.588235 0.0000000000 0.9878516624 1.0000000000 1.0000000000
0.592157 0.0000000000 0.9665387894 1.0000000000 1.0000000000
0.596078 0.0000000000 0.9452259165 1.0000000000 1.0000000000
0.600000 0.0000000000 0.9239130435 1.0000000000 1.0000000000
0.603922 0.0000000000 0.9026001705 1.0000000000 1.0000000000
0.607843 0.0000000000 0.8812872975 1.0000000000 1.0000000000
0.611765 0.0000000000 0.8599744246 1.0000000000 1.0000000000
0.615686 0.0000000000 0.8386615516 1.0000000000 1.0000000000
0.619608 0.0000000000 0.8173486786 1.0000000000 1.0000000000
0.623529 0.0000000000 0.7960358056 1.0000000000 1.0000000000
0.627451 0.0000000000 0.7747229327 1.0000000000 1.0000000000
0.631373 0.0000000000 0.7534100597 1.0000000000 1.0000000000
0.635294 0.0000000000 0.7320971867 1.0000000000 1.0000000000
0.639216 0.0000000000 0.7107843137 1.0000000000 1.0000000000
0.643137 0.0000000000 0.6894714408 1.0000000000 1.0000000000
0.647059 0.0000000000 0.6681585678 1.0000000000 1.0000000000
0.650980 0.0000000000 0.6468456948 1.0000000000 1.0000000000
0.654902 0.0000000000 0.6255328218 1.0000000000 1.0000000000
0.658824 0.0000000000 0.6042199488 1.0000000000 1.0000000000
0.662745 0.0000000000 0.5829070759 1.0000000000 1.0000000000
0.666667 0.0000000000 0.5615942029 1.0000000000 1.0000000000
0.670588 0.0000000000 0.5402813299 1.0000000000 1.0000000000
0.674510 0.0000000000 0.5189684569 1.0000000000 1.0000000000
0.678431 0.0000000000 0.4976555840 1.0000000000 1.0000000000
0.682353 0.0000000000 0.4763427110 1.0000000000 1.0000000000
0.686275 0.0000000000 0.4550298380 1.0000000000 1.0000000000
0.690196 0.0000000000 0.4337169650 1.0000000000 1.0000000000
0.694118 0.0000000000 0.4124040921 1.0000000000 1.0000000000
0.698039 0.0000000000 0.3910912191 1.0000000000 1.0000000000
0.701961 0.0000000000 0.3697783461 1.0000000000 1.0000000000
0.705882 0.0000000000 0.3484654731 1.0000000000 1.0000000000
0.709804 0.0000000000 0.3271526002 1.0000000000 1.0000000000
0.713725 0.0000000000 0.3058397272 1.0000000000 1.0000000000
0.717647 0.0000000000 0.2845268542 1.0000000000 1.0000000000
0.721569 0.0000000000 0.2632139812 1.0000000000 1.0000000000
0.725490 0.0000000000 0.2419011083 1.0000000000 1.0000000000
0.729412 0.0000000000 0.2205882353 1.0000000000 1.0000000000
0.733333 0.0000000000 0.1992753623 1.0000000000 1.0000000000
0.737255 0.0000000000 0.1779624893 1.0000000000 1.0000000000
0.741176 0.0000000000 0.1566496164 1.0000000000 1.0000000000
0.745098 0.0000000000 0.1353367434 1.0000000000 1.0000000000
0.749020 0.0000000000 0.1140238704 1.0000000000 1.0000000000
0.752941 0.0000000000 0.0927109974 1.0000000000 1.0000000000
0.756863 0.0000000000 0.0713981245 1.0000000000 1.0000000000
0.760784 0.0000000000 0.0500852515 1.0000000000 1.0000000000
0.764706 0.0000000000 0.0287723785 1.0000000000 1.0000000000
0.768627 0.0000000000 0.0074595055 1.0000000000 1.0000000000
0.772549 0.0138533674 0.0000000000 1.0000000000 1.0000000000
0.776471 0.0351662404 0.0000000000 1.0000000000 1.0000000000
0.780392 0.0564791134 0.0000000000 1.0000000000 1.0000000000
0.784314 0.0777919864 0.0000000000 1.0000000000 1.0000000000
0.788235 0.0991048593 0.0000000000 1.0000000000 1.0000000000
0.792157 0.1204177323 0.0000000000 1.0000000000 1.0000000000
0.796078 0.1417306053 0.0000000000 1.0000000000 1.0000000000
0.800000 0.1630434783 0.0000000000 1.0000000000 1.0000000000
0.803922 0.1843563512 0.0000000000 1.0000000000 1.0000000000
0.807843 0.2056692242 0.0000000000 1.0000000000 1.0000000000
0.811765 0.2269820972 0.0000000000 1.0000000000 1.0000000000
0.815686 0.2482949702 0.0000000000 1.0000000000 1.0000000000
0.819608 0.2696078431 0.0000000000 1.0000000000 1.0000000000
0.823529 0.2909207161 0.0000000000 1.0000000000 1.0000000000
0.827451 0.3122335891 0.0000000000 1.0000000000 1.0000000000
0.831373 0.3335464621 0.0000000000 1.0000000000 1.0000000000
0.835294 0.3548593350 0.0000000000 1.0000000000 1.0000000000
0.839216 0.3761722080 0.0000000000 1.0000000000 1.0000000000
0.843137 0.3974850810 0.0000000000 1.0000000000 1.0000000000
0.847059 0.4187979540 0.0000000000 1.0000000000 1.0000000000
0.850980 0.4401108269 0.0000000000 1.0000000000 1.0000000000
0.854902 0.4614236999 0.0000000000 1.0000000000 1.0000000000
0.858824 0.4827365729 0.0000000000 1.0000000000 1.0000000000
0.862745 0.5040494459 0.0000000000 1.0000000000 1.0000000000
0.866667 0.5253623188 0.0000000000 1.0000000000 1.0000000000
0.870588 0.5466751918 0.0000000000 1.0000000000 1.0000000000
0.874510 0.5679880648 0.0000000000 1.0000000000 1.0000000000
0.878431 0.5893009378 0.0000000000 1.0000000000 1.0000000000
0.882353 0.6106138107 0.0000000000 1.0000000000 1.0000000000
0.886275 0.6319266837 0.0000000000 1.0000000000 1.0000000000
0.890196 0.6532395567 0.0000000000 1.0000000000 1.0000000000
0.894118 0.6745524297 0.0000000000 1.0000000000 1.0000000000
0.898039 0.6958653026 0.0000000000 1.0000000000 1.0000000000
0.901961 0.7171781756 0.0000000000 1.0000000000 1.0000000000
0.905882 0.7384910486 0.0000000000 1.0000000000 1.0000000000
0.909804 0.7598039216 0.0000000000 1.0000000000 1.0000000000
0.913725 0.7811167945 0.0000000000 1.0000000000 1.0000000000
0.917647 0.8024296675 0.0000000000 1.0000000000 1.0000000000
0.921569 0.8237425405 0.0000000000 1.0000000000 1.0000000000
0.925490 0.8450554135 0.0000000000 1.0000000000 1.0000000000
0.929412 0.8663682864 0.0000000000 1.0000000000 1.0000000000
0.933333 0.8876811594 0.0000000000 1.0000000000 1.0000000000
0.937255 0.9089940324 0.0000000000 1.0000000000 1.0000000000
0.941176 0.9303069054 0.0000000000 1.0000000000 1.0000000000
0.945098 0.9516197783 0.0000000000 1.0000000000 1.0000000000
0.949020 0.9729326513 0.0000000000 1.0000000000 1.0000000000
0.952941 0.9942455243 0.0000000000 1.0000000000 1.0000000000
0.956863 1.0000000000 0.0000000000 0.9844416027 1.0000000000
0.960784 1.0000000000 0.0000000000 0.9631287298 1.0000000000
0.964706 1.0000000000 0.0000000000 0.9418158568 1.0000000000
0.968627 1.0000000000 0.0000000000 0.9205029838 1.0000000000
0.972549 1.0000000000 0.0000000000 0.8991901108 1.0000000000
0.976471 1.0000000000 0.0000000000 0.8778772379 1.0000000000
0.980392 1.0000000000 0.0000000000 0.8565643649 1.0000000000
0.984314 1.0000000000 0.0000000000 0.8352514919 1.0000000000
0.988235 1.0000000000 0.0000000000 0.8139386189 1.0000000000
0.992157 1.0000000000 0.0000000000 0.7926257460 1.0000000000
0.996078 1.0000000000 0.0000000000 0.7713128730 1.0000000000
1.000000 1.0000000000 0.0000000000 0.7500000000 1.0000000000
