0.000000 0.9961000000 0.9725000000 0.9961000000 1.0000000000
0.003922 0.9933087659 0.9543339100 0.9937163014 1.0000000000
0.007843 0.9905175317 0.9361678201 0.9913326028 1.0000000000
0.011765 0.9877262976 0.9180017301 0.9889489043 1.0000000000
0.015686 0.9849350634 0.8998356401 0.9865652057 1.0000000000
0.019608 0.9821438293 0.8816695502 0.9841815071 1.0000000000
0.023529 0.9793525952 0.8635034602 0.9817978085 1.0000000000
0.027451 0.9765613610 0.8453373702 0.9794141100 1.0000000000
0.031373 0.9737701269 0.8271712803 0.9770304114 1.0000000000
0.035294 0.9709788927 0.8090051903 0.9746467128 1.0000000000
0.039216 0.9681876586 0.7908391003 0.9722630142 1.0000000000
0.043137 0.9653964245 0.7726730104 0.9698793156 1.0000000000
0.047059 0.9626051903 0.7545069204 0.9674956171 1.0000000000
0.050980 0.9598139562 0.7363408304 0.9651119185 1.0000000000
0.054902 0.9570227220 0.7181747405 0.9627282199 1.0000000000
0.058824 0.9542314879 0.7000086505 0.9603445213 1.0000000000
0.062745 0.9514402537 0.6818425606 0.9579608228 1.0000000000
0.066667 0.9486490196 0.6636764706 0.9555771242 1.0000000000
0.070588 0.9458577855 0.6455103806 0.9531934256 1.0000000000
0.074510 0.9430665513 0.6273442907 0.9508097270 1.0000000000
0.078431 0.9402753172 0.6091782007 0.9484260285 1.0000000000
0.082353 0.9374840830 0.5910121107 0.9460423299 1.0000000000
0.086275 0.9346928489 0.5728460208 0.9436586313 1.0000000000
0.090196 0.9319016148 0.5546799308 0.9412749327 1.0000000000
0.094118 0.9291103806 0.5365138408 0.9388912341 1.0000000000
0.098039 0.9263191465 0.5183477509 0.9365075356 1.0000000000
0.101961 0.9235279123 0.5001816609 0.9341238370 1.0000000000
0.105882 0.9004880966 0.4770382514 0.9387602379 1.0000000000
0.109804 0.8772437498 0.4538445659 0.9434675488 1.0000000000
0.113725 0.8539994029 0.4306508804 0.9481748598 1.0000000000
0.117647 0.8307550560 0.4074571949 0.9528821708 1.0000000000
0.121569 0.8075107092 0.3842635094 0.9575894818 1.0000000000
0.125490 0.7842663623 0.3610698239 0.9622967927 1.0000000000
0.129412 0.7610220155 0.3378761384 0.9670041037 1.0000000000
0.133333 0.7377776686 0.3146824529 0.9717114147 1.0000000000
0.137255 0.7145333218 0.2914887675 0.9764187257 1.0000000000
0.141176 0.6912889749 0.2682950820 0.9811260366 1.0000000000
0.145098 0.6680446281 0.2451013965 0.9858333476 1.0000000000
0.149020 0.6448002812 0.2219077110 0.9905406586 1.0000000000
0.152941 0.6220836601 0.1987140255 0.9952479696 1.0000000000
0.156863 0.6490989107 0.1755203400 0.9999552805 1.0000000000
0.160784 0.6761141612 0.1619223930 1.0000000000 1.0000000000
0.164706 0.7031294118 0.1484164798 1.0000000000 1.0000000000
0.168627 0.7301446623 0.1349105667 1.0000000000 1.0000000000
0.172549 0.7571599129 0.1214046535 1.0000000000 1.0000000000
0.176471 0.7841751634 0.1078987403 1.0000000000 1.0000000000
0.180392 0.8111904139 0.0943928272 1.0000000000 1.0000000000
0.184314 0.8382056645 0.0808869140 1.0000000000 1.0000000000
0.188235 0.8652209150 0.0673810008 1.0000000000 1.0000000000
0.192157 0.8922361656 0.0538750876 1.0000000000 1.0000000000
0.196078 0.9192514161 0.0403691745 1.0000000000 1.0000000000
0.200000 0.9462666667 0.0268632613 1.0000000000 1.0000000000
0.203922 0.9732819172 0.0133573481 0.9868275515 1.0000000000
0.207843 1.0000000000 0.0000000000 0.9730348441 1.0000000000
0.211765 1.0000000000 0.0000000000 0.9034752170 1.0000000000
0.215686 1.0000000000 0.0000000000 0.8339155898 1.0000000000
0.219608 1.0000000000 0.0000000000 0.7643559627 1.0000000000
0.223529 1.0000000000 0.0000000000 0.6947963356 1.0000000000
0.227451 1.0000000000 0.0000000000 0.6252367085 1.0000000000
0.231373 1.0000000000 0.0000000000 0.5556770813 1.0000000000
0.235294 1.0000000000 0.0000000000 0.4861174542 1.0000000000
0.239216 1.0000000000 0.0000000000 0.4165578271 1.0000000000
0.243137 1.0000000000 0.0000000000 0.3469981999 1.0000000000
0.247059 1.0000000000 0.0000000000 0.2774385728 1.0000000000
0.250980 1.0000000000 0.0000000000 0.2078789457 1.0000000000
0.254902 1.0000000000 0.0000093237 0.1383193185 1.0000000000
0.258824 1.0000000000 0.0186567827 0.0687596914 1.0000000000
0.262745 1.0000000000 0.0373042417 0.0000000000 1.0000000000
0.266667 1.0000000000 0.0559517007 0.0000000000 1.0000000000
0.270588 1.0000000000 0.0745991597 0.0000000000 1.0000000000
0.274510 1.0000000000 0.0932466186 0.0000000000 1.0000000000
0.278431 1.0000000000 0.1118940776 0.0000000000 1.0000000000
0.282353 1.0000000000 0.1305415366 0.0000000000 1.0000000000
0.286275 1.0000000000 0.1491889956 0.0000000000 1.0000000000
0.290196 1.0000000000 0.1678364546 0.0000000000 1.0000000000
0.294118 1.0000000000 0.1864839136 0.0000000000 1.0000000000
0.298039 1.0000000000 0.2051313725 0.0000000000 1.0000000000
0.301961 1.0000000000 0.2237788315 0.0000000000 1.0000000000
0.305882 1.0000000000 0.2424262905 0.0000000000 1.0000000000
0.309804 1.0000000000 0.2610737495 0.0000036615 1.0000000000
0.313725 1.0000000000 0.2798087503 0.0036651261 1.0000000000
0.317647 1.0000000000 0.3119241830 0.0073265906 1.0000000000
0.321569 1.0000000000 0.3440396157 0.0109880552 1.0000000000
0.325490 1.0000000000 0.3761550484 0.0146495198 1.0000000000
0.329412 1.0000000000 0.4082704811 0.0183109844 1.0000000000
0.333333 1.0000000000 0.4403859138 0.0219724490 1.0000000000
0.337255 1.0000000000 0.4725013465 0.0256339136 1.0000000000
0.341176 1.0000000000 0.5046167792 0.0292953782 1.0000000000
0.345098 1.0000000000 0.5367322119 0.0329568427 1.0000000000
0.349020 1.0000000000 0.5688476446 0.0366183073 1.0000000000
0.352941 1.0000000000 0.6009630773 0.0402797719 1.0000000000
0.356863 1.0000000000 0.6330785099 0.0439412365 1.0000000000
0.360784 1.0000000000 0.6651939426 0.0476027011 1.0000000000
0.364706 1.0000000000 0.6973093753 0.0512641657 1.0000000000
0.368627 1.0000000000 0.7292677024 0.0548704498 1.0000000000
0.372549 1.0000000000 0.7389394764 0.0506489965 1.0000000000
0.376471 1.0000000000 0.7486112504 0.0464275433 1.0000000000
0.380392 1.0000000000 0.7582830244 0.0422060900 1.0000000000
0.384314 1.0000000000 0.7679547984 0.0379846367 1.0000000000
0.388235 1.0000000000 0.7776265724 0.0337631834 1.0000000000
0.392157 1.0000000000 0.7872983464 0.0295417301 1.0000000000
0.396078 1.0000000000 0.7969701204 0.0253202768 1.0000000000
0.400000 1.0000000000 0.8066418944 0.0210988235 1.0000000000
0.403922 1.0000000000 0.8163136683 0.0168773702 1.0000000000
0.407843 1.0000000000 0.8259854423 0.0126559170 1.0000000000
0.411765 1.0000000000 0.8356572163 0.0084344637 1.0000000000
0.415686 1.0000000000 0.8453289903 0.0042130104 1.0000000000
0.419608 1.0000000000 0.8550007643 0.0000000000 1.0000000000
0.423529 1.0000000000 0.8646725383 0.0000000000 1.0000000000
0.427451 1.0000000000 0.8743443123 0.0000000000 1.0000000000
0.431373 1.0000000000 0.8840160863 0.0000000000 1.0000000000
0.435294 1.0000000000 0.8936878603 0.0000000000 1.0000000000
0.439216 1.0000000000 0.9033596343 0.0000000000 1.0000000000
0.443137 1.0000000000 0.9130314083 0.0000000000 1.0000000000
0.447059 1.0000000000 0.9227031823 0.0000000000 1.0000000000
0.450980 1.0000000000 0.9323749562 0.0000000000 1.0000000000
0.454902 1.0000000000 0.9420467302 0.0000000000 1.0000000000
0.458824 1.0000000000 0.9517185042 0.0000000000 1.0000000000
0.462745 1.0000000000 0.9613902782 0.0000000000 1.0000000000
0.466667 1.0000000000 0.9710620522 0.0000000000 1.0000000000
0.470588 0.9823046341 0.9807338262 0.0154868147 1.0000000000
0.474510 0.9644575681 0.9904056002 0.0311063959 1.0000000000
0.478431 0.9466105022 1.0000000000 0.0467259771 1.0000000000
0.482353 0.9287634362 1.0000000000 0.0623455582 1.0000000000
0.486275 0.9109163702 1.0000000000 0.0779651394 1.0000000000
0.490196 0.8930693043 1.0000000000 0.0935847206 1.0000000000
0.494118 0.8752222383 1.0000000000 0.1092043017 1.0000000000
0.498039 0.8573751723 1.0000000000 0.1248238829 1.0000000000
0.501961 0.8395281064 1.0000000000 0.1404434641 1.0000000000
0.505882 0.8216810404 1.0000000000 0.1560630452 1.0000000000
0.509804 0.8038339744 1.0000000000 0.1716826264 1.0000000000
0.513725 0.7859869085 1.0000000000 0.1873022075 1.0000000000
0.517647 0.7681398425 1.0000000000 0.2029217887 1.0000000000
0.521569 0.7502927765 1.0000000000 0.2185413699 1.0000000000
0.525490 0.7324457106 1.0000000000 0.2341609510 1.0000000000
0.529412 0.7145986446 1.0000000000 0.2186194678 1.0000000000
0.533333 0.6967515786 1.0000000000 0.2029998866 1.0000000000
0.537255 0.6789045127 1.0000000000 0.1873803055 1.0000000000
0.541176 0.6610574467 1.0000000000 0.1717607243 1.0000000000
0.545098 0.6432103807 1.0000000000 0.1561411431 1.0000000000
0.549020 0.6253633148 1.0000000000 0.1405215620 1.0000000000
0.552941 0.6075162488 1.0000000000 0.1249019808 1.0000000000
0.556863 0.5896691828 1.0000000000 0.1092823996 1.0000000000
0.560784 0.5718221169 1.0000000000 0.0936628185 1.0000000000
0.564706 0.5539750509 1.0000000000 0.0780432373 1.0000000000
0.568627 0.5361279849 1.0000000000 0.0624236561 1.0000000000
0.572549 0.5182809190 0.9998402910 0.0468040750 1.0000000000
0.576471 0.5004338530 0.9870635674 0.0311844938 1.0000000000
0.580392 0.4925920031 0.9742868438 0.0155649126 1.0000000000
0.584314 0.4848257593 0.9615101202 0.0000000000 1.0000000000
0.588235 0.4770595156 0.9487333966 0.0000000000 1.0000000000
0.592157 0.4692932718 0.9359566730 0.0000000000 1.0000000000
0.596078 0.4615270281 0.9231799494 0.0000000000 1.0000000000
0.600000 0.4537607843 0.9104032258 0.0000000000 1.0000000000
0.603922 0.4459945406 0.8976265022 0.0000000000 1.0000000000
0.607843 0.4382282968 0.8848497786 0.0000000000 1.0000000000
0.611765 0.4304620531 0.8720730550 0.0000000000 1.0000000000
0.615686 0.4226958093 0.8592963314 0.0000000000 1.0000000000
0.619608 0.4149295656 0.8465196078 0.0000000000 1.0000000000
0.623529 0.4071633218 0.8337428843 0.0000000000 1.0000000000
0.627451 0.3993970780 0.8209661607 0.0000000000 1.0000000000
0.631373 0.3746379773 0.8081894371 0.0000000000 1.0000000000
0.635294 0.3496637771 0.8227525721 0.0000000000 1.0000000000
0.639216 0.3246895769 0.8375084352 0.0000000000 1.0000000000
0.643137 0.2997153767 0.8522642983 0.0000000000 1.0000000000
0.647059 0.2747411765 0.8670201615 0.0000000000 1.0000000000
0.650980 0.2497669763 0.8817760246 0.0000000000 1.0000000000
0.654902 0.2247927761 0.8965318877 0.0000000000 1.0000000000
0.658824 0.1998185759 0.9112877509 0.0000000000 1.0000000000
0.662745 0.1748443756 0.9260436140 0.0000000000 1.0000000000
0.666667 0.1498701754 0.9407994771 0.0000000000 1.0000000000
0.670588 0.1248959752 0.9555553403 0.0000000000 1.0000000000
0.674510 0.0999217750 0.9703112034 0.0000000000 1.0000000000
0.678431 0.0749475748 0.9850670665 0.0003273078 1.0000000000
0.682353 0.0499733746 0.9998229296 0.0412407870 1.0000000000
0.686275 0.0249991744 0.9983842470 0.0821542661 1.0000000000
0.690196 0.0000249742 0.9967488694 0.1230677453 1.0000000000
0.694118 0.0000000000 0.9951134919 0.1639812244 1.0000000000
0.698039 0.0000000000 0.9934781143 0.2048947036 1.0000000000
0.701961 0.0000000000 0.9918427368 0.2458081827 1.0000000000
0.705882 0.0000000000 0.9902073592 0.2867216618 1.0000000000
0.709804 0.0000000000 0.9885719816 0.3276351410 1.0000000000
0.713725 0.0000000000 0.9869366041 0.3685486201 1.0000000000
0.717647 0.0000000000 0.9853012265 0.4094620993 1.0000000000
0.721569 0.0000000000 0.9836658490 0.4503755784 1.0000000000
0.725490 0.0000000000 0.9820304714 0.4912890576 1.0000000000
0.729412 0.0000000000 0.9804000000 0.5322025367 1.0000000000
0.733333 0.0000000000 0.9804000000 0.5731160158 1.0000000000
0.737255 0.0000000000 0.9804000000 0.6140294950 1.0000000000
0.741176 0.0000000000 0.9804000000 0.6399146158 1.0000000000
0.745098 0.0000000000 0.9821726582 0.6656249000 1.0000000000
0.749020 0.0000000000 0.9839560166 0.6913351841 1.0000000000
0.752941 0.0000000000 0.9857393749 0.7170454682 1.0000000000
0.756863 0.0000000000 0.9875227333 0.7427557523 1.0000000000
0.760784 0.0000000000 0.9893060916 0.7684660364 1.0000000000
0.764706 0.0000000000 0.9910894500 0.7941763205 1.0000000000
0.768627 0.0000000000 0.9928728083 0.8198866046 1.0000000000
0.772549 0.0000000000 0.9946561667 0.8455968888 1.0000000000
0.776471 0.0000000000 0.9964395250 0.8713071729 1.0000000000
0.780392 0.0000000000 0.9982228834 0.8970174570 1.0000000000
0.784314 0.0000000000 0.9999395002 0.9227277411 1.0000000000
0.788235 0.0000000000 0.9826538408 0.9484380252 1.0000000000
0.792157 0.0000000000 0.9653681815 0.9741483093 1.0000000000
0.796078 0.0000000000 0.9480825221 0.9998585934 1.0000000000
0.800000 0.0000000000 0.9307968627 1.0000000000 1.0000000000
0.803922 0.0000000000 0.9135112034 1.0000000000 1.0000000000
0.807843 0.0000000000 0.8962255440 1.0000000000 1.0000000000
0.811765 0.0000000000 0.8789398847 1.0000000000 1.0000000000
0.815686 0.0000000000 0.8616542253 1.0000000000 1.0000000000
0.819608 0.0000000000 0.8443685659 1.0000000000 1.0000000000
0.823529 0.0000000000 0.8270829066 1.0000000000 1.0000000000
0.827451 0.0000000000 0.8097972472 1.0000000000 1.0000000000
0.831373 0.0000000000 0.7925115879 1.0000000000 1.0000000000
0.835294 0.0000000000 0.7752259285 1.0000000000 1.0000000000
0.839216 0.0000000000 0.7535652589 1.0000000000 1.0000000000
0.843137 0.0000000000 0.7196739023 1.0000000000 1.0000000000
0.847059 0.0000000000 0.6642952018 1.0000000000 1.0000000000
0.850980 0.0000000000 0.6089165013 1.0000000000 1.0000000000
0.854902 0.0000000000 0.5535378008 1.0000000000 1.0000000000
0.858824 0.0000000000 0.4981591003 1.0000000000 1.0000000000
0.862745 0.0000000000 0.4427803998 1.0000000000 1.0000000000
0.866667 0.0000000000 0.3874016993 1.0000000000 1.0000000000
0.870588 0.0000000000 0.3320229988 1.0000000000 1.0000000000
0.874510 0.0000000000 0.2766442983 1.0000000000 1.0000000000
0.878431 0.0000000000 0.2212655978 1.0000000000 1.0000000000
0.882353 0.0000000000 0.1658868973 1.0000000000 1.0000000000
0.886275 0.0000000000 0.1105081968 1.0000000000 1.0000000000
0.890196 0.0000000000 0.0551294963 1.0000000000 1.0000000000
0.894118 0.0000000000 0.0001196400 0.9348524610 1.0000000000
0.898039 0.0000000000 0.0267063038 0.8696397092 1.0000000000
0.901961 0.0000000000 0.0532929676 0.8044269574 1.0000000000
0.905882 0.0000000000 0.0798796314 0.7392142057 1.0000000000
0.909804 0.0000000000 0.1064662952 0.6740014539 1.0000000000
0.913725 0.0000000000 0.1330529590 0.6087887021 1.0000000000
0.917647 0.0000000000 0.1596396228 0.5435759504 1.0000000000
0.921569 0.0000000000 0.1862262867 0.4783631986 1.0000000000
0.925490 0.0000000000 0.2128129505 0.4131504468 1.0000000000
0.929412 0.0000000000 0.2393996143 0.3479376951 1.0000000000
0.933333 0.0000000000 0.2659862781 0.2827249433 1.0000000000
0.937255 0.0000000000 0.2925729419 0.2175121915 1.0000000000
0.941176 0.0000000000 0.3191596057 0.1522994398 1.0000000000
0.945098 0.0000000000 0.3457462695 0.0870866880 1.0000000000
0.949020 0.0000000000 0.3720569012 0.0223844675 1.0000000000
0.952941 0.0000000000 0.3434371396 0.0592779700 1.0000000000
0.956863 0.0000000000 0.3148173779 0.0961714725 1.0000000000
0.960784 0.0000000000 0.2861976163 0.1330649750 1.0000000000
0.964706 0.0000000000 0.2575778547 0.1699584775 1.0000000000
0.968627 0.0000000000 0.2289580930 0.2068519800 1.0000000000
0.972549 0.0000000000 0.2003383314 0.2437454825 1.0000000000
0.976471 0.0000000000 0.1717185698 0.2806389850 1.0000000000
0.980392 0.0000000000 0.1430988082 0.3175324875 1.0000000000
0.984314 0.0000000000 0.1144790465 0.3544259900 1.0000000000
0.988235 0.0000000000 0.0858592849 0.3913194925 1.0000000000
0.992157 0.0000000000 0.0572395233 0.4282129950 1.0000000000
0.996078 0.0000000000 0.0286197616 0.4651064975 1.0000000000
1.000000 0.0000000000 0.0000000000 0.5020000000 1.0000000000
