0.000000 0.9686274510 0.9882352941 0.9411764706 1.0000000000
0.003922 0.9657977701 0.9871280277 0.9385928489 1.0000000000
0.007843 0.9629680892 0.9860207612 0.9360092272 1.0000000000
0.011765 0.9601384083 0.9849134948 0.9334256055 1.0000000000
0.015686 0.9573087274 0.9838062284 0.9308419839 1.0000000000
0.019608 0.9544790465 0.9826989619 0.9282583622 1.0000000000
0.023529 0.9516493656 0.9815916955 0.9256747405 1.0000000000
0.027451 0.9488196847 0.9804844291 0.9230911188 1.0000000000
0.031373 0.9459900038 0.9793771626 0.9205074971 1.0000000000
0.035294 0.9431603230 0.9782698962 0.9179238754 1.0000000000
0.039216 0.9403306421 0.9771626298 0.9153402537 1.0000000000
0.043137 0.9375009612 0.9760553633 0.9127566321 1.0000000000
0.047059 0.9346712803 0.9749480969 0.9101730104 1.0000000000
0.050980 0.9318415994 0.9738408304 0.9075893887 1.0000000000
0.054902 0.9290119185 0.9727335640 0.9050057670 1.0000000000
0.058824 0.9261822376 0.9716262976 0.9024221453 1.0000000000
0.062745 0.9233525567 0.9705190311 0.8998385236 1.0000000000
0.066667 0.9205228758 0.9694117647 0.8972549020 1.0000000000
0.070588 0.9176931949 0.9683044983 0.8946712803 1.0000000000
0.074510 0.9148635140 0.9671972318 0.8920876586 1.0000000000
0.078431 0.9120338331 0.9660899654 0.8895040369 1.0000000000
0.082353 0.9092041522 0.9649826990 0.8869204152 1.0000000000
0.086275 0.9063744714 0.9638754325 0.8843367935 1.0000000000
0.090196 0.9035447905 0.9627681661 0.8817531719 1.0000000000
0.094118 0.9007151096 0.9616608997 0.8791695502 1.0000000000
0.098039 0.8978854287 0.9605536332 0.8765859285 1.0000000000
0.101961 0.8950557478 0.9594463668 0.8740023068 1.0000000000
0.105882 0.8922260669 0.9583391003 0.8714186851 1.0000000000
0.109804 0.8893963860 0.9572318339 0.8688350634 1.0000000000
0.113725 0.8865667051 0.9561245675 0.8662514418 1.0000000000
0.117647 0.8837370242 0.9550173010 0.8636678201 1.0000000000
0.121569 0.8809073433 0.9539100346 0.8610841984 1.0000000000
0.125490 0.8781237985 0.9528181469 0.8584851980 1.0000000000
0.129412 0.8756632065 0.9518339100 0.8557785467 1.0000000000
0.133333 0.8732026144 0.9508496732 0.8530718954 1.0000000000
0.137255 0.8707420223 0.9498654364 0.8503652441 1.0000000000
0.141176 0.8682814302 0.9488811995 0.8476585928 1.0000000000
0.145098 0.8658208381 0.9478969627 0.8449519416 1.0000000000
0.149020 0.8633602461 0.9469127259 0.8422452903 1.0000000000
0.152941 0.8608996540 0.9459284890 0.8395386390 1.0000000000
0.156863 0.8584390619 0.9449442522 0.8368319877 1.0000000000
0.160784 0.8559784698 0.9439600154 0.8341253364 1.0000000000
0.164706 0.8535178777 0.9429757785 0.8314186851 1.0000000000
0.168627 0.8510572857 0.9419915417 0.8287120338 1.0000000000
0.172549 0.8485966936 0.9410073049 0.8260053825 1.0000000000
0.176471 0.8461361015 0.9400230681 0.8232987313 1.0000000000
0.180392 0.8436755094 0.9390388312 0.8205920800 1.0000000000
0.184314 0.8412149173 0.9380545944 0.8178854287 1.0000000000
0.188235 0.8387543253 0.9370703576 0.8151787774 1.0000000000
0.192157 0.8362937332 0.9360861207 0.8124721261 1.0000000000
0.196078 0.8338331411 0.9351018839 0.8097654748 1.0000000000
0.200000 0.8313725490 0.9341176471 0.8070588235 1.0000000000
0.203922 0.8289119569 0.9331334102 0.8043521722 1.0000000000
0.207843 0.8264513649 0.9321491734 0.8016455210 1.0000000000
0.211765 0.8239907728 0.9311649366 0.7989388697 1.0000000000
0.215686 0.8215301807 0.9301806997 0.7962322184 1.0000000000
0.219608 0.8190695886 0.9291964629 0.7935255671 1.0000000000
0.223529 0.8166089965 0.9282122261 0.7908189158 1.0000000000
0.227451 0.8141484045 0.9272279892 0.7881122645 1.0000000000
0.231373 0.8116878124 0.9262437524 0.7854056132 1.0000000000
0.235294 0.8092272203 0.9252595156 0.7826989619 1.0000000000
0.239216 0.8067666282 0.9242752787 0.7799923106 1.0000000000
0.243137 0.8043060361 0.9232910419 0.7772856594 1.0000000000
0.247059 0.8018454441 0.9223068051 0.7745790081 1.0000000000
0.250980 0.7988927336 0.9211380238 0.7720569012 1.0000000000
0.254902 0.7944636678 0.9194156094 0.7700884275 1.0000000000
0.258824 0.7900346021 0.9176931949 0.7681199539 1.0000000000
0.262745 0.7856055363 0.9159707805 0.7661514802 1.0000000000
0.266667 0.7811764706 0.9142483660 0.7641830065 1.0000000000
0.270588 0.7767474048 0.9125259516 0.7622145329 1.0000000000
0.274510 0.7723183391 0.9108035371 0.7602460592 1.0000000000
0.278431 0.7678892734 0.9090811226 0.7582775855 1.0000000000
0.282353 0.7634602076 0.9073587082 0.7563091119 1.0000000000
0.286275 0.7590311419 0.9056362937 0.7543406382 1.0000000000
0.290196 0.7546020761 0.9039138793 0.7523721646 1.0000000000
0.294118 0.7501730104 0.9021914648 0.7504036909 1.0000000000
0.298039 0.7457439446 0.9004690504 0.7484352172 1.0000000000
0.301961 0.7413148789 0.8987466359 0.7464667436 1.0000000000
0.305882 0.7368858131 0.8970242215 0.7444982699 1.0000000000
0.309804 0.7324567474 0.8953018070 0.7425297962 1.0000000000
0.313725 0.7280276817 0.8935793925 0.7405613226 1.0000000000
0.317647 0.7235986159 0.8918569781 0.7385928489 1.0000000000
0.321569 0.7191695502 0.8901345636 0.7366243752 1.0000000000
0.325490 0.7147404844 0.8884121492 0.7346559016 1.0000000000
0.329412 0.7103114187 0.8866897347 0.7326874279 1.0000000000
0.333333 0.7058823529 0.8849673203 0.7307189542 1.0000000000
0.337255 0.7014532872 0.8832449058 0.7287504806 1.0000000000
0.341176 0.6970242215 0.8815224913 0.7267820069 1.0000000000
0.345098 0.6925951557 0.8798000769 0.7248135333 1.0000000000
0.349020 0.6881660900 0.8780776624 0.7228450596 1.0000000000
0.352941 0.6837370242 0.8763552480 0.7208765859 1.0000000000
0.356863 0.6793079585 0.8746328335 0.7189081123 1.0000000000
0.360784 0.6748788927 0.8729104191 0.7169396386 1.0000000000
0.364706 0.6704498270 0.8711880046 0.7149711649 1.0000000000
0.368627 0.6660207612 0.8694655902 0.7130026913 1.0000000000
0.372549 0.6615916955 0.8677431757 0.7110342176 1.0000000000
0.376471 0.6567474048 0.8658823529 0.7104959631 1.0000000000
0.380392 0.6512110727 0.8637908497 0.7123414072 1.0000000000
0.384314 0.6456747405 0.8616993464 0.7141868512 1.0000000000
0.388235 0.6401384083 0.8596078431 0.7160322953 1.0000000000
0.392157 0.6346020761 0.8575163399 0.7178777393 1.0000000000
0.396078 0.6290657439 0.8554248366 0.7197231834 1.0000000000
0.400000 0.6235294118 0.8533333333 0.7215686275 1.0000000000
0.403922 0.6179930796 0.8512418301 0.7234140715 1.0000000000
0.407843 0.6124567474 0.8491503268 0.7252595156 1.0000000000
0.411765 0.6069204152 0.8470588235 0.7271049596 1.0000000000
0.415686 0.6013840830 0.8449673203 0.7289504037 1.0000000000
0.419608 0.5958477509 0.8428758170 0.7307958478 1.0000000000
0.423529 0.5903114187 0.8407843137 0.7326412918 1.0000000000
0.427451 0.5847750865 0.8386928105 0.7344867359 1.0000000000
0.431373 0.5792387543 0.8366013072 0.7363321799 1.0000000000
0.435294 0.5737024221 0.8345098039 0.7381776240 1.0000000000
0.439216 0.5681660900 0.8324183007 0.7400230681 1.0000000000
0.443137 0.5626297578 0.8303267974 0.7418685121 1.0000000000
0.447059 0.5570934256 0.8282352941 0.7437139562 1.0000000000
0.450980 0.5515570934 0.8261437908 0.7455594002 1.0000000000
0.454902 0.5460207612 0.8240522876 0.7474048443 1.0000000000
0.458824 0.5404844291 0.8219607843 0.7492502884 1.0000000000
0.462745 0.5349480969 0.8198692810 0.7510957324 1.0000000000
0.466667 0.5294117647 0.8177777778 0.7529411765 1.0000000000
0.470588 0.5238754325 0.8156862745 0.7547866205 1.0000000000
0.474510 0.5183391003 0.8135947712 0.7566320646 1.0000000000
0.478431 0.5128027682 0.8115032680 0.7584775087 1.0000000000
0.482353 0.5072664360 0.8094117647 0.7603229527 1.0000000000
0.486275 0.5017301038 0.8073202614 0.7621683968 1.0000000000
0.490196 0.4961937716 0.8052287582 0.7640138408 1.0000000000
0.494118 0.4906574394 0.8031372549 0.7658592849 1.0000000000
0.498039 0.4851211073 0.8010457516 0.7677047290 1.0000000000
0.501961 0.4795847751 0.7984621300 0.7695501730 1.0000000000
0.505882 0.4740484429 0.7953863899 0.7713956171 1.0000000000
0.509804 0.4685121107 0.7923106498 0.7732410611 1.0000000000
0.513725 0.4629757785 0.7892349097 0.7750865052 1.0000000000
0.517647 0.4574394464 0.7861591696 0.7769319493 1.0000000000
0.521569 0.4519031142 0.7830834295 0.7787773933 1.0000000000
0.525490 0.4463667820 0.7800076894 0.7806228374 1.0000000000
0.529412 0.4408304498 0.7769319493 0.7824682814 1.0000000000
0.533333 0.4352941176 0.7738562092 0.7843137255 1.0000000000
0.537255 0.4297577855 0.7707804691 0.7861591696 1.0000000000
0.541176 0.4242214533 0.7677047290 0.7880046136 1.0000000000
0.545098 0.4186851211 0.7646289889 0.7898500577 1.0000000000
0.549020 0.4131487889 0.7615532488 0.7916955017 1.0000000000
0.552941 0.4076124567 0.7584775087 0.7935409458 1.0000000000
0.556863 0.4020761246 0.7554017686 0.7953863899 1.0000000000
0.560784 0.3965397924 0.7523260285 0.7972318339 1.0000000000
0.564706 0.3910034602 0.7492502884 0.7990772780 1.0000000000
0.568627 0.3854671280 0.7461745483 0.8009227220 1.0000000000
0.572549 0.3799307958 0.7430988082 0.8027681661 1.0000000000
0.576471 0.3743944637 0.7400230681 0.8046136101 1.0000000000
0.580392 0.3688581315 0.7369473280 0.8064590542 1.0000000000
0.584314 0.3633217993 0.7338715879 0.8083044983 1.0000000000
0.588235 0.3577854671 0.7307958478 0.8101499423 1.0000000000
0.592157 0.3522491349 0.7277201077 0.8119953864 1.0000000000
0.596078 0.3467128028 0.7246443676 0.8138408304 1.0000000000
0.600000 0.3411764706 0.7215686275 0.8156862745 1.0000000000
0.603922 0.3356401384 0.7184928874 0.8175317186 1.0000000000
0.607843 0.3301038062 0.7154171473 0.8193771626 1.0000000000
0.611765 0.3245674740 0.7123414072 0.8212226067 1.0000000000
0.615686 0.3190311419 0.7092656671 0.8230680507 1.0000000000
0.619608 0.3134948097 0.7061899270 0.8249134948 1.0000000000
0.623529 0.3079584775 0.7031141869 0.8267589389 1.0000000000
0.627451 0.3031910804 0.6989619377 0.8258362168 1.0000000000
0.631373 0.2988850442 0.6941637832 0.8232525952 1.0000000000
0.635294 0.2945790081 0.6893656286 0.8206689735 1.0000000000
0.639216 0.2902729719 0.6845674740 0.8180853518 1.0000000000
0.643137 0.2859669358 0.6797693195 0.8155017301 1.0000000000
0.647059 0.2816608997 0.6749711649 0.8129181084 1.0000000000
0.650980 0.2773548635 0.6701730104 0.8103344867 1.0000000000
0.654902 0.2730488274 0.6653748558 0.8077508651 1.0000000000
0.658824 0.2687427912 0.6605767013 0.8051672434 1.0000000000
0.662745 0.2644367551 0.6557785467 0.8025836217 1.0000000000
0.666667 0.2601307190 0.6509803922 0.8000000000 1.0000000000
0.670588 0.2558246828 0.6461822376 0.7974163783 1.0000000000
0.674510 0.2515186467 0.6413840830 0.7948327566 1.0000000000
0.678431 0.2472126105 0.6365859285 0.7922491349 1.0000000000
0.682353 0.2429065744 0.6317877739 0.7896655133 1.0000000000
0.686275 0.2386005383 0.6269896194 0.7870818916 1.0000000000
0.690196 0.2342945021 0.6221914648 0.7844982699 1.0000000000
0.694118 0.2299884660 0.6173933103 0.7819146482 1.0000000000
0.698039 0.2256824298 0.6125951557 0.7793310265 1.0000000000
0.701961 0.2213763937 0.6077970012 0.7767474048 1.0000000000
0.705882 0.2170703576 0.6029988466 0.7741637832 1.0000000000
0.709804 0.2127643214 0.5982006920 0.7715801615 1.0000000000
0.713725 0.2084582853 0.5934025375 0.7689965398 1.0000000000
0.717647 0.2041522491 0.5886043829 0.7664129181 1.0000000000
0.721569 0.1998462130 0.5838062284 0.7638292964 1.0000000000
0.725490 0.1955401769 0.5790080738 0.7612456747 1.0000000000
0.729412 0.1912341407 0.5742099193 0.7586620531 1.0000000000
0.733333 0.1869281046 0.5694117647 0.7560784314 1.0000000000
0.737255 0.1826220684 0.5646136101 0.7534948097 1.0000000000
0.741176 0.1783160323 0.5598154556 0.7509111880 1.0000000000
0.745098 0.1740099962 0.5550173010 0.7483275663 1.0000000000
0.749020 0.1697039600 0.5502191465 0.7457439446 1.0000000000
0.752941 0.1653979239 0.5456978085 0.7434371396 1.0000000000
0.756863 0.1610918877 0.5412687428 0.7412226067 1.0000000000
0.760784 0.1567858516 0.5368396770 0.7390080738 1.0000000000
0.764706 0.1524798155 0.5324106113 0.7367935409 1.0000000000
0.768627 0.1481737793 0.5279815456 0.7345790081 1.0000000000
0.772549 0.1438677432 0.5235524798 0.7323644752 1.0000000000
0.776471 0.1395617070 0.5191234141 0.7301499423 1.0000000000
0.780392 0.1352556709 0.5146943483 0.7279354095 1.0000000000
0.784314 0.1309496348 0.5102652826 0.7257208766 1.0000000000
0.788235 0.1266435986 0.5058362168 0.7235063437 1.0000000000
0.792157 0.1223375625 0.5014071511 0.7212918108 1.0000000000
0.796078 0.1180315263 0.4969780854 0.7190772780 1.0000000000
0.800000 0.1137254902 0.4925490196 0.7168627451 1.0000000000
0.803922 0.1094194541 0.4881199539 0.7146482122 1.0000000000
0.807843 0.1051134179 0.4836908881 0.7124336794 1.0000000000
0.811765 0.1008073818 0.4792618224 0.7102191465 1.0000000000
0.815686 0.0965013456 0.4748327566 0.7080046136 1.0000000000
0.819608 0.0921953095 0.4704036909 0.7057900807 1.0000000000
0.823529 0.0878892734 0.4659746251 0.7035755479 1.0000000000
0.827451 0.0835832372 0.4615455594 0.7013610150 1.0000000000
0.831373 0.0792772011 0.4571164937 0.6991464821 1.0000000000
0.835294 0.0749711649 0.4526874279 0.6969319493 1.0000000000
0.839216 0.0706651288 0.4482583622 0.6947174164 1.0000000000
0.843137 0.0663590927 0.4438292964 0.6925028835 1.0000000000
0.847059 0.0620530565 0.4394002307 0.6902883506 1.0000000000
0.850980 0.0577470204 0.4349711649 0.6880738178 1.0000000000
0.854902 0.0534409842 0.4305420992 0.6858592849 1.0000000000
0.858824 0.0491349481 0.4261130334 0.6836447520 1.0000000000
0.862745 0.0448289120 0.4216839677 0.6814302191 1.0000000000
0.866667 0.0405228758 0.4172549020 0.6792156863 1.0000000000
0.870588 0.0362168397 0.4128258362 0.6770011534 1.0000000000
0.874510 0.0319108035 0.4083967705 0.6747866205 1.0000000000
0.878431 0.0313725490 0.4035371011 0.6698808151 1.0000000000
0.882353 0.0313725490 0.3986159170 0.6645905421 1.0000000000
0.886275 0.0313725490 0.3936947328 0.6593002691 1.0000000000
0.890196 0.0313725490 0.3887735486 0.6540099962 1.0000000000
0.894118 0.0313725490 0.3838523645 0.6487197232 1.0000000000
0.898039 0.0313725490 0.3789311803 0.6434294502 1.0000000000
0.901961 0.0313725490 0.3740099962 0.6381391772 1.0000000000
0.905882 0.0313725490 0.3690888120 0.6328489043 1.0000000000
0.909804 0.0313725490 0.3641676278 0.6275586313 1.0000000000
0.913725 0.0313725490 0.3592464437 0.6222683583 1.0000000000
0.917647 0.0313725490 0.3543252595 0.6169780854 1.0000000000
0.921569 0.0313725490 0.3494040754 0.6116878124 1.0000000000
0.925490 0.0313725490 0.3444828912 0.6063975394 1.0000000000
0.929412 0.0313725490 0.3395617070 0.6011072664 1.0000000000
0.933333 0.0313725490 0.3346405229 0.5958169935 1.0000000000
0.937255 0.0313725490 0.3297193387 0.5905267205 1.0000000000
0.941176 0.0313725490 0.3247981546 0.5852364475 1.0000000000
0.945098 0.0313725490 0.3198769704 0.5799461745 1.0000000000
0.949020 0.0313725490 0.3149557862 0.5746559016 1.0000000000
0.952941 0.0313725490 0.3100346021 0.5693656286 1.0000000000
0.956863 0.0313725490 0.3051134179 0.5640753556 1.0000000000
0.960784 0.0313725490 0.3001922338 0.5587850827 1.0000000000
0.964706 0.0313725490 0.2952710496 0.5534948097 1.0000000000
0.968627 0.0313725490 0.2903498654 0.5482045367 1.0000000000
0.972549 0.0313725490 0.2854286813 0.5429142637 1.0000000000
0.976471 0.0313725490 0.2805074971 0.5376239908 1.0000000000
0.980392 0.0313725490 0.2755863130 0.5323337178 1.0000000000
0.984314 0.0313725490 0.2706651288 0.5270434448 1.0000000000
0.988235 0.0313725490 0.2657439446 0.5217531719 1.0000000000
0.992157 0.0313725490 0.2608227605 0.5164628989 1.0000000000
0.996078 0.0313725490 0.2559015763 0.5111726259 1.0000000000
1.000000 0.0313725490 0.2509803922 0.5058823529 1.0000000000
