0.000000 0.0000000000 0.0000000000 0.0000000000 1.0000000000
0.003922 0.0000000000 0.0000000000 0.0156862745 1.0000000000
0.007843 0.0000000000 0.0000000000 0.0313725490 1.0000000000
0.011765 0.0000000000 0.0000000000 0.0470588235 1.0000000000
0.015686 0.0000000000 0.0000000000 0.0627450980 1.0000000000
0.019608 0.0000000000 0.0000000000 0.0784313725 1.0000000000
0.023529 0.0000000000 0.0000000000 0.0941176471 1.0000000000
0.027451 0.0000000000 0.0000000000 0.1098039216 1.0000000000
0.031373 0.0000000000 0.0000000000 0.1254901961 1.0000000000
0.035294 0.0000000000 0.0000000000 0.1411764706 1.0000000000
0.039216 0.0000000000 0.0000000000 0.1568627451 1.0000000000
0.043137 0.0000000000 0.0000000000 0.1725490196 1.0000000000
0.047059 0.0000000000 0.0000000000 0.1882352941 1.0000000000
0.050980 0.0000000000 0.0000000000 0.2039215686 1.0000000000
0.054902 0.0000000000 0.0000000000 0.2196078431 1.0000000000
0.058824 0.0000000000 0.0000000000 0.2352941176 1.0000000000
0.062745 0.0000000000 0.0000000000 0.2509803922 1.0000000000
0.066667 0.0000000000 0.0000000000 0.2666666667 1.0000000000
0.070588 0.0000000000 0.0000000000 0.2823529412 1.0000000000
0.074510 0.0000000000 0.0000000000 0.2980392157 1.0000000000
0.078431 0.0000000000 0.0000000000 0.3137254902 1.0000000000
0.082353 0.0000000000 0.0000000000 0.3294117647 1.0000000000
0.086275 0.0000000000 0.0000000000 0.3450980392 1.0000000000
0.090196 0.0000000000 0.0000000000 0.3607843137 1.0000000000
0.094118 0.0000000000 0.0000000000 0.3764705882 1.0000000000
0.098039 0.0000000000 0.0000000000 0.3921568627 1.0000000000
0.101961 0.0000000000 0.0000000000 0.4078431373 1.0000000000
0.105882 0.0000000000 0.0000000000 0.4235294118 1.0000000000
0.109804 0.0000000000 0.0000000000 0.4392156863 1.0000000000
0.113725 0.0000000000 0.0000000000 0.4549019608 1.0000000000
0.117647 0.0000000000 0.0000000000 0.4705882353 1.0000000000
0.121569 0.0000000000 0.0000000000 0.4862745098 1.0000000000
0.125490 0.0000000000 0.0000000000 0.5019607843 1.0000000000
0.129412 0.0000000000 0.0000000000 0.5176470588 1.0000000000
0.133333 0.0000000000 0.0000000000 0.5333333333 1.0000000000
0.137255 0.0000000000 0.0000000000 0.5490196078 1.0000000000
0.141176 0.0000000000 0.0000000000 0.5647058824 1.0000000000
0.145098 0.0000000000 0.0000000000 0.5803921569 1.0000000000
0.149020 0.0000000000 0.0000000000 0.5960784314 1.0000000000
0.152941 0.0000000000 0.0000000000 0.6117647059 1.0000000000
0.156863 0.0000000000 0.0000000000 0.6274509804 1.0000000000
0.160784 0.0000000000 0.0000000000 0.6431372549 1.0000000000
0.164706 0.0000000000 0.0000000000 0.6588235294 1.0000000000
0.168627 0.0000000000 0.0000000000 0.6745098039 1.0000000000
0.172549 0.0000000000 0.0000000000 0.6901960784 1.0000000000
0.176471 0.0000000000 0.0000000000 0.7058823529 1.0000000000
0.180392 0.0000000000 0.0000000000 0.7215686275 1.0000000000
0.184314 0.0000000000 0.0000000000 0.7372549020 1.0000000000
0.188235 0.0000000000 0.0000000000 0.7529411765 1.0000000000
0.192157 0.0000000000 0.0000000000 0.7686274510 1.0000000000
0.196078 0.0000000000 0.0000000000 0.7843137255 1.0000000000
0.200000 0.0000000000 0.0000000000 0.8000000000 1.0000000000
0.203922 0.0000000000 0.0000000000 0.8156862745 1.0000000000
0.207843 0.0000000000 0.0000000000 0.8313725490 1.0000000000
0.211765 0.0000000000 0.0000000000 0.8470588235 1.0000000000
0.215686 0.0000000000 0.0000000000 0.8627450980 1.0000000000
0.219608 0.0000000000 0.0000000000 0.8784313725 1.0000000000
0.223529 0.0000000000 0.0000000000 0.8941176471 1.0000000000
0.227451 0.0000000000 0.0000000000 0.9098039216 1.0000000000
0.231373 0.0000000000 0.0000000000 0.9254901961 1.0000000000
0.235294 0.0000000000 0.0000000000 0.9411764706 1.0000000000
0.239216 0.0000000000 0.0000000000 0.9568627451 1.0000000000
0.243137 0.0000000000 0.0000000000 0.9725490196 1.0000000000
0.247059 0.0000000000 0.0000000000 0.9882352941 1.0000000000
0.250980 0.0030637255 0.0000000000 1.0000000000 1.0000000000
0.254902 0.0153186275 0.0000000000 1.0000000000 1.0000000000
0.258824 0.0275735294 0.0000000000 1.0000000000 1.0000000000
0.262745 0.0398284314 0.0000000000 1.0000000000 1.0000000000
0.266667 0.0520833333 0.0000000000 1.0000000000 1.0000000000
0.270588 0.0643382353 0.0000000000 1.0000000000 1.0000000000
0.274510 0.0765931373 0.0000000000 1.0000000000 1.0000000000
0.278431 0.0888480392 0.0000000000 1.0000000000 1.0000000000
0.282353 0.1011029412 0.0000000000 1.0000000000 1.0000000000
0.286275 0.1133578431 0.0000000000 1.0000000000 1.0000000000
0.290196 0.1256127451 0.0000000000 1.0000000000 1.0000000000
0.294118 0.1378676471 0.0000000000 1.0000000000 1.0000000000
0.298039 0.1501225490 0.0000000000 1.0000000000 1.0000000000
0.301961 0.1623774510 0.0000000000 1.0000000000 1.0000000000
0.305882 0.1746323529 0.0000000000 1.0000000000 1.0000000000
0.309804 0.1868872549 0.0000000000 1.0000000000 1.0000000000
0.313725 0.1991421569 0.0000000000 1.0000000000 1.0000000000
0.317647 0.2113970588 0.0000000000 1.0000000000 1.0000000000
0.321569 0.2236519608 0.0000000000 1.0000000000 1.0000000000
0.325490 0.2359068627 0.0000000000 1.0000000000 1.0000000000
0.329412 0.2481617647 0.0000000000 1.0000000000 1.0000000000
0.333333 0.2604166667 0.0000000000 1.0000000000 1.0000000000
0.337255 0.2726715686 0.0000000000 1.0000000000 1.0000000000
0.341176 0.2849264706 0.0000000000 1.0000000000 1.0000000000
0.345098 0.2971813725 0.0000000000 1.0000000000 1.0000000000
0.349020 0.3094362745 0.0000000000 1.0000000000 1.0000000000
0.352941 0.3216911765 0.0000000000 1.0000000000 1.0000000000
0.356863 0.3339460784 0.0000000000 1.0000000000 1.0000000000
0.360784 0.3462009804 0.0000000000 1.0000000000 1.0000000000
0.364706 0.3584558824 0.0000000000 1.0000000000 1.0000000000
0.368627 0.3707107843 0.0000000000 1.0000000000 1.0000000000
0.372549 0.3829656863 0.0000000000 1.0000000000 1.0000000000
0.376471 0.3952205882 0.0000000000 1.0000000000 1.0000000000
0.380392 0.4074754902 0.0000000000 1.0000000000 1.0000000000
0.384314 0.4197303922 0.0000000000 1.0000000000 1.0000000000
0.388235 0.4319852941 0.0000000000 1.0000000000 1.0000000000
0.392157 0.4442401961 0.0000000000 1.0000000000 1.0000000000
0.396078 0.4564950980 0.0000000000 1.0000000000 1.0000000000
0.400000 0.4687500000 0.0000000000 1.0000000000 1.0000000000
0.403922 0.4810049020 0.0000000000 1.0000000000 1.0000000000
0.407843 0.4932598039 0.0000000000 1.0000000000 1.0000000000
0.411765 0.5055147059 0.0000000000 1.0000000000 1.0000000000
0.415686 0.5177696078 0.0000000000 1.0000000000 1.0000000000
0.419608 0.5300245098 0.0000000000 1.0000000000 1.0000000000
0.423529 0.5422794118 0.0070588235 0.9929411765 1.0000000000
0.427451 0.5545343137 0.0149019608 0.9850980392 1.0000000000
0.431373 0.5667892157 0.0227450980 0.9772549020 1.0000000000
0.435294 0.5790441176 0.0305882353 0.9694117647 1.0000000000
0.439216 0.5912990196 0.0384313725 0.9615686275 1.0000000000
0.443137 0.6035539216 0.0462745098 0.9537254902 1.0000000000
0.447059 0.6158088235 0.0541176471 0.9458823529 1.0000000000
0.450980 0.6280637255 0.0619607843 0.9380392157 1.0000000000
0.454902 0.6403186275 0.0698039216 0.9301960784 1.0000000000
0.458824 0.6525735294 0.0776470588 0.9223529412 1.0000000000
0.462745 0.6648284314 0.0854901961 0.9145098039 1.0000000000
0.466667 0.6770833333 0.0933333333 0.9066666667 1.0000000000
0.470588 0.6893382353 0.1011764706 0.8988235294 1.0000000000
0.474510 0.7015931373 0.1090196078 0.8909803922 1.0000000000
0.478431 0.7138480392 0.1168627451 0.8831372549 1.0000000000
0.482353 0.7261029412 0.1247058824 0.8752941176 1.0000000000
0.486275 0.7383578431 0.1325490196 0.8674509804 1.0000000000
0.490196 0.7506127451 0.1403921569 0.8596078431 1.0000000000
0.494118 0.7628676471 0.1482352941 0.8517647059 1.0000000000
0.498039 0.7751225490 0.1560784314 0.8439215686 1.0000000000
0.501961 0.7873774510 0.1639215686 0.8360784314 1.0000000000
0.505882 0.7996323529 0.1717647059 0.8282352941 1.0000000000
0.509804 0.8118872549 0.1796078431 0.8203921569 1.0000000000
0.513725 0.8241421569 0.1874509804 0.8125490196 1.0000000000
0.517647 0.8363970588 0.1952941176 0.8047058824 1.0000000000
0.521569 0.8486519608 0.2031372549 0.7968627451 1.0000000000
0.525490 0.8609068627 0.2109803922 0.7890196078 1.0000000000
0.529412 0.8731617647 0.2188235294 0.7811764706 1.0000000000
0.533333 0.8854166667 0.2266666667 0.7733333333 1.0000000000
0.537255 0.8976715686 0.2345098039 0.7654901961 1.0000000000
0.541176 0.9099264706 0.2423529412 0.7576470588 1.0000000000
0.545098 0.9221813725 0.2501960784 0.7498039216 1.0000000000
0.549020 0.9344362745 0.2580392157 0.7419607843 1.0000000000
0.552941 0.9466911765 0.2658823529 0.7341176471 1.0000000000
0.556863 0.9589460784 0.2737254902 0.7262745098 1.0000000000
0.560784 0.9712009804 0.2815686275 0.7184313725 1.0000000000
0.564706 0.9834558824 0.2894117647 0.7105882353 1.0000000000
0.568627 0.9957107843 0.2972549020 0.7027450980 1.0000000000
0.572549 1.0000000000 0.3050980392 0.6949019608 1.0000000000
0.576471 1.0000000000 0.3129411765 0.6870588235 1.0000000000
0.580392 1.0000000000 0.3207843137 0.6792156863 1.0000000000
0.584314 1.0000000000 0.3286274510 0.6713725490 1.0000000000
0.588235 1.0000000000 0.3364705882 0.6635294118 1.0000000000
0.592157 1.0000000000 0.3443137255 0.6556862745 1.0000000000
0.596078 1.0000000000 0.3521568627 0.6478431373 1.0000000000
0.600000 1.0000000000 0.3600000000 0.6400000000 1.0000000000
0.603922 1.0000000000 0.3678431373 0.6321568627 1.0000000000
0.607843 1.0000000000 0.3756862745 0.6243137255 1.0000000000
0.611765 1.0000000000 0.3835294118 0.6164705882 1.0000000000
0.615686 1.0000000000 0.3913725490 0.6086274510 1.0000000000
0.619608 1.0000000000 0.3992156863 0.6007843137 1.0000000000
0.623529 1.0000000000 0.4070588235 0.5929411765 1.0000000000
0.627451 1.0000000000 0.4149019608 0.5850980392 1.0000000000
0.631373 1.0000000000 0.4227450980 0.5772549020 1.0000000000
0.635294 1.0000000000 0.4305882353 0.5694117647 1.0000000000
0.639216 1.0000000000 0.4384313725 0.5615686275 1.0000000000
0.643137 1.0000000000 0.4462745098 0.5537254902 1.0000000000
0.647059 1.0000000000 0.4541176471 0.5458823529 1.0000000000
0.650980 1.0000000000 0.4619607843 0.5380392157 1.0000000000
0.654902 1.0000000000 0.4698039216 0.5301960784 1.0000000000
0.658824 1.0000000000 0.4776470588 0.5223529412 1.0000000000
0.662745 1.0000000000 0.4854901961 0.5145098039 1.0000000000
0.666667 1.0000000000 0.4933333333 0.5066666667 1.0000000000
0.670588 1.0000000000 0.5011764706 0.4988235294 1.0000000000
0.674510 1.0000000000 0.5090196078 0.4909803922 1.0000000000
0.678431 1.0000000000 0.5168627451 0.4831372549 1.0000000000
0.682353 1.0000000000 0.5247058824 0.4752941176 1.0000000000
0.686275 1.0000000000 0.5325490196 0.4674509804 1.0000000000
0.690196 1.0000000000 0.5403921569 0.4596078431 1.0000000000
0.694118 1.0000000000 0.5482352941 0.4517647059 1.0000000000
0.698039 1.0000000000 0.5560784314 0.4439215686 1.0000000000
0.701961 1.0000000000 0.5639215686 0.4360784314 1.0000000000
0.705882 1.0000000000 0.5717647059 0.4282352941 1.0000000000
0.709804 1.0000000000 0.5796078431 0.4203921569 1.0000000000
0.713725 1.0000000000 0.5874509804 0.4125490196 1.0000000000
0.717647 1.0000000000 0.5952941176 0.4047058824 1.0000000000
0.721569 1.0000000000 0.6031372549 0.3968627451 1.0000000000
0.725490 1.0000000000 0.6109803922 0.3890196078 1.0000000000
0.729412 1.0000000000 0.6188235294 0.3811764706 1.0000000000
0.733333 1.0000000000 0.6266666667 0.3733333333 1.0000000000
0.737255 1.0000000000 0.6345098039 0.3654901961 1.0000000000
0.741176 1.0000000000 0.6423529412 0.3576470588 1.0000000000
0.745098 1.0000000000 0.6501960784 0.3498039216 1.0000000000
0.749020 1.0000000000 0.6580392157 0.3419607843 1.0000000000
0.752941 1.0000000000 0.6658823529 0.3341176471 1.0000000000
0.756863 1.0000000000 0.6737254902 0.3262745098 1.0000000000
0.760784 1.0000000000 0.6815686275 0.3184313725 1.0000000000
0.764706 1.0000000000 0.6894117647 0.3105882353 1.0000000000
0.768627 1.0000000000 0.6972549020 0.3027450980 1.0000000000
0.772549 1.0000000000 0.7050980392 0.2949019608 1.0000000000
0.776471 1.0000000000 0.7129411765 0.2870588235 1.0000000000
0.780392 1.0000000000 0.7207843137 0.2792156863 1.0000000000
0.784314 1.0000000000 0.7286274510 0.2713725490 1.0000000000
0.788235 1.0000000000 0.7364705882 0.2635294118 1.0000000000
0.792157 1.0000000000 0.7443137255 0.2556862745 1.0000000000
0.796078 1.0000000000 0.7521568627 0.2478431373 1.0000000000
0.800000 1.0000000000 0.7600000000 0.2400000000 1.0000000000
0.803922 1.0000000000 0.7678431373 0.2321568627 1.0000000000
0.807843 1.0000000000 0.7756862745 0.2243137255 1.0000000000
0.811765 1.0000000000 0.7835294118 0.2164705882 1.0000000000
0.815686 1.0000000000 0.7913725490 0.2086274510 1.0000000000
0.819608 1.0000000000 0.7992156863 0.2007843137 1.0000000000
0.823529 1.0000000000 0.8070588235 0.1929411765 1.0000000000
0.827451 1.0000000000 0.8149019608 0.1850980392 1.0000000000
0.831373 1.0000000000 0.8227450980 0.1772549020 1.0000000000
0.835294 1.0000000000 0.8305882353 0.1694117647 1.0000000000
0.839216 1.0000000000 0.8384313725 0.1615686275 1.0000000000
0.843137 1.0000000000 0.8462745098 0.1537254902 1.0000000000
0.847059 1.0000000000 0.8541176471 0.1458823529 1.0000000000
0.850980 1.0000000000 0.8619607843 0.1380392157 1.0000000000
0.854902 1.0000000000 0.8698039216 0.1301960784 1.0000000000
0.858824 1.0000000000 0.8776470588 0.1223529412 1.0000000000
0.862745 1.0000000000 0.8854901961 0.1145098039 1.0000000000
0.866667 1.0000000000 0.8933333333 0.1066666667 1.0000000000
0.870588 1.0000000000 0.9011764706 0.0988235294 1.0000000000
0.874510 1.0000000000 0.9090196078 0.0909803922 1.0000000000
0.878431 1.0000000000 0.9168627451 0.0831372549 1.0000000000
0.882353 1.0000000000 0.9247058824 0.0752941176 1.0000000000
0.886275 1.0000000000 0.9325490196 0.0674509804 1.0000000000
0.890196 1.0000000000 0.9403921569 0.0596078431 1.0000000000
0.894118 1.0000000000 0.9482352941 0.0517647059 1.0000000000
0.898039 1.0000000000 0.9560784314 0.0439215686 1.0000000000
0.901961 1.0000000000 0.9639215686 0.0360784314 1.0000000000
0.905882 1.0000000000 0.9717647059 0.0282352941 1.0000000000
0.909804 1.0000000000 0.9796078431 0.0203921569 1.0000000000
0.913725 1.0000000000 0.9874509804 0.0125490196 1.0000000000
0.917647 1.0000000000 0.9952941176 0.0047058824 1.0000000000
0.921569 1.0000000000 1.0000000000 0.0196078431 1.0000000000
0.925490 1.0000000000 1.0000000000 0.0686274510 1.0000000000
0.929412 1.0000000000 1.0000000000 0.1176470588 1.0000000000
0.933333 1.0000000000 1.0000000000 0.1666666667 1.0000000000
0.937255 1.0000000000 1.0000000000 0.2156862745 1.0000000000
0.941176 1.0000000000 1.0000000000 0.2647058824 1.0000000000
0.945098 1.0000000000 1.0000000000 0.3137254902 1.0000000000
0.949020 1.0000000000 1.0000000000 0.3627450980 1.0000000000
0.952941 1.0000000000 1.0000000000 0.4117647059 1.0000000000
0.956863 1.0000000000 1.0000000000 0.4607843137 1.0000000000
0.960784 1.0000000000 1.0000000000 0.5098039216 1.0000000000
0.964706 1.0000000000 1.0000000000 0.5588235294 1.0000000000
0.968627 1.0000000000 1.0000000000 0.6078431373 1.0000000000
0.972549 1.0000000000 1.0000000000 0.6568627451 1.0000000000
0.976471 1.0000000000 1.0000000000 0.7058823529 1.0000000000
0.980392 1.0000000000 1.0000000000 0.7549019608 1.0000000000
0.984314 1.0000000000 1.0000000000 0.8039215686 1.0000000000
0.988235 1.0000000000 1.0000000000 0.8529411765 1.0000000000
0.992157 1.0000000000 1.0000000000 0.9019607843 1.0000000000
0.996078 1.0000000000 1.0000000000 0.9509803922 1.0000000000
1.000000 1.0000000000 1.0000000000 1.0000000000 1.0000000000
