0.000000 0.0000000000 0.0000000000 0.0000000000 1.0000000000
0.003922 0.0626224291 0.0000000603 0.0246374492 1.0000000000
0.007843 0.0885614886 0.0000004825 0.0492599411 1.0000000000
0.011765 0.1084652289 0.0000016283 0.0738525275 1.0000000000
0.015686 0.1252448582 0.0000038598 0.0984002783 1.0000000000
0.019608 0.1400280084 0.0000075386 0.1228882907 1.0000000000
0.023529 0.1533929978 0.0000130267 0.1473016981 1.0000000000
0.027451 0.1656833739 0.0000206859 0.1716256792 1.0000000000
0.031373 0.1771229771 0.0000308780 0.1958454670 1.0000000000
0.035294 0.1878672873 0.0000439650 0.2199463578 1.0000000000
0.039216 0.1980295086 0.0000603086 0.2439137201 1.0000000000
0.043137 0.2076951008 0.0000802708 0.2677330033 1.0000000000
0.047059 0.2169304578 0.0001042133 0.2913897469 1.0000000000
0.050980 0.2257883791 0.0001324981 0.3148695889 1.0000000000
0.054902 0.2343116745 0.0001654869 0.3381582748 1.0000000000
0.058824 0.2425356250 0.0002035416 0.3612416662 1.0000000000
0.062745 0.2504897164 0.0002470241 0.3841057492 1.0000000000
0.066667 0.2581988897 0.0002962963 0.4067366431 1.0000000000
0.070588 0.2656844657 0.0003517199 0.4291206088 1.0000000000
0.074510 0.2729648401 0.0004136569 0.4512440570 1.0000000000
0.078431 0.2800560168 0.0004824690 0.4730935568 1.0000000000
0.082353 0.2869720216 0.0005585182 0.4946558434 1.0000000000
0.086275 0.2937252284 0.0006421663 0.5159178264 1.0000000000
0.090196 0.3003266196 0.0007337751 0.5368665976 1.0000000000
0.094118 0.3067859955 0.0008337065 0.5574894393 1.0000000000
0.098039 0.3131121455 0.0009423223 0.5777738314 1.0000000000
0.101961 0.3193129880 0.0010599845 0.5977074593 1.0000000000
0.105882 0.3253956867 0.0011870548 0.6172782213 1.0000000000
0.109804 0.3313667478 0.0013238950 0.6364742361 1.0000000000
0.113725 0.3372321014 0.0014708672 0.6552838500 1.0000000000
0.117647 0.3429971703 0.0016283330 0.6736956436 1.0000000000
0.121569 0.3486669291 0.0017966544 0.6916984393 1.0000000000
0.125490 0.3542459542 0.0019761932 0.7092813076 1.0000000000
0.129412 0.3597384671 0.0021673112 0.7264335740 1.0000000000
0.133333 0.3651483717 0.0023703704 0.7431448255 1.0000000000
0.137255 0.3704792868 0.0025857325 0.7594049167 1.0000000000
0.141176 0.3757345747 0.0028137594 0.7752039761 1.0000000000
0.145098 0.3809173653 0.0030548130 0.7905324123 1.0000000000
0.149020 0.3860305789 0.0033092551 0.8053809194 1.0000000000
0.152941 0.3910769444 0.0035774476 0.8197404829 1.0000000000
0.156863 0.3960590172 0.0038597523 0.8336023852 1.0000000000
0.160784 0.4009791936 0.0041565310 0.8469582108 1.0000000000
0.164706 0.4058397250 0.0044681457 0.8597998514 1.0000000000
0.168627 0.4106427291 0.0047949582 0.8721195110 1.0000000000
0.172549 0.4153902016 0.0051373303 0.8839097102 1.0000000000
0.176471 0.4200840252 0.0054956239 0.8951632914 1.0000000000
0.180392 0.4247259786 0.0058702008 0.9058734224 1.0000000000
0.184314 0.4293177442 0.0062614228 0.9160336013 1.0000000000
0.188235 0.4338609156 0.0066696519 0.9256376598 1.0000000000
0.192157 0.4383570038 0.0070952499 0.9346797673 1.0000000000
0.196078 0.4428074428 0.0075385787 0.9431544345 1.0000000000
0.200000 0.4472135955 0.0080000000 0.9510565163 1.0000000000
0.203922 0.4515767583 0.0084798758 0.9583812155 1.0000000000
0.207843 0.4558981654 0.0089785678 0.9651240852 1.0000000000
0.211765 0.4601789933 0.0094964380 0.9712810319 1.0000000000
0.215686 0.4644203640 0.0100338482 0.9768483178 1.0000000000
0.219608 0.4686233489 0.0105911603 0.9818225629 1.0000000000
0.223529 0.4727889717 0.0111687360 0.9862007474 1.0000000000
0.227451 0.4769182114 0.0117669373 0.9899802133 1.0000000000
0.231373 0.4810120051 0.0123861260 0.9931586661 1.0000000000
0.235294 0.4850712501 0.0130266640 0.9957341763 1.0000000000
0.239216 0.4890968066 0.0136889130 0.9977051802 1.0000000000
0.243137 0.4930894999 0.0143732350 0.9990704812 1.0000000000
0.247059 0.4970501217 0.0150799919 0.9998292505 1.0000000000
0.250980 0.5009794329 0.0158095453 0.9999810273 1.0000000000
0.254902 0.5048781643 0.0165622574 0.9995257197 1.0000000000
0.258824 0.5087470191 0.0173384897 0.9984636040 1.0000000000
0.262745 0.5125866737 0.0181386043 0.9967953249 1.0000000000
0.266667 0.5163977795 0.0189629630 0.9945218954 1.0000000000
0.270588 0.5201809640 0.0198119275 0.9916446955 1.0000000000
0.274510 0.5239368320 0.0206858599 0.9881654721 1.0000000000
0.278431 0.5276659668 0.0215851219 0.9840863373 1.0000000000
0.282353 0.5313689313 0.0225100753 0.9794097676 1.0000000000
0.286275 0.5350462688 0.0234610821 0.9741386021 1.0000000000
0.290196 0.5386985042 0.0244385040 0.9682760409 1.0000000000
0.294118 0.5423261445 0.0254427030 0.9618256432 1.0000000000
0.298039 0.5459296802 0.0264740409 0.9547913249 1.0000000000
0.301961 0.5495095853 0.0275328795 0.9471773566 1.0000000000
0.305882 0.5530663188 0.0286195807 0.9389883606 1.0000000000
0.309804 0.5566003248 0.0297345063 0.9302293085 1.0000000000
0.313725 0.5601120336 0.0308780183 0.9209055179 1.0000000000
0.317647 0.5636018620 0.0320504783 0.9110226492 1.0000000000
0.321569 0.5670702139 0.0332522484 0.9005867023 1.0000000000
0.325490 0.5705174810 0.0344836903 0.8896040127 1.0000000000
0.329412 0.5739440432 0.0357451659 0.8780812481 1.0000000000
0.333333 0.5773502692 0.0370370370 0.8660254038 1.0000000000
0.337255 0.5807365168 0.0383596656 0.8534437989 1.0000000000
0.341176 0.5841031335 0.0397134134 0.8403440716 1.0000000000
0.345098 0.5874504568 0.0410986423 0.8267341748 1.0000000000
0.349020 0.5907788147 0.0425157142 0.8126223710 1.0000000000
0.352941 0.5940885258 0.0439649908 0.7980172273 1.0000000000
0.356863 0.5973799001 0.0454468342 0.7829276105 1.0000000000
0.360784 0.6006532392 0.0469616060 0.7673626814 1.0000000000
0.364706 0.6039088361 0.0485096682 0.7513318896 1.0000000000
0.368627 0.6071469764 0.0500913827 0.7348449670 1.0000000000
0.372549 0.6103679379 0.0517071111 0.7179119231 1.0000000000
0.376471 0.6135719911 0.0533572156 0.7005430376 1.0000000000
0.380392 0.6167593995 0.0550420577 0.6827488552 1.0000000000
0.384314 0.6199304199 0.0567619995 0.6645401787 1.0000000000
0.388235 0.6230853024 0.0585174028 0.6459280625 1.0000000000
0.392157 0.6262242911 0.0603086294 0.6269238059 1.0000000000
0.396078 0.6293476236 0.0621360412 0.6075389463 1.0000000000
0.400000 0.6324555320 0.0640000000 0.5877852523 1.0000000000
0.403922 0.6355482426 0.0659008677 0.5676747161 1.0000000000
0.407843 0.6386259760 0.0678390061 0.5472195469 1.0000000000
0.411765 0.6416889479 0.0698147771 0.5264321629 1.0000000000
0.415686 0.6447373686 0.0718285426 0.5053251839 1.0000000000
0.419608 0.6477714436 0.0738806643 0.4839114241 1.0000000000
0.423529 0.6507913735 0.0759715042 0.4622038835 1.0000000000
0.427451 0.6537973542 0.0781014240 0.4402157408 1.0000000000
0.431373 0.6567895774 0.0802707857 0.4179603449 1.0000000000
0.435294 0.6597682302 0.0824799512 0.3954512069 1.0000000000
0.439216 0.6627334957 0.0847292821 0.3727019920 1.0000000000
0.443137 0.6656855526 0.0870191405 0.3497265112 1.0000000000
0.447059 0.6686245759 0.0893498881 0.3265387128 1.0000000000
0.450980 0.6715507368 0.0917218868 0.3031526741 1.0000000000
0.454902 0.6744642027 0.0941354984 0.2795825926 1.0000000000
0.458824 0.6773651374 0.0965910849 0.2558427776 1.0000000000
0.462745 0.6802537012 0.0990890080 0.2319476415 1.0000000000
0.466667 0.6831300511 0.1016296296 0.2079116908 1.0000000000
0.470588 0.6859943406 0.1042133116 0.1837495178 1.0000000000
0.474510 0.6888467202 0.1068404158 0.1594757912 1.0000000000
0.478431 0.6916873373 0.1095113041 0.1351052475 1.0000000000
0.482353 0.6945163361 0.1122263383 0.1106526819 1.0000000000
0.486275 0.6973338582 0.1149858802 0.0861329395 1.0000000000
0.490196 0.7001400420 0.1177902918 0.0615609061 1.0000000000
0.494118 0.7029350234 0.1206399349 0.0369514994 1.0000000000
0.498039 0.7057189353 0.1235351712 0.0123196595 1.0000000000
0.501961 0.7084919084 0.1264763628 0.0000000000 1.0000000000
0.505882 0.7112540706 0.1294638714 0.0000000000 1.0000000000
0.509804 0.7140055473 0.1324980588 0.0000000000 1.0000000000
0.513725 0.7167464616 0.1355792870 0.0000000000 1.0000000000
0.517647 0.7194769342 0.1387079178 0.0000000000 1.0000000000
0.521569 0.7221970835 0.1418843130 0.0000000000 1.0000000000
0.525490 0.7249070258 0.1451088345 0.0000000000 1.0000000000
0.529412 0.7276068751 0.1483818441 0.0000000000 1.0000000000
0.533333 0.7302967433 0.1517037037 0.0000000000 1.0000000000
0.537255 0.7329767404 0.1550747752 0.0000000000 1.0000000000
0.541176 0.7356469742 0.1584954203 0.0000000000 1.0000000000
0.545098 0.7383075506 0.1619660010 0.0000000000 1.0000000000
0.549020 0.7409585736 0.1654868791 0.0000000000 1.0000000000
0.552941 0.7436001456 0.1690584164 0.0000000000 1.0000000000
0.556863 0.7462323667 0.1726809749 0.0000000000 1.0000000000
0.560784 0.7488553356 0.1763549163 0.0000000000 1.0000000000
0.564706 0.7514691493 0.1800806025 0.0000000000 1.0000000000
0.568627 0.7540739029 0.1838583953 0.0000000000 1.0000000000
0.572549 0.7566696899 0.1876886567 0.0000000000 1.0000000000
0.576471 0.7592566024 0.1915717484 0.0000000000 1.0000000000
0.580392 0.7618347307 0.1955080324 0.0000000000 1.0000000000
0.584314 0.7644041637 0.1994978704 0.0000000000 1.0000000000
0.588235 0.7669649888 0.2035416243 0.0000000000 1.0000000000
0.592157 0.7695172920 0.2076396559 0.0000000000 1.0000000000
0.596078 0.7720611578 0.2117923272 0.0000000000 1.0000000000
0.600000 0.7745966692 0.2160000000 0.0000000000 1.0000000000
0.603922 0.7771239082 0.2202630361 0.0000000000 1.0000000000
0.607843 0.7796429550 0.2245817973 0.0000000000 1.0000000000
0.611765 0.7821538889 0.2289566456 0.0000000000 1.0000000000
0.615686 0.7846567877 0.2333879428 0.0000000000 1.0000000000
0.619608 0.7871517282 0.2378760507 0.0000000000 1.0000000000
0.623529 0.7896387856 0.2424213312 0.0000000000 1.0000000000
0.627451 0.7921180344 0.2470241461 0.0000000000 1.0000000000
0.631373 0.7945895475 0.2516848573 0.0000000000 1.0000000000
0.635294 0.7970533970 0.2564038266 0.0000000000 1.0000000000
0.639216 0.7995096536 0.2611814159 0.0000000000 1.0000000000
0.643137 0.8019583873 0.2660179870 0.0000000000 1.0000000000
0.647059 0.8043996665 0.2709139019 0.0000000000 1.0000000000
0.650980 0.8068335591 0.2758695223 0.0000000000 1.0000000000
0.654902 0.8092601317 0.2808852101 0.0000000000 1.0000000000
0.658824 0.8116794499 0.2859613271 0.0000000000 1.0000000000
0.662745 0.8140915784 0.2910982352 0.0000000000 1.0000000000
0.666667 0.8164965809 0.2962962963 0.0000000000 1.0000000000
0.670588 0.8188945202 0.3015558722 0.0000000000 1.0000000000
0.674510 0.8212854582 0.3068773247 0.0000000000 1.0000000000
0.678431 0.8236694559 0.3122610157 0.0000000000 1.0000000000
0.682353 0.8260465732 0.3177073071 0.0000000000 1.0000000000
0.686275 0.8284168696 0.3232165607 0.0000000000 1.0000000000
0.690196 0.8307804033 0.3287891384 0.0000000000 1.0000000000
0.694118 0.8331372318 0.3344254020 0.0000000000 1.0000000000
0.698039 0.8354874120 0.3401257133 0.0000000000 1.0000000000
0.701961 0.8378309999 0.3458904343 0.0000000000 1.0000000000
0.705882 0.8401680504 0.3517199267 0.0000000000 1.0000000000
0.709804 0.8424986181 0.3576145525 0.0000000000 1.0000000000
0.713725 0.8448227567 0.3635746734 0.0000000000 1.0000000000
0.717647 0.8471405189 0.3696006513 0.0000000000 1.0000000000
0.721569 0.8494519571 0.3756928482 0.0000000000 1.0000000000
0.725490 0.8517571227 0.3818516257 0.0000000000 1.0000000000
0.729412 0.8540560665 0.3880773458 0.0000000000 1.0000000000
0.733333 0.8563488386 0.3943703704 0.0000000000 1.0000000000
0.737255 0.8586354884 0.4007310612 0.0000000000 1.0000000000
0.741176 0.8609160648 0.4071597802 0.0000000000 1.0000000000
0.745098 0.8631906158 0.4136568891 0.0000000000 1.0000000000
0.749020 0.8654591890 0.4202227499 0.0000000000 1.0000000000
0.752941 0.8677218313 0.4268577244 0.0000000000 1.0000000000
0.756863 0.8699785889 0.4335621744 0.0000000000 1.0000000000
0.760784 0.8722295075 0.4403364618 0.0000000000 1.0000000000
0.764706 0.8744746322 0.4471809485 0.0000000000 1.0000000000
0.768627 0.8767140075 0.4540959963 0.0000000000 1.0000000000
0.772549 0.8789476774 0.4610819670 0.0000000000 1.0000000000
0.776471 0.8811756852 0.4681392225 0.0000000000 1.0000000000
0.780392 0.8833980738 0.4752681246 0.0000000000 1.0000000000
0.784314 0.8856148855 0.4824690353 0.0000000000 1.0000000000
0.788235 0.8878261621 0.4897423163 0.0000000000 1.0000000000
0.792157 0.8900319448 0.4970883295 0.0000000000 1.0000000000
0.796078 0.8922322743 0.5045074368 0.0000000000 1.0000000000
0.800000 0.8944271910 0.5120000000 0.0000000000 1.0000000000
0.803922 0.8966167345 0.5195663810 0.0000000000 1.0000000000
0.807843 0.8988009442 0.5272069415 0.0000000000 1.0000000000
0.811765 0.9009798588 0.5349220436 0.0000000000 1.0000000000
0.815686 0.9031535166 0.5427120489 0.0000000000 1.0000000000
0.819608 0.9053219555 0.5505773194 0.0000000000 1.0000000000
0.823529 0.9074852130 0.5585182170 0.0000000000 1.0000000000
0.827451 0.9096433259 0.5665351034 0.0000000000 1.0000000000
0.831373 0.9117963309 0.5746283405 0.0000000000 1.0000000000
0.835294 0.9139442640 0.5827982903 0.0000000000 1.0000000000
0.839216 0.9160871609 0.5910453144 0.0000000000 1.0000000000
0.843137 0.9182250568 0.5993697748 0.0000000000 1.0000000000
0.847059 0.9203579866 0.6077720334 0.0000000000 1.0000000000
0.850980 0.9224859848 0.6162524519 0.0000000000 1.0000000000
0.854902 0.9246090854 0.6248113923 0.0000000000 1.0000000000
0.858824 0.9267273220 0.6334492164 0.0000000000 1.0000000000
0.862745 0.9288407280 0.6421662860 0.0000000000 1.0000000000
0.866667 0.9309493363 0.6509629630 0.0000000000 1.0000000000
0.870588 0.9330531792 0.6598396092 0.0000000000 1.0000000000
0.874510 0.9351522892 0.6687965865 0.0000000000 1.0000000000
0.878431 0.9372466978 0.6778342568 0.0000000000 1.0000000000
0.882353 0.9393364366 0.6869529819 0.0000000000 1.0000000000
0.886275 0.9414215367 0.6961531236 0.0000000000 1.0000000000
0.890196 0.9435020288 0.7054350438 0.0000000000 1.0000000000
0.894118 0.9455779434 0.7147991044 0.0000000000 1.0000000000
0.898039 0.9476493105 0.7242456672 0.0000000000 1.0000000000
0.901961 0.9497161599 0.7337750940 0.0000000000 1.0000000000
0.905882 0.9517785209 0.7433877468 0.0000000000 1.0000000000
0.909804 0.9538364229 0.7530839873 0.0000000000 1.0000000000
0.913725 0.9558898944 0.7628641774 0.0000000000 1.0000000000
0.917647 0.9579389640 0.7727286790 0.0000000000 1.0000000000
0.921569 0.9599836600 0.7826778539 0.0000000000 1.0000000000
0.925490 0.9620240101 0.7927120640 0.0000000000 1.0000000000
0.929412 0.9640600421 0.8028316711 0.0000000000 1.0000000000
0.933333 0.9660917831 0.8130370370 0.0000000000 1.0000000000
0.937255 0.9681192602 0.8233285237 0.0000000000 1.0000000000
0.941176 0.9701425001 0.8337064930 0.0000000000 1.0000000000
0.945098 0.9721615294 0.8441713067 0.0000000000 1.0000000000
0.949020 0.9741763741 0.8547233266 0.0000000000 1.0000000000
0.952941 0.9761870602 0.8653629147 0.0000000000 1.0000000000
0.956863 0.9781936133 0.8760904328 0.0000000000 1.0000000000
0.960784 0.9801960588 0.8869062427 0.0000000000 1.0000000000
0.964706 0.9821944219 0.8978107063 0.0000000000 1.0000000000
0.968627 0.9841887273 0.9088041854 0.0000000000 1.0000000000
0.972549 0.9861789998 0.9198870419 0.0000000000 1.0000000000
0.976471 0.9881652636 0.9310596377 0.0000000000 1.0000000000
0.980392 0.9901475430 0.9423223345 0.0000000000 1.0000000000
0.984314 0.9921258617 0.9536754943 0.0000000000 1.0000000000
0.988235 0.9941002435 0.9651194789 0.0000000000 1.0000000000
0.992157 0.9960707117 0.9766546502 0.0000000000 1.0000000000
0.996078 0.9980372896 0.9882813699 0.0000000000 1.0000000000
1.000000 1.0000000000 1.0000000000 0.0000000000 1.0000000000
