0.000000 0.0000000000 0.2666666667 0.1058823529 1.0000000000
0.003922 0.0000000000 0.2717108804 0.1079738562 1.0000000000
0.007843 0.0000000000 0.2767550942 0.1100653595 1.0000000000
0.011765 0.0000000000 0.2817993080 0.1121568627 1.0000000000
0.015686 0.0000000000 0.2868435217 0.1142483660 1.0000000000
0.019608 0.0000000000 0.2918877355 0.1163398693 1.0000000000
0.023529 0.0000000000 0.2969319493 0.1184313725 1.0000000000
0.027451 0.0000000000 0.3019761630 0.1205228758 1.0000000000
0.031373 0.0000000000 0.3070203768 0.1226143791 1.0000000000
0.035294 0.0000000000 0.3120645905 0.1247058824 1.0000000000
0.039216 0.0000000000 0.3171088043 0.1267973856 1.0000000000
0.043137 0.0000000000 0.3221530181 0.1288888889 1.0000000000
0.047059 0.0000000000 0.3271972318 0.1309803922 1.0000000000
0.050980 0.0000000000 0.3322414456 0.1330718954 1.0000000000
0.054902 0.0000000000 0.3372856594 0.1351633987 1.0000000000
0.058824 0.0000000000 0.3423298731 0.1372549020 1.0000000000
0.062745 0.0000000000 0.3473740869 0.1393464052 1.0000000000
0.066667 0.0000000000 0.3524183007 0.1414379085 1.0000000000
0.070588 0.0000000000 0.3574625144 0.1435294118 1.0000000000
0.074510 0.0000000000 0.3625067282 0.1456209150 1.0000000000
0.078431 0.0000000000 0.3675509419 0.1477124183 1.0000000000
0.082353 0.0000000000 0.3725951557 0.1498039216 1.0000000000
0.086275 0.0000000000 0.3776393695 0.1518954248 1.0000000000
0.090196 0.0000000000 0.3826835832 0.1539869281 1.0000000000
0.094118 0.0000000000 0.3877277970 0.1560784314 1.0000000000
0.098039 0.0000000000 0.3927720108 0.1581699346 1.0000000000
0.101961 0.0000000000 0.3978162245 0.1602614379 1.0000000000
0.105882 0.0000000000 0.4028604383 0.1623529412 1.0000000000
0.109804 0.0000000000 0.4079046521 0.1644444444 1.0000000000
0.113725 0.0000000000 0.4129488658 0.1665359477 1.0000000000
0.117647 0.0000000000 0.4179930796 0.1686274510 1.0000000000
0.121569 0.0000000000 0.4230372933 0.1707189542 1.0000000000
0.125490 0.0005382545 0.4279123414 0.1729334871 1.0000000000
0.129412 0.0048442907 0.4316032295 0.1760092272 1.0000000000
0.133333 0.0091503268 0.4352941176 0.1790849673 1.0000000000
0.137255 0.0134563629 0.4389850058 0.1821607074 1.0000000000
0.141176 0.0177623991 0.4426758939 0.1852364475 1.0000000000
0.145098 0.0220684352 0.4463667820 0.1883121876 1.0000000000
0.149020 0.0263744714 0.4500576701 0.1913879277 1.0000000000
0.152941 0.0306805075 0.4537485582 0.1944636678 1.0000000000
0.156863 0.0349865436 0.4574394464 0.1975394079 1.0000000000
0.160784 0.0392925798 0.4611303345 0.2006151480 1.0000000000
0.164706 0.0435986159 0.4648212226 0.2036908881 1.0000000000
0.168627 0.0479046521 0.4685121107 0.2067666282 1.0000000000
0.172549 0.0522106882 0.4722029988 0.2098423683 1.0000000000
0.176471 0.0565167243 0.4758938870 0.2129181084 1.0000000000
0.180392 0.0608227605 0.4795847751 0.2159938485 1.0000000000
0.184314 0.0651287966 0.4832756632 0.2190695886 1.0000000000
0.188235 0.0694348328 0.4869665513 0.2221453287 1.0000000000
0.192157 0.0737408689 0.4906574394 0.2252210688 1.0000000000
0.196078 0.0780469050 0.4943483276 0.2282968089 1.0000000000
0.200000 0.0823529412 0.4980392157 0.2313725490 1.0000000000
0.203922 0.0866589773 0.5017301038 0.2344482891 1.0000000000
0.207843 0.0909650135 0.5054209919 0.2375240292 1.0000000000
0.211765 0.0952710496 0.5091118800 0.2405997693 1.0000000000
0.215686 0.0995770857 0.5128027682 0.2436755094 1.0000000000
0.219608 0.1038831219 0.5164936563 0.2467512495 1.0000000000
0.223529 0.1081891580 0.5201845444 0.2498269896 1.0000000000
0.227451 0.1124951942 0.5238754325 0.2529027297 1.0000000000
0.231373 0.1168012303 0.5275663206 0.2559784698 1.0000000000
0.235294 0.1211072664 0.5312572088 0.2590542099 1.0000000000
0.239216 0.1254133026 0.5349480969 0.2621299500 1.0000000000
0.243137 0.1297193387 0.5386389850 0.2652056901 1.0000000000
0.247059 0.1340253749 0.5423298731 0.2682814302 1.0000000000
0.250980 0.1381776240 0.5460822760 0.2713264129 1.0000000000
0.254902 0.1418685121 0.5500192234 0.2742791234 1.0000000000
0.258824 0.1455594002 0.5539561707 0.2772318339 1.0000000000
0.262745 0.1492502884 0.5578931180 0.2801845444 1.0000000000
0.266667 0.1529411765 0.5618300654 0.2831372549 1.0000000000
0.270588 0.1566320646 0.5657670127 0.2860899654 1.0000000000
0.274510 0.1603229527 0.5697039600 0.2890426759 1.0000000000
0.278431 0.1640138408 0.5736409073 0.2919953864 1.0000000000
0.282353 0.1677047290 0.5775778547 0.2949480969 1.0000000000
0.286275 0.1713956171 0.5815148020 0.2979008074 1.0000000000
0.290196 0.1750865052 0.5854517493 0.3008535179 1.0000000000
0.294118 0.1787773933 0.5893886967 0.3038062284 1.0000000000
0.298039 0.1824682814 0.5933256440 0.3067589389 1.0000000000
0.301961 0.1861591696 0.5972625913 0.3097116494 1.0000000000
0.305882 0.1898500577 0.6011995386 0.3126643599 1.0000000000
0.309804 0.1935409458 0.6051364860 0.3156170704 1.0000000000
0.313725 0.1972318339 0.6090734333 0.3185697809 1.0000000000
0.317647 0.2009227220 0.6130103806 0.3215224913 1.0000000000
0.321569 0.2046136101 0.6169473280 0.3244752018 1.0000000000
0.325490 0.2083044983 0.6208842753 0.3274279123 1.0000000000
0.329412 0.2119953864 0.6248212226 0.3303806228 1.0000000000
0.333333 0.2156862745 0.6287581699 0.3333333333 1.0000000000
0.337255 0.2193771626 0.6326951173 0.3362860438 1.0000000000
0.341176 0.2230680507 0.6366320646 0.3392387543 1.0000000000
0.345098 0.2267589389 0.6405690119 0.3421914648 1.0000000000
0.349020 0.2304498270 0.6445059592 0.3451441753 1.0000000000
0.352941 0.2341407151 0.6484429066 0.3480968858 1.0000000000
0.356863 0.2378316032 0.6523798539 0.3510495963 1.0000000000
0.360784 0.2415224913 0.6563168012 0.3540023068 1.0000000000
0.364706 0.2452133795 0.6602537486 0.3569550173 1.0000000000
0.368627 0.2489042676 0.6641906959 0.3599077278 1.0000000000
0.372549 0.2525951557 0.6681276432 0.3628604383 1.0000000000
0.376471 0.2572549020 0.6717416378 0.3658592849 1.0000000000
0.380392 0.2635294118 0.6748173779 0.3689350250 1.0000000000
0.384314 0.2698039216 0.6778931180 0.3720107651 1.0000000000
0.388235 0.2760784314 0.6809688581 0.3750865052 1.0000000000
0.392157 0.2823529412 0.6840445982 0.3781622453 1.0000000000
0.396078 0.2886274510 0.6871203383 0.3812379854 1.0000000000
0.400000 0.2949019608 0.6901960784 0.3843137255 1.0000000000
0.403922 0.3011764706 0.6932718185 0.3873894656 1.0000000000
0.407843 0.3074509804 0.6963475586 0.3904652057 1.0000000000
0.411765 0.3137254902 0.6994232987 0.3935409458 1.0000000000
0.415686 0.3200000000 0.7024990388 0.3966166859 1.0000000000
0.419608 0.3262745098 0.7055747789 0.3996924260 1.0000000000
0.423529 0.3325490196 0.7086505190 0.4027681661 1.0000000000
0.427451 0.3388235294 0.7117262591 0.4058439062 1.0000000000
0.431373 0.3450980392 0.7148019992 0.4089196463 1.0000000000
0.435294 0.3513725490 0.7178777393 0.4119953864 1.0000000000
0.439216 0.3576470588 0.7209534794 0.4150711265 1.0000000000
0.443137 0.3639215686 0.7240292195 0.4181468666 1.0000000000
0.447059 0.3701960784 0.7271049596 0.4212226067 1.0000000000
0.450980 0.3764705882 0.7301806997 0.4242983468 1.0000000000
0.454902 0.3827450980 0.7332564398 0.4273740869 1.0000000000
0.458824 0.3890196078 0.7363321799 0.4304498270 1.0000000000
0.462745 0.3952941176 0.7394079200 0.4335255671 1.0000000000
0.466667 0.4015686275 0.7424836601 0.4366013072 1.0000000000
0.470588 0.4078431373 0.7455594002 0.4396770473 1.0000000000
0.474510 0.4141176471 0.7486351403 0.4427527874 1.0000000000
0.478431 0.4203921569 0.7517108804 0.4458285275 1.0000000000
0.482353 0.4266666667 0.7547866205 0.4489042676 1.0000000000
0.486275 0.4329411765 0.7578623606 0.4519800077 1.0000000000
0.490196 0.4392156863 0.7609381007 0.4550557478 1.0000000000
0.494118 0.4454901961 0.7640138408 0.4581314879 1.0000000000
0.498039 0.4517647059 0.7670895809 0.4612072280 1.0000000000
0.501961 0.4576701269 0.7699192618 0.4650211457 1.0000000000
0.505882 0.4632064591 0.7725028835 0.4695732411 1.0000000000
0.509804 0.4687427912 0.7750865052 0.4741253364 1.0000000000
0.513725 0.4742791234 0.7776701269 0.4786774318 1.0000000000
0.517647 0.4798154556 0.7802537486 0.4832295271 1.0000000000
0.521569 0.4853517878 0.7828373702 0.4877816225 1.0000000000
0.525490 0.4908881200 0.7854209919 0.4923337178 1.0000000000
0.529412 0.4964244521 0.7880046136 0.4968858131 1.0000000000
0.533333 0.5019607843 0.7905882353 0.5014379085 1.0000000000
0.537255 0.5074971165 0.7931718570 0.5059900038 1.0000000000
0.541176 0.5130334487 0.7957554787 0.5105420992 1.0000000000
0.545098 0.5185697809 0.7983391003 0.5150941945 1.0000000000
0.549020 0.5241061130 0.8009227220 0.5196462899 1.0000000000
0.552941 0.5296424452 0.8035063437 0.5241983852 1.0000000000
0.556863 0.5351787774 0.8060899654 0.5287504806 1.0000000000
0.560784 0.5407151096 0.8086735871 0.5333025759 1.0000000000
0.564706 0.5462514418 0.8112572088 0.5378546713 1.0000000000
0.568627 0.5517877739 0.8138408304 0.5424067666 1.0000000000
0.572549 0.5573241061 0.8164244521 0.5469588620 1.0000000000
0.576471 0.5628604383 0.8190080738 0.5515109573 1.0000000000
0.580392 0.5683967705 0.8215916955 0.5560630527 1.0000000000
0.584314 0.5739331027 0.8241753172 0.5606151480 1.0000000000
0.588235 0.5794694348 0.8267589389 0.5651672434 1.0000000000
0.592157 0.5850057670 0.8293425606 0.5697193387 1.0000000000
0.596078 0.5905420992 0.8319261822 0.5742714341 1.0000000000
0.600000 0.5960784314 0.8345098039 0.5788235294 1.0000000000
0.603922 0.6016147636 0.8370934256 0.5833756248 1.0000000000
0.607843 0.6071510957 0.8396770473 0.5879277201 1.0000000000
0.611765 0.6126874279 0.8422606690 0.5924798155 1.0000000000
0.615686 0.6182237601 0.8448442907 0.5970319108 1.0000000000
0.619608 0.6237600923 0.8474279123 0.6015840062 1.0000000000
0.623529 0.6292964245 0.8500115340 0.6061361015 1.0000000000
0.627451 0.6342945021 0.8522106882 0.6106881968 1.0000000000
0.631373 0.6389696271 0.8541791619 0.6152402922 1.0000000000
0.635294 0.6436447520 0.8561476355 0.6197923875 1.0000000000
0.639216 0.6483198770 0.8581161092 0.6243444829 1.0000000000
0.643137 0.6529950019 0.8600845829 0.6288965782 1.0000000000
0.647059 0.6576701269 0.8620530565 0.6334486736 1.0000000000
0.650980 0.6623452518 0.8640215302 0.6380007689 1.0000000000
0.654902 0.6670203768 0.8659900038 0.6425528643 1.0000000000
0.658824 0.6716955017 0.8679584775 0.6471049596 1.0000000000
0.662745 0.6763706267 0.8699269512 0.6516570550 1.0000000000
0.666667 0.6810457516 0.8718954248 0.6562091503 1.0000000000
0.670588 0.6857208766 0.8738638985 0.6607612457 1.0000000000
0.674510 0.6903960015 0.8758323722 0.6653133410 1.0000000000
0.678431 0.6950711265 0.8778008458 0.6698654364 1.0000000000
0.682353 0.6997462514 0.8797693195 0.6744175317 1.0000000000
0.686275 0.7044213764 0.8817377932 0.6789696271 1.0000000000
0.690196 0.7090965013 0.8837062668 0.6835217224 1.0000000000
0.694118 0.7137716263 0.8856747405 0.6880738178 1.0000000000
0.698039 0.7184467512 0.8876432141 0.6926259131 1.0000000000
0.701961 0.7231218762 0.8896116878 0.6971780085 1.0000000000
0.705882 0.7277970012 0.8915801615 0.7017301038 1.0000000000
0.709804 0.7324721261 0.8935486351 0.7062821992 1.0000000000
0.713725 0.7371472511 0.8955171088 0.7108342945 1.0000000000
0.717647 0.7418223760 0.8974855825 0.7153863899 1.0000000000
0.721569 0.7464975010 0.8994540561 0.7199384852 1.0000000000
0.725490 0.7511726259 0.9014225298 0.7244905805 1.0000000000
0.729412 0.7558477509 0.9033910035 0.7290426759 1.0000000000
0.733333 0.7605228758 0.9053594771 0.7335947712 1.0000000000
0.737255 0.7651980008 0.9073279508 0.7381468666 1.0000000000
0.741176 0.7698731257 0.9092964245 0.7426989619 1.0000000000
0.745098 0.7745482507 0.9112648981 0.7472510573 1.0000000000
0.749020 0.7792233756 0.9132333718 0.7518031526 1.0000000000
0.752941 0.7831603230 0.9148327566 0.7558938870 1.0000000000
0.756863 0.7868512111 0.9163091119 0.7598308343 1.0000000000
0.760784 0.7905420992 0.9177854671 0.7637677816 1.0000000000
0.764706 0.7942329873 0.9192618224 0.7677047290 1.0000000000
0.768627 0.7979238754 0.9207381776 0.7716416763 1.0000000000
0.772549 0.8016147636 0.9222145329 0.7755786236 1.0000000000
0.776471 0.8053056517 0.9236908881 0.7795155709 1.0000000000
0.780392 0.8089965398 0.9251672434 0.7834525183 1.0000000000
0.784314 0.8126874279 0.9266435986 0.7873894656 1.0000000000
0.788235 0.8163783160 0.9281199539 0.7913264129 1.0000000000
0.792157 0.8200692042 0.9295963091 0.7952633602 1.0000000000
0.796078 0.8237600923 0.9310726644 0.7992003076 1.0000000000
0.800000 0.8274509804 0.9325490196 0.8031372549 1.0000000000
0.803922 0.8311418685 0.9340253749 0.8070742022 1.0000000000
0.807843 0.8348327566 0.9355017301 0.8110111496 1.0000000000
0.811765 0.8385236448 0.9369780854 0.8149480969 1.0000000000
0.815686 0.8422145329 0.9384544406 0.8188850442 1.0000000000
0.819608 0.8459054210 0.9399307958 0.8228219915 1.0000000000
0.823529 0.8495963091 0.9414071511 0.8267589389 1.0000000000
0.827451 0.8532871972 0.9428835063 0.8306958862 1.0000000000
0.831373 0.8569780854 0.9443598616 0.8346328335 1.0000000000
0.835294 0.8606689735 0.9458362168 0.8385697809 1.0000000000
0.839216 0.8643598616 0.9473125721 0.8425067282 1.0000000000
0.843137 0.8680507497 0.9487889273 0.8464436755 1.0000000000
0.847059 0.8717416378 0.9502652826 0.8503806228 1.0000000000
0.850980 0.8754325260 0.9517416378 0.8543175702 1.0000000000
0.854902 0.8791234141 0.9532179931 0.8582545175 1.0000000000
0.858824 0.8828143022 0.9546943483 0.8621914648 1.0000000000
0.862745 0.8865051903 0.9561707036 0.8661284121 1.0000000000
0.866667 0.8901960784 0.9576470588 0.8700653595 1.0000000000
0.870588 0.8938869666 0.9591234141 0.8740023068 1.0000000000
0.874510 0.8975778547 0.9605997693 0.8779392541 1.0000000000
0.878431 0.8999769319 0.9615378700 0.8806920415 1.0000000000
0.882353 0.9021914648 0.9623990773 0.8832756632 1.0000000000
0.886275 0.9044059977 0.9632602845 0.8858592849 1.0000000000
0.890196 0.9066205306 0.9641214917 0.8884429066 1.0000000000
0.894118 0.9088350634 0.9649826990 0.8910265283 1.0000000000
0.898039 0.9110495963 0.9658439062 0.8936101499 1.0000000000
0.901961 0.9132641292 0.9667051134 0.8961937716 1.0000000000
0.905882 0.9154786621 0.9675663206 0.8987773933 1.0000000000
0.909804 0.9176931949 0.9684275279 0.9013610150 1.0000000000
0.913725 0.9199077278 0.9692887351 0.9039446367 1.0000000000
0.917647 0.9221222607 0.9701499423 0.9065282584 1.0000000000
0.921569 0.9243367935 0.9710111496 0.9091118800 1.0000000000
0.925490 0.9265513264 0.9718723568 0.9116955017 1.0000000000
0.929412 0.9287658593 0.9727335640 0.9142791234 1.0000000000
0.933333 0.9309803922 0.9735947712 0.9168627451 1.0000000000
0.937255 0.9331949250 0.9744559785 0.9194463668 1.0000000000
0.941176 0.9354094579 0.9753171857 0.9220299885 1.0000000000
0.945098 0.9376239908 0.9761783929 0.9246136101 1.0000000000
0.949020 0.9398385236 0.9770396002 0.9271972318 1.0000000000
0.952941 0.9420530565 0.9779008074 0.9297808535 1.0000000000
0.956863 0.9442675894 0.9787620146 0.9323644752 1.0000000000
0.960784 0.9464821223 0.9796232218 0.9349480969 1.0000000000
0.964706 0.9486966551 0.9804844291 0.9375317186 1.0000000000
0.968627 0.9509111880 0.9813456363 0.9401153403 1.0000000000
0.972549 0.9531257209 0.9822068435 0.9426989619 1.0000000000
0.976471 0.9553402537 0.9830680507 0.9452825836 1.0000000000
0.980392 0.9575547866 0.9839292580 0.9478662053 1.0000000000
0.984314 0.9597693195 0.9847904652 0.9504498270 1.0000000000
0.988235 0.9619838524 0.9856516724 0.9530334487 1.0000000000
0.992157 0.9641983852 0.9865128797 0.9556170704 1.0000000000
0.996078 0.9664129181 0.9873740869 0.9582006920 1.0000000000
1.000000 0.9686274510 0.9882352941 0.9607843137 1.0000000000
