0.000000 0.0000000000 0.0000000000 0.0000000000 1.0000000000
0.003922 0.0045520953 0.0045520953 0.0045520953 1.0000000000
0.007843 0.0091041907 0.0091041907 0.0091041907 1.0000000000
0.011765 0.0136562860 0.0136562860 0.0136562860 1.0000000000
0.015686 0.0182083814 0.0182083814 0.0182083814 1.0000000000
0.019608 0.0227604767 0.0227604767 0.0227604767 1.0000000000
0.023529 0.0273125721 0.0273125721 0.0273125721 1.0000000000
0.027451 0.0318646674 0.0318646674 0.0318646674 1.0000000000
0.031373 0.0364167628 0.0364167628 0.0364167628 1.0000000000
0.035294 0.0409688581 0.0409688581 0.0409688581 1.0000000000
0.039216 0.0455209535 0.0455209535 0.0455209535 1.0000000000
0.043137 0.0500730488 0.0500730488 0.0500730488 1.0000000000
0.047059 0.0546251442 0.0546251442 0.0546251442 1.0000000000
0.050980 0.0591772395 0.0591772395 0.0591772395 1.0000000000
0.054902 0.0637293349 0.0637293349 0.0637293349 1.0000000000
0.058824 0.0682814302 0.0682814302 0.0682814302 1.0000000000
0.062745 0.0728335256 0.0728335256 0.0728335256 1.0000000000
0.066667 0.0773856209 0.0773856209 0.0773856209 1.0000000000
0.070588 0.0819377163 0.0819377163 0.0819377163 1.0000000000
0.074510 0.0864898116 0.0864898116 0.0864898116 1.0000000000
0.078431 0.0910419070 0.0910419070 0.0910419070 1.0000000000
0.082353 0.0955940023 0.0955940023 0.0955940023 1.0000000000
0.086275 0.1001460977 0.1001460977 0.1001460977 1.0000000000
0.090196 0.1046981930 0.1046981930 0.1046981930 1.0000000000
0.094118 0.1092502884 0.1092502884 0.1092502884 1.0000000000
0.098039 0.1138023837 0.1138023837 0.1138023837 1.0000000000
0.101961 0.1183544790 0.1183544790 0.1183544790 1.0000000000
0.105882 0.1229065744 0.1229065744 0.1229065744 1.0000000000
0.109804 0.1274586697 0.1274586697 0.1274586697 1.0000000000
0.113725 0.1320107651 0.1320107651 0.1320107651 1.0000000000
0.117647 0.1365628604 0.1365628604 0.1365628604 1.0000000000
0.121569 0.1411149558 0.1411149558 0.1411149558 1.0000000000
0.125490 0.1457900807 0.1457900807 0.1457900807 1.0000000000
0.129412 0.1513264129 0.1513264129 0.1513264129 1.0000000000
0.133333 0.1568627451 0.1568627451 0.1568627451 1.0000000000
0.137255 0.1623990773 0.1623990773 0.1623990773 1.0000000000
0.141176 0.1679354095 0.1679354095 0.1679354095 1.0000000000
0.145098 0.1734717416 0.1734717416 0.1734717416 1.0000000000
0.149020 0.1790080738 0.1790080738 0.1790080738 1.0000000000
0.152941 0.1845444060 0.1845444060 0.1845444060 1.0000000000
0.156863 0.1900807382 0.1900807382 0.1900807382 1.0000000000
0.160784 0.1956170704 0.1956170704 0.1956170704 1.0000000000
0.164706 0.2011534025 0.2011534025 0.2011534025 1.0000000000
0.168627 0.2066897347 0.2066897347 0.2066897347 1.0000000000
0.172549 0.2122260669 0.2122260669 0.2122260669 1.0000000000
0.176471 0.2177623991 0.2177623991 0.2177623991 1.0000000000
0.180392 0.2232987313 0.2232987313 0.2232987313 1.0000000000
0.184314 0.2288350634 0.2288350634 0.2288350634 1.0000000000
0.188235 0.2343713956 0.2343713956 0.2343713956 1.0000000000
0.192157 0.2399077278 0.2399077278 0.2399077278 1.0000000000
0.196078 0.2454440600 0.2454440600 0.2454440600 1.0000000000
0.200000 0.2509803922 0.2509803922 0.2509803922 1.0000000000
0.203922 0.2565167243 0.2565167243 0.2565167243 1.0000000000
0.207843 0.2620530565 0.2620530565 0.2620530565 1.0000000000
0.211765 0.2675893887 0.2675893887 0.2675893887 1.0000000000
0.215686 0.2731257209 0.2731257209 0.2731257209 1.0000000000
0.219608 0.2786620531 0.2786620531 0.2786620531 1.0000000000
0.223529 0.2841983852 0.2841983852 0.2841983852 1.0000000000
0.227451 0.2897347174 0.2897347174 0.2897347174 1.0000000000
0.231373 0.2952710496 0.2952710496 0.2952710496 1.0000000000
0.235294 0.3008073818 0.3008073818 0.3008073818 1.0000000000
0.239216 0.3063437140 0.3063437140 0.3063437140 1.0000000000
0.243137 0.3118800461 0.3118800461 0.3118800461 1.0000000000
0.247059 0.3174163783 0.3174163783 0.3174163783 1.0000000000
0.250980 0.3225836217 0.3225836217 0.3225836217 1.0000000000
0.254902 0.3266435986 0.3266435986 0.3266435986 1.0000000000
0.258824 0.3307035755 0.3307035755 0.3307035755 1.0000000000
0.262745 0.3347635525 0.3347635525 0.3347635525 1.0000000000
0.266667 0.3388235294 0.3388235294 0.3388235294 1.0000000000
0.270588 0.3428835063 0.3428835063 0.3428835063 1.0000000000
0.274510 0.3469434833 0.3469434833 0.3469434833 1.0000000000
0.278431 0.3510034602 0.3510034602 0.3510034602 1.0000000000
0.282353 0.3550634371 0.3550634371 0.3550634371 1.0000000000
0.286275 0.3591234141 0.3591234141 0.3591234141 1.0000000000
0.290196 0.3631833910 0.3631833910 0.3631833910 1.0000000000
0.294118 0.3672433679 0.3672433679 0.3672433679 1.0000000000
0.298039 0.3713033449 0.3713033449 0.3713033449 1.0000000000
0.301961 0.3753633218 0.3753633218 0.3753633218 1.0000000000
0.305882 0.3794232987 0.3794232987 0.3794232987 1.0000000000
0.309804 0.3834832757 0.3834832757 0.3834832757 1.0000000000
0.313725 0.3875432526 0.3875432526 0.3875432526 1.0000000000
0.317647 0.3916032295 0.3916032295 0.3916032295 1.0000000000
0.321569 0.3956632065 0.3956632065 0.3956632065 1.0000000000
0.325490 0.3997231834 0.3997231834 0.3997231834 1.0000000000
0.329412 0.4037831603 0.4037831603 0.4037831603 1.0000000000
0.333333 0.4078431373 0.4078431373 0.4078431373 1.0000000000
0.337255 0.4119031142 0.4119031142 0.4119031142 1.0000000000
0.341176 0.4159630911 0.4159630911 0.4159630911 1.0000000000
0.345098 0.4200230681 0.4200230681 0.4200230681 1.0000000000
0.349020 0.4240830450 0.4240830450 0.4240830450 1.0000000000
0.352941 0.4281430219 0.4281430219 0.4281430219 1.0000000000
0.356863 0.4322029988 0.4322029988 0.4322029988 1.0000000000
0.360784 0.4362629758 0.4362629758 0.4362629758 1.0000000000
0.364706 0.4403229527 0.4403229527 0.4403229527 1.0000000000
0.368627 0.4443829296 0.4443829296 0.4443829296 1.0000000000
0.372549 0.4484429066 0.4484429066 0.4484429066 1.0000000000
0.376471 0.4525951557 0.4525951557 0.4525951557 1.0000000000
0.380392 0.4569011918 0.4569011918 0.4569011918 1.0000000000
0.384314 0.4612072280 0.4612072280 0.4612072280 1.0000000000
0.388235 0.4655132641 0.4655132641 0.4655132641 1.0000000000
0.392157 0.4698193003 0.4698193003 0.4698193003 1.0000000000
0.396078 0.4741253364 0.4741253364 0.4741253364 1.0000000000
0.400000 0.4784313725 0.4784313725 0.4784313725 1.0000000000
0.403922 0.4827374087 0.4827374087 0.4827374087 1.0000000000
0.407843 0.4870434448 0.4870434448 0.4870434448 1.0000000000
0.411765 0.4913494810 0.4913494810 0.4913494810 1.0000000000
0.415686 0.4956555171 0.4956555171 0.4956555171 1.0000000000
0.419608 0.4999615532 0.4999615532 0.4999615532 1.0000000000
0.423529 0.5042675894 0.5042675894 0.5042675894 1.0000000000
0.427451 0.5085736255 0.5085736255 0.5085736255 1.0000000000
0.431373 0.5128796617 0.5128796617 0.5128796617 1.0000000000
0.435294 0.5171856978 0.5171856978 0.5171856978 1.0000000000
0.439216 0.5214917339 0.5214917339 0.5214917339 1.0000000000
0.443137 0.5257977701 0.5257977701 0.5257977701 1.0000000000
0.447059 0.5301038062 0.5301038062 0.5301038062 1.0000000000
0.450980 0.5344098424 0.5344098424 0.5344098424 1.0000000000
0.454902 0.5387158785 0.5387158785 0.5387158785 1.0000000000
0.458824 0.5430219146 0.5430219146 0.5430219146 1.0000000000
0.462745 0.5473279508 0.5473279508 0.5473279508 1.0000000000
0.466667 0.5516339869 0.5516339869 0.5516339869 1.0000000000
0.470588 0.5559400231 0.5559400231 0.5559400231 1.0000000000
0.474510 0.5602460592 0.5602460592 0.5602460592 1.0000000000
0.478431 0.5645520953 0.5645520953 0.5645520953 1.0000000000
0.482353 0.5688581315 0.5688581315 0.5688581315 1.0000000000
0.486275 0.5731641676 0.5731641676 0.5731641676 1.0000000000
0.490196 0.5774702038 0.5774702038 0.5774702038 1.0000000000
0.494118 0.5817762399 0.5817762399 0.5817762399 1.0000000000
0.498039 0.5860822760 0.5860822760 0.5860822760 1.0000000000
0.501961 0.5906343714 0.5906343714 0.5906343714 1.0000000000
0.505882 0.5954325260 0.5954325260 0.5954325260 1.0000000000
0.509804 0.6002306805 0.6002306805 0.6002306805 1.0000000000
0.513725 0.6050288351 0.6050288351 0.6050288351 1.0000000000
0.517647 0.6098269896 0.6098269896 0.6098269896 1.0000000000
0.521569 0.6146251442 0.6146251442 0.6146251442 1.0000000000
0.525490 0.6194232987 0.6194232987 0.6194232987 1.0000000000
0.529412 0.6242214533 0.6242214533 0.6242214533 1.0000000000
0.533333 0.6290196078 0.6290196078 0.6290196078 1.0000000000
0.537255 0.6338177624 0.6338177624 0.6338177624 1.0000000000
0.541176 0.6386159170 0.6386159170 0.6386159170 1.0000000000
0.545098 0.6434140715 0.6434140715 0.6434140715 1.0000000000
0.549020 0.6482122261 0.6482122261 0.6482122261 1.0000000000
0.552941 0.6530103806 0.6530103806 0.6530103806 1.0000000000
0.556863 0.6578085352 0.6578085352 0.6578085352 1.0000000000
0.560784 0.6626066897 0.6626066897 0.6626066897 1.0000000000
0.564706 0.6674048443 0.6674048443 0.6674048443 1.0000000000
0.568627 0.6722029988 0.6722029988 0.6722029988 1.0000000000
0.572549 0.6770011534 0.6770011534 0.6770011534 1.0000000000
0.576471 0.6817993080 0.6817993080 0.6817993080 1.0000000000
0.580392 0.6865974625 0.6865974625 0.6865974625 1.0000000000
0.584314 0.6913956171 0.6913956171 0.6913956171 1.0000000000
0.588235 0.6961937716 0.6961937716 0.6961937716 1.0000000000
0.592157 0.7009919262 0.7009919262 0.7009919262 1.0000000000
0.596078 0.7057900807 0.7057900807 0.7057900807 1.0000000000
0.600000 0.7105882353 0.7105882353 0.7105882353 1.0000000000
0.603922 0.7153863899 0.7153863899 0.7153863899 1.0000000000
0.607843 0.7201845444 0.7201845444 0.7201845444 1.0000000000
0.611765 0.7249826990 0.7249826990 0.7249826990 1.0000000000
0.615686 0.7297808535 0.7297808535 0.7297808535 1.0000000000
0.619608 0.7345790081 0.7345790081 0.7345790081 1.0000000000
0.623529 0.7393771626 0.7393771626 0.7393771626 1.0000000000
0.627451 0.7433294887 0.7433294887 0.7433294887 1.0000000000
0.631373 0.7467743176 0.7467743176 0.7467743176 1.0000000000
0.635294 0.7502191465 0.7502191465 0.7502191465 1.0000000000
0.639216 0.7536639754 0.7536639754 0.7536639754 1.0000000000
0.643137 0.7571088043 0.7571088043 0.7571088043 1.0000000000
0.647059 0.7605536332 0.7605536332 0.7605536332 1.0000000000
0.650980 0.7639984621 0.7639984621 0.7639984621 1.0000000000
0.654902 0.7674432910 0.7674432910 0.7674432910 1.0000000000
0.658824 0.7708881200 0.7708881200 0.7708881200 1.0000000000
0.662745 0.7743329489 0.7743329489 0.7743329489 1.0000000000
0.666667 0.7777777778 0.7777777778 0.7777777778 1.0000000000
0.670588 0.7812226067 0.7812226067 0.7812226067 1.0000000000
0.674510 0.7846674356 0.7846674356 0.7846674356 1.0000000000
0.678431 0.7881122645 0.7881122645 0.7881122645 1.0000000000
0.682353 0.7915570934 0.7915570934 0.7915570934 1.0000000000
0.686275 0.7950019223 0.7950019223 0.7950019223 1.0000000000
0.690196 0.7984467512 0.7984467512 0.7984467512 1.0000000000
0.694118 0.8018915802 0.8018915802 0.8018915802 1.0000000000
0.698039 0.8053364091 0.8053364091 0.8053364091 1.0000000000
0.701961 0.8087812380 0.8087812380 0.8087812380 1.0000000000
0.705882 0.8122260669 0.8122260669 0.8122260669 1.0000000000
0.709804 0.8156708958 0.8156708958 0.8156708958 1.0000000000
0.713725 0.8191157247 0.8191157247 0.8191157247 1.0000000000
0.717647 0.8225605536 0.8225605536 0.8225605536 1.0000000000
0.721569 0.8260053825 0.8260053825 0.8260053825 1.0000000000
0.725490 0.8294502115 0.8294502115 0.8294502115 1.0000000000
0.729412 0.8328950404 0.8328950404 0.8328950404 1.0000000000
0.733333 0.8363398693 0.8363398693 0.8363398693 1.0000000000
0.737255 0.8397846982 0.8397846982 0.8397846982 1.0000000000
0.741176 0.8432295271 0.8432295271 0.8432295271 1.0000000000
0.745098 0.8466743560 0.8466743560 0.8466743560 1.0000000000
0.749020 0.8501191849 0.8501191849 0.8501191849 1.0000000000
0.752941 0.8531026528 0.8531026528 0.8531026528 1.0000000000
0.756863 0.8559323337 0.8559323337 0.8559323337 1.0000000000
0.760784 0.8587620146 0.8587620146 0.8587620146 1.0000000000
0.764706 0.8615916955 0.8615916955 0.8615916955 1.0000000000
0.768627 0.8644213764 0.8644213764 0.8644213764 1.0000000000
0.772549 0.8672510573 0.8672510573 0.8672510573 1.0000000000
0.776471 0.8700807382 0.8700807382 0.8700807382 1.0000000000
0.780392 0.8729104191 0.8729104191 0.8729104191 1.0000000000
0.784314 0.8757401000 0.8757401000 0.8757401000 1.0000000000
0.788235 0.8785697809 0.8785697809 0.8785697809 1.0000000000
0.792157 0.8813994617 0.8813994617 0.8813994617 1.0000000000
0.796078 0.8842291426 0.8842291426 0.8842291426 1.0000000000
0.800000 0.8870588235 0.8870588235 0.8870588235 1.0000000000
0.803922 0.8898885044 0.8898885044 0.8898885044 1.0000000000
0.807843 0.8927181853 0.8927181853 0.8927181853 1.0000000000
0.811765 0.8955478662 0.8955478662 0.8955478662 1.0000000000
0.815686 0.8983775471 0.8983775471 0.8983775471 1.0000000000
0.819608 0.9012072280 0.9012072280 0.9012072280 1.0000000000
0.823529 0.9040369089 0.9040369089 0.9040369089 1.0000000000
0.827451 0.9068665898 0.9068665898 0.9068665898 1.0000000000
0.831373 0.9096962707 0.9096962707 0.9096962707 1.0000000000
0.835294 0.9125259516 0.9125259516 0.9125259516 1.0000000000
0.839216 0.9153556324 0.9153556324 0.9153556324 1.0000000000
0.843137 0.9181853133 0.9181853133 0.9181853133 1.0000000000
0.847059 0.9210149942 0.9210149942 0.9210149942 1.0000000000
0.850980 0.9238446751 0.9238446751 0.9238446751 1.0000000000
0.854902 0.9266743560 0.9266743560 0.9266743560 1.0000000000
0.858824 0.9295040369 0.9295040369 0.9295040369 1.0000000000
0.862745 0.9323337178 0.9323337178 0.9323337178 1.0000000000
0.866667 0.9351633987 0.9351633987 0.9351633987 1.0000000000
0.870588 0.9379930796 0.9379930796 0.9379930796 1.0000000000
0.874510 0.9408227605 0.9408227605 0.9408227605 1.0000000000
0.878431 0.9427912341 0.9427912341 0.9427912341 1.0000000000
0.882353 0.9446366782 0.9446366782 0.9446366782 1.0000000000
0.886275 0.9464821223 0.9464821223 0.9464821223 1.0000000000
0.890196 0.9483275663 0.9483275663 0.9483275663 1.0000000000
0.894118 0.9501730104 0.9501730104 0.9501730104 1.0000000000
0.898039 0.9520184544 0.9520184544 0.9520184544 1.0000000000
0.901961 0.9538638985 0.9538638985 0.9538638985 1.0000000000
0.905882 0.9557093426 0.9557093426 0.9557093426 1.0000000000
0.909804 0.9575547866 0.9575547866 0.9575547866 1.0000000000
0.913725 0.9594002307 0.9594002307 0.9594002307 1.0000000000
0.917647 0.9612456747 0.9612456747 0.9612456747 1.0000000000
0.921569 0.9630911188 0.9630911188 0.9630911188 1.0000000000
0.925490 0.9649365629 0.9649365629 0.9649365629 1.0000000000
0.929412 0.9667820069 0.9667820069 0.9667820069 1.0000000000
0.933333 0.9686274510 0.9686274510 0.9686274510 1.0000000000
0.937255 0.9704728950 0.9704728950 0.9704728950 1.0000000000
0.941176 0.9723183391 0.9723183391 0.9723183391 1.0000000000
0.945098 0.9741637832 0.9741637832 0.9741637832 1.0000000000
0.949020 0.9760092272 0.9760092272 0.9760092272 1.0000000000
0.952941 0.9778546713 0.9778546713 0.9778546713 1.0000000000
0.956863 0.9797001153 0.9797001153 0.9797001153 1.0000000000
0.960784 0.9815455594 0.9815455594 0.9815455594 1.0000000000
0.964706 0.9833910035 0.9833910035 0.9833910035 1.0000000000
0.968627 0.9852364475 0.9852364475 0.9852364475 1.0000000000
0.972549 0.9870818916 0.9870818916 0.9870818916 1.0000000000
0.976471 0.9889273356 0.9889273356 0.9889273356 1.0000000000
0.980392 0.9907727797 0.9907727797 0.9907727797 1.0000000000
0.984314 0.9926182238 0.9926182238 0.9926182238 1.0000000000
0.988235 0.9944636678 0.9944636678 0.9944636678 1.0000000000
0.992157 0.9963091119 0.9963091119 0.9963091119 1.0000000000
0.996078 0.9981545559 0.9981545559 0.9981545559 1.0000000000
1.000000 1.0000000000 1.0000000000 1.0000000000 1.0000000000
