0.000000 1.0000000000 1.0000000000 1.0000000000 1.0000000000
0.003922 1.0000000000 1.0000000000 0.9845588081 1.0000000000
0.007843 1.0000000000 1.0000000000 0.9691176162 1.0000000000
0.011765 1.0000000000 1.0000000000 0.9536764243 1.0000000000
0.015686 1.0000000000 1.0000000000 0.9382352324 1.0000000000
0.019608 1.0000000000 1.0000000000 0.9227940404 1.0000000000
0.023529 1.0000000000 1.0000000000 0.9073528485 1.0000000000
0.027451 1.0000000000 1.0000000000 0.8919116566 1.0000000000
0.031373 1.0000000000 1.0000000000 0.8764704647 1.0000000000
0.035294 1.0000000000 1.0000000000 0.8610292728 1.0000000000
0.039216 1.0000000000 1.0000000000 0.8455880809 1.0000000000
0.043137 1.0000000000 1.0000000000 0.8301468890 1.0000000000
0.047059 1.0000000000 1.0000000000 0.8147056971 1.0000000000
0.050980 1.0000000000 1.0000000000 0.7992645051 1.0000000000
0.054902 1.0000000000 1.0000000000 0.7838233132 1.0000000000
0.058824 1.0000000000 1.0000000000 0.7683821213 1.0000000000
0.062745 1.0000000000 1.0000000000 0.7529409294 1.0000000000
0.066667 1.0000000000 1.0000000000 0.7374997375 1.0000000000
0.070588 1.0000000000 1.0000000000 0.7220585456 1.0000000000
0.074510 1.0000000000 1.0000000000 0.7066173537 1.0000000000
0.078431 1.0000000000 1.0000000000 0.6911761618 1.0000000000
0.082353 1.0000000000 1.0000000000 0.6757349699 1.0000000000
0.086275 1.0000000000 1.0000000000 0.6602937779 1.0000000000
0.090196 1.0000000000 1.0000000000 0.6448525860 1.0000000000
0.094118 1.0000000000 1.0000000000 0.6294113941 1.0000000000
0.098039 1.0000000000 1.0000000000 0.6139702022 1.0000000000
0.101961 1.0000000000 1.0000000000 0.5985290103 1.0000000000
0.105882 1.0000000000 1.0000000000 0.5830878184 1.0000000000
0.109804 1.0000000000 1.0000000000 0.5676466265 1.0000000000
0.113725 1.0000000000 1.0000000000 0.5522054346 1.0000000000
0.117647 1.0000000000 1.0000000000 0.5367642426 1.0000000000
0.121569 1.0000000000 1.0000000000 0.5213230507 1.0000000000
0.125490 1.0000000000 1.0000000000 0.5058818588 1.0000000000
0.129412 1.0000000000 1.0000000000 0.4904406669 1.0000000000
0.133333 1.0000000000 1.0000000000 0.4749994750 1.0000000000
0.137255 1.0000000000 1.0000000000 0.4595582831 1.0000000000
0.141176 1.0000000000 1.0000000000 0.4441170912 1.0000000000
0.145098 1.0000000000 1.0000000000 0.4286758993 1.0000000000
0.149020 1.0000000000 1.0000000000 0.4132347074 1.0000000000
0.152941 1.0000000000 1.0000000000 0.3977935154 1.0000000000
0.156863 1.0000000000 1.0000000000 0.3823523235 1.0000000000
0.160784 1.0000000000 1.0000000000 0.3669111316 1.0000000000
0.164706 1.0000000000 1.0000000000 0.3514699397 1.0000000000
0.168627 1.0000000000 1.0000000000 0.3360287478 1.0000000000
0.172549 1.0000000000 1.0000000000 0.3205875559 1.0000000000
0.176471 1.0000000000 1.0000000000 0.3051463640 1.0000000000
0.180392 1.0000000000 1.0000000000 0.2897051721 1.0000000000
0.184314 1.0000000000 1.0000000000 0.2742639801 1.0000000000
0.188235 1.0000000000 1.0000000000 0.2588227882 1.0000000000
0.192157 1.0000000000 1.0000000000 0.2433815963 1.0000000000
0.196078 1.0000000000 1.0000000000 0.2279404044 1.0000000000
0.200000 1.0000000000 1.0000000000 0.2124992125 1.0000000000
0.203922 1.0000000000 1.0000000000 0.1970580206 1.0000000000
0.207843 1.0000000000 1.0000000000 0.1816168287 1.0000000000
0.211765 1.0000000000 1.0000000000 0.1661756368 1.0000000000
0.215686 1.0000000000 1.0000000000 0.1507344449 1.0000000000
0.219608 1.0000000000 1.0000000000 0.1352932529 1.0000000000
0.223529 1.0000000000 1.0000000000 0.1198520610 1.0000000000
0.227451 1.0000000000 1.0000000000 0.1044108691 1.0000000000
0.231373 1.0000000000 1.0000000000 0.0889696772 1.0000000000
0.235294 1.0000000000 1.0000000000 0.0735284853 1.0000000000
0.239216 1.0000000000 1.0000000000 0.0580872934 1.0000000000
0.243137 1.0000000000 1.0000000000 0.0426461015 1.0000000000
0.247059 1.0000000000 1.0000000000 0.0272049096 1.0000000000
0.250980 1.0000000000 1.0000000000 0.0117637176 1.0000000000
0.254902 1.0000000000 0.9975483569 0.0000000000 1.0000000000
0.258824 1.0000000000 0.9872542560 0.0000000000 1.0000000000
0.262745 1.0000000000 0.9769601551 0.0000000000 1.0000000000
0.266667 1.0000000000 0.9666660542 0.0000000000 1.0000000000
0.270588 1.0000000000 0.9563719532 0.0000000000 1.0000000000
0.274510 1.0000000000 0.9460778523 0.0000000000 1.0000000000
0.278431 1.0000000000 0.9357837514 0.0000000000 1.0000000000
0.282353 1.0000000000 0.9254896505 0.0000000000 1.0000000000
0.286275 1.0000000000 0.9151955496 0.0000000000 1.0000000000
0.290196 1.0000000000 0.9049014487 0.0000000000 1.0000000000
0.294118 1.0000000000 0.8946073477 0.0000000000 1.0000000000
0.298039 1.0000000000 0.8843132468 0.0000000000 1.0000000000
0.301961 1.0000000000 0.8740191459 0.0000000000 1.0000000000
0.305882 1.0000000000 0.8637250450 0.0000000000 1.0000000000
0.309804 1.0000000000 0.8534309441 0.0000000000 1.0000000000
0.313725 1.0000000000 0.8431368431 0.0000000000 1.0000000000
0.317647 1.0000000000 0.8328427422 0.0000000000 1.0000000000
0.321569 1.0000000000 0.8225486413 0.0000000000 1.0000000000
0.325490 1.0000000000 0.8122545404 0.0000000000 1.0000000000
0.329412 1.0000000000 0.8019604395 0.0000000000 1.0000000000
0.333333 1.0000000000 0.7916663385 0.0000000000 1.0000000000
0.337255 1.0000000000 0.7813722376 0.0000000000 1.0000000000
0.341176 1.0000000000 0.7710781367 0.0000000000 1.0000000000
0.345098 1.0000000000 0.7607840358 0.0000000000 1.0000000000
0.349020 1.0000000000 0.7504899349 0.0000000000 1.0000000000
0.352941 1.0000000000 0.7401958339 0.0000000000 1.0000000000
0.356863 1.0000000000 0.7299017330 0.0000000000 1.0000000000
0.360784 1.0000000000 0.7196076321 0.0000000000 1.0000000000
0.364706 1.0000000000 0.7093135312 0.0000000000 1.0000000000
0.368627 1.0000000000 0.6990194303 0.0000000000 1.0000000000
0.372549 1.0000000000 0.6887253294 0.0000000000 1.0000000000
0.376471 1.0000000000 0.6784312284 0.0000000000 1.0000000000
0.380392 1.0000000000 0.6681371275 0.0000000000 1.0000000000
0.384314 1.0000000000 0.6578430266 0.0000000000 1.0000000000
0.388235 1.0000000000 0.6475489257 0.0000000000 1.0000000000
0.392157 1.0000000000 0.6372548248 0.0000000000 1.0000000000
0.396078 1.0000000000 0.6269607238 0.0000000000 1.0000000000
0.400000 1.0000000000 0.6166666229 0.0000000000 1.0000000000
0.403922 1.0000000000 0.6063725220 0.0000000000 1.0000000000
0.407843 1.0000000000 0.5960784211 0.0000000000 1.0000000000
0.411765 1.0000000000 0.5857843202 0.0000000000 1.0000000000
0.415686 1.0000000000 0.5754902192 0.0000000000 1.0000000000
0.419608 1.0000000000 0.5651961183 0.0000000000 1.0000000000
0.423529 1.0000000000 0.5549020174 0.0000000000 1.0000000000
0.427451 1.0000000000 0.5446079165 0.0000000000 1.0000000000
0.431373 1.0000000000 0.5343138156 0.0000000000 1.0000000000
0.435294 1.0000000000 0.5240197146 0.0000000000 1.0000000000
0.439216 1.0000000000 0.5137256137 0.0000000000 1.0000000000
0.443137 1.0000000000 0.5034315128 0.0000000000 1.0000000000
0.447059 1.0000000000 0.4931374119 0.0000000000 1.0000000000
0.450980 1.0000000000 0.4828433110 0.0000000000 1.0000000000
0.454902 1.0000000000 0.4725492100 0.0000000000 1.0000000000
0.458824 1.0000000000 0.4622551091 0.0000000000 1.0000000000
0.462745 1.0000000000 0.4519610082 0.0000000000 1.0000000000
0.466667 1.0000000000 0.4416669073 0.0000000000 1.0000000000
0.470588 1.0000000000 0.4313728064 0.0000000000 1.0000000000
0.474510 1.0000000000 0.4210787055 0.0000000000 1.0000000000
0.478431 1.0000000000 0.4107846045 0.0000000000 1.0000000000
0.482353 1.0000000000 0.4004905036 0.0000000000 1.0000000000
0.486275 1.0000000000 0.3901964027 0.0000000000 1.0000000000
0.490196 1.0000000000 0.3799023018 0.0000000000 1.0000000000
0.494118 1.0000000000 0.3696082009 0.0000000000 1.0000000000
0.498039 1.0000000000 0.3593140999 0.0000000000 1.0000000000
0.501961 1.0000000000 0.3490199990 0.0000000000 1.0000000000
0.505882 1.0000000000 0.3387258981 0.0000000000 1.0000000000
0.509804 1.0000000000 0.3284317972 0.0000000000 1.0000000000
0.513725 1.0000000000 0.3181376963 0.0000000000 1.0000000000
0.517647 1.0000000000 0.3078435953 0.0000000000 1.0000000000
0.521569 1.0000000000 0.2975494944 0.0000000000 1.0000000000
0.525490 1.0000000000 0.2872553935 0.0000000000 1.0000000000
0.529412 1.0000000000 0.2769612926 0.0000000000 1.0000000000
0.533333 1.0000000000 0.2666671917 0.0000000000 1.0000000000
0.537255 1.0000000000 0.2563730907 0.0000000000 1.0000000000
0.541176 1.0000000000 0.2460789898 0.0000000000 1.0000000000
0.545098 1.0000000000 0.2357848889 0.0000000000 1.0000000000
0.549020 1.0000000000 0.2254907880 0.0000000000 1.0000000000
0.552941 1.0000000000 0.2151966871 0.0000000000 1.0000000000
0.556863 1.0000000000 0.2049025862 0.0000000000 1.0000000000
0.560784 1.0000000000 0.1946084852 0.0000000000 1.0000000000
0.564706 1.0000000000 0.1843143843 0.0000000000 1.0000000000
0.568627 1.0000000000 0.1740202834 0.0000000000 1.0000000000
0.572549 1.0000000000 0.1637261825 0.0000000000 1.0000000000
0.576471 1.0000000000 0.1534320816 0.0000000000 1.0000000000
0.580392 1.0000000000 0.1431379806 0.0000000000 1.0000000000
0.584314 1.0000000000 0.1328438797 0.0000000000 1.0000000000
0.588235 1.0000000000 0.1225497788 0.0000000000 1.0000000000
0.592157 1.0000000000 0.1122556779 0.0000000000 1.0000000000
0.596078 1.0000000000 0.1019615770 0.0000000000 1.0000000000
0.600000 1.0000000000 0.0916674760 0.0000000000 1.0000000000
0.603922 1.0000000000 0.0813733751 0.0000000000 1.0000000000
0.607843 1.0000000000 0.0710792742 0.0000000000 1.0000000000
0.611765 1.0000000000 0.0607851733 0.0000000000 1.0000000000
0.615686 1.0000000000 0.0504910724 0.0000000000 1.0000000000
0.619608 1.0000000000 0.0401969714 0.0000000000 1.0000000000
0.623529 1.0000000000 0.0299028705 0.0000000000 1.0000000000
0.627451 1.0000000000 0.0196087696 0.0000000000 1.0000000000
0.631373 1.0000000000 0.0093146687 0.0000000000 1.0000000000
0.635294 0.9990204971 0.0000000000 0.0000000000 1.0000000000
0.639216 0.9887256530 0.0000000000 0.0000000000 1.0000000000
0.643137 0.9784308090 0.0000000000 0.0000000000 1.0000000000
0.647059 0.9681359649 0.0000000000 0.0000000000 1.0000000000
0.650980 0.9578411208 0.0000000000 0.0000000000 1.0000000000
0.654902 0.9475462768 0.0000000000 0.0000000000 1.0000000000
0.658824 0.9372514327 0.0000000000 0.0000000000 1.0000000000
0.662745 0.9269565887 0.0000000000 0.0000000000 1.0000000000
0.666667 0.9166617446 0.0000000000 0.0000000000 1.0000000000
0.670588 0.9063669006 0.0000000000 0.0000000000 1.0000000000
0.674510 0.8960720565 0.0000000000 0.0000000000 1.0000000000
0.678431 0.8857772125 0.0000000000 0.0000000000 1.0000000000
0.682353 0.8754823684 0.0000000000 0.0000000000 1.0000000000
0.686275 0.8651875244 0.0000000000 0.0000000000 1.0000000000
0.690196 0.8548926803 0.0000000000 0.0000000000 1.0000000000
0.694118 0.8445978362 0.0000000000 0.0000000000 1.0000000000
0.698039 0.8343029922 0.0000000000 0.0000000000 1.0000000000
0.701961 0.8240081481 0.0000000000 0.0000000000 1.0000000000
0.705882 0.8137133041 0.0000000000 0.0000000000 1.0000000000
0.709804 0.8034184600 0.0000000000 0.0000000000 1.0000000000
0.713725 0.7931236160 0.0000000000 0.0000000000 1.0000000000
0.717647 0.7828287719 0.0000000000 0.0000000000 1.0000000000
0.721569 0.7725339279 0.0000000000 0.0000000000 1.0000000000
0.725490 0.7622390838 0.0000000000 0.0000000000 1.0000000000
0.729412 0.7519442398 0.0000000000 0.0000000000 1.0000000000
0.733333 0.7416493957 0.0000000000 0.0000000000 1.0000000000
0.737255 0.7313545516 0.0000000000 0.0000000000 1.0000000000
0.741176 0.7210597076 0.0000000000 0.0000000000 1.0000000000
0.745098 0.7107648635 0.0000000000 0.0000000000 1.0000000000
0.749020 0.7004700195 0.0000000000 0.0000000000 1.0000000000
0.752941 0.6901751754 0.0000000000 0.0000000000 1.0000000000
0.756863 0.6798803314 0.0000000000 0.0000000000 1.0000000000
0.760784 0.6695854873 0.0000000000 0.0000000000 1.0000000000
0.764706 0.6592906433 0.0000000000 0.0000000000 1.0000000000
0.768627 0.6489957992 0.0000000000 0.0000000000 1.0000000000
0.772549 0.6387009552 0.0000000000 0.0000000000 1.0000000000
0.776471 0.6284061111 0.0000000000 0.0000000000 1.0000000000
0.780392 0.6181112670 0.0000000000 0.0000000000 1.0000000000
0.784314 0.6078164230 0.0000000000 0.0000000000 1.0000000000
0.788235 0.5975215789 0.0000000000 0.0000000000 1.0000000000
0.792157 0.5872267349 0.0000000000 0.0000000000 1.0000000000
0.796078 0.5769318908 0.0000000000 0.0000000000 1.0000000000
0.800000 0.5666370468 0.0000000000 0.0000000000 1.0000000000
0.803922 0.5563422027 0.0000000000 0.0000000000 1.0000000000
0.807843 0.5460473587 0.0000000000 0.0000000000 1.0000000000
0.811765 0.5357525146 0.0000000000 0.0000000000 1.0000000000
0.815686 0.5254576706 0.0000000000 0.0000000000 1.0000000000
0.819608 0.5151628265 0.0000000000 0.0000000000 1.0000000000
0.823529 0.5048679824 0.0000000000 0.0000000000 1.0000000000
0.827451 0.4945731384 0.0000000000 0.0000000000 1.0000000000
0.831373 0.4842782943 0.0000000000 0.0000000000 1.0000000000
0.835294 0.4739834503 0.0000000000 0.0000000000 1.0000000000
0.839216 0.4636886062 0.0000000000 0.0000000000 1.0000000000
0.843137 0.4533937622 0.0000000000 0.0000000000 1.0000000000
0.847059 0.4430989181 0.0000000000 0.0000000000 1.0000000000
0.850980 0.4328040741 0.0000000000 0.0000000000 1.0000000000
0.854902 0.4225092300 0.0000000000 0.0000000000 1.0000000000
0.858824 0.4122143860 0.0000000000 0.0000000000 1.0000000000
0.862745 0.4019195419 0.0000000000 0.0000000000 1.0000000000
0.866667 0.3916246979 0.0000000000 0.0000000000 1.0000000000
0.870588 0.3813298538 0.0000000000 0.0000000000 1.0000000000
0.874510 0.3710350097 0.0000000000 0.0000000000 1.0000000000
0.878431 0.3607401657 0.0000000000 0.0000000000 1.0000000000
0.882353 0.3504453216 0.0000000000 0.0000000000 1.0000000000
0.886275 0.3401504776 0.0000000000 0.0000000000 1.0000000000
0.890196 0.3298556335 0.0000000000 0.0000000000 1.0000000000
0.894118 0.3195607895 0.0000000000 0.0000000000 1.0000000000
0.898039 0.3092659454 0.0000000000 0.0000000000 1.0000000000
0.901961 0.2989711014 0.0000000000 0.0000000000 1.0000000000
0.905882 0.2886762573 0.0000000000 0.0000000000 1.0000000000
0.909804 0.2783814133 0.0000000000 0.0000000000 1.0000000000
0.913725 0.2680865692 0.0000000000 0.0000000000 1.0000000000
0.917647 0.2577917251 0.0000000000 0.0000000000 1.0000000000
0.921569 0.2474968811 0.0000000000 0.0000000000 1.0000000000
0.925490 0.2372020370 0.0000000000 0.0000000000 1.0000000000
0.929412 0.2269071930 0.0000000000 0.0000000000 1.0000000000
0.933333 0.2166123489 0.0000000000 0.0000000000 1.0000000000
0.937255 0.2063175049 0.0000000000 0.0000000000 1.0000000000
0.941176 0.1960226608 0.0000000000 0.0000000000 1.0000000000
0.945098 0.1857278168 0.0000000000 0.0000000000 1.0000000000
0.949020 0.1754329727 0.0000000000 0.0000000000 1.0000000000
0.952941 0.1651381287 0.0000000000 0.0000000000 1.0000000000
0.956863 0.1548432846 0.0000000000 0.0000000000 1.0000000000
0.960784 0.1445484405 0.0000000000 0.0000000000 1.0000000000
0.964706 0.1342535965 0.0000000000 0.0000000000 1.0000000000
0.968627 0.1239587524 0.0000000000 0.0000000000 1.0000000000
0.972549 0.1136639084 0.0000000000 0.0000000000 1.0000000000
0.976471 0.1033690643 0.0000000000 0.0000000000 1.0000000000
0.980392 0.0930742203 0.0000000000 0.0000000000 1.0000000000
0.984314 0.0827793762 0.0000000000 0.0000000000 1.0000000000
0.988235 0.0724845322 0.0000000000 0.0000000000 1.0000000000
0.992157 0.0621896881 0.0000000000 0.0000000000 1.0000000000
0.996078 0.0518948441 0.0000000000 0.0000000000 1.0000000000
1.000000 0.0416000000 0.0000000000 0.0000000000 1.0000000000
