0.000000 1.0000000000 0.0000000000 0.0937500000 1.0000000000
0.003922 1.0000000000 0.0000000000 0.1169117879 1.0000000000
0.007843 1.0000000000 0.0000000000 0.1400735757 1.0000000000
0.011765 1.0000000000 0.0000000000 0.1632353636 1.0000000000
0.015686 1.0000000000 0.0000000000 0.1863971515 1.0000000000
0.019608 1.0000000000 0.0000000000 0.2095589393 1.0000000000
0.023529 1.0000000000 0.0000000000 0.2327207272 1.0000000000
0.027451 1.0000000000 0.0000000000 0.2558825151 1.0000000000
0.031373 1.0000000000 0.0000000000 0.2790443029 1.0000000000
0.035294 1.0000000000 0.0000000000 0.3022060908 1.0000000000
0.039216 1.0000000000 0.0000000000 0.3253678787 1.0000000000
0.043137 1.0000000000 0.0000000000 0.3485296665 1.0000000000
0.047059 1.0000000000 0.0000000000 0.3716914544 1.0000000000
0.050980 1.0000000000 0.0000000000 0.3948532423 1.0000000000
0.054902 1.0000000000 0.0000000000 0.4180150301 1.0000000000
0.058824 1.0000000000 0.0000000000 0.4411768180 1.0000000000
0.062745 1.0000000000 0.0000000000 0.4643386059 1.0000000000
0.066667 1.0000000000 0.0000000000 0.4875003938 1.0000000000
0.070588 1.0000000000 0.0000000000 0.5106621816 1.0000000000
0.074510 1.0000000000 0.0000000000 0.5338239695 1.0000000000
0.078431 1.0000000000 0.0000000000 0.5569857574 1.0000000000
0.082353 1.0000000000 0.0000000000 0.5801475452 1.0000000000
0.086275 1.0000000000 0.0000000000 0.6033093331 1.0000000000
0.090196 1.0000000000 0.0000000000 0.6264711210 1.0000000000
0.094118 1.0000000000 0.0000000000 0.6496329088 1.0000000000
0.098039 1.0000000000 0.0000000000 0.6727946967 1.0000000000
0.101961 1.0000000000 0.0000000000 0.6959564846 1.0000000000
0.105882 1.0000000000 0.0000000000 0.7191182724 1.0000000000
0.109804 1.0000000000 0.0000000000 0.7422800603 1.0000000000
0.113725 1.0000000000 0.0000000000 0.7654418482 1.0000000000
0.117647 1.0000000000 0.0000000000 0.7886036360 1.0000000000
0.121569 1.0000000000 0.0000000000 0.8117654239 1.0000000000
0.125490 1.0000000000 0.0000000000 0.8349272118 1.0000000000
0.129412 1.0000000000 0.0000000000 0.8580889996 1.0000000000
0.133333 1.0000000000 0.0000000000 0.8812507875 1.0000000000
0.137255 1.0000000000 0.0000000000 0.9044125754 1.0000000000
0.141176 1.0000000000 0.0000000000 0.9275743632 1.0000000000
0.145098 0.9955879496 0.0000000000 0.9463241007 1.0000000000
0.149020 0.9878673537 0.0000000000 0.9617652926 1.0000000000
0.152941 0.9801467577 0.0000000000 0.9772064846 1.0000000000
0.156863 0.9724261618 0.0000000000 0.9926476765 1.0000000000
0.160784 0.9566166974 0.0000000000 1.0000000000 1.0000000000
0.164706 0.9334549096 0.0000000000 1.0000000000 1.0000000000
0.168627 0.9102931217 0.0000000000 1.0000000000 1.0000000000
0.172549 0.8871313338 0.0000000000 1.0000000000 1.0000000000
0.176471 0.8639695460 0.0000000000 1.0000000000 1.0000000000
0.180392 0.8408077581 0.0000000000 1.0000000000 1.0000000000
0.184314 0.8176459702 0.0000000000 1.0000000000 1.0000000000
0.188235 0.7944841824 0.0000000000 1.0000000000 1.0000000000
0.192157 0.7713223945 0.0000000000 1.0000000000 1.0000000000
0.196078 0.7481606066 0.0000000000 1.0000000000 1.0000000000
0.200000 0.7249988187 0.0000000000 1.0000000000 1.0000000000
0.203922 0.7018370309 0.0000000000 1.0000000000 1.0000000000
0.207843 0.6786752430 0.0000000000 1.0000000000 1.0000000000
0.211765 0.6555134551 0.0000000000 1.0000000000 1.0000000000
0.215686 0.6323516673 0.0000000000 1.0000000000 1.0000000000
0.219608 0.6091898794 0.0000000000 1.0000000000 1.0000000000
0.223529 0.5860280915 0.0000000000 1.0000000000 1.0000000000
0.227451 0.5628663037 0.0000000000 1.0000000000 1.0000000000
0.231373 0.5397045158 0.0000000000 1.0000000000 1.0000000000
0.235294 0.5165427279 0.0000000000 1.0000000000 1.0000000000
0.239216 0.4933809401 0.0000000000 1.0000000000 1.0000000000
0.243137 0.4702191522 0.0000000000 1.0000000000 1.0000000000
0.247059 0.4470573643 0.0000000000 1.0000000000 1.0000000000
0.250980 0.4238955765 0.0000000000 1.0000000000 1.0000000000
0.254902 0.4007337886 0.0000000000 1.0000000000 1.0000000000
0.258824 0.3775720007 0.0000000000 1.0000000000 1.0000000000
0.262745 0.3544102129 0.0000000000 1.0000000000 1.0000000000
0.266667 0.3312484250 0.0000000000 1.0000000000 1.0000000000
0.270588 0.3080866371 0.0000000000 1.0000000000 1.0000000000
0.274510 0.2849248493 0.0000000000 1.0000000000 1.0000000000
0.278431 0.2617630614 0.0000000000 1.0000000000 1.0000000000
0.282353 0.2386012735 0.0000000000 1.0000000000 1.0000000000
0.286275 0.2154394857 0.0000000000 1.0000000000 1.0000000000
0.290196 0.1922776978 0.0000000000 1.0000000000 1.0000000000
0.294118 0.1691159099 0.0000000000 1.0000000000 1.0000000000
0.298039 0.1459541221 0.0000000000 1.0000000000 1.0000000000
0.301961 0.1227923342 0.0000000000 1.0000000000 1.0000000000
0.305882 0.0996305463 0.0000000000 1.0000000000 1.0000000000
0.309804 0.0764687585 0.0000000000 1.0000000000 1.0000000000
0.313725 0.0533069706 0.0000000000 1.0000000000 1.0000000000
0.317647 0.0308817276 0.0007365449 1.0000000000 1.0000000000
0.321569 0.0231611316 0.0161777368 1.0000000000 1.0000000000
0.325490 0.0154405357 0.0316189287 1.0000000000 1.0000000000
0.329412 0.0077199397 0.0470601206 1.0000000000 1.0000000000
0.333333 0.0000000000 0.0625019688 1.0000000000 1.0000000000
0.337255 0.0000000000 0.0856637566 1.0000000000 1.0000000000
0.341176 0.0000000000 0.1088255445 1.0000000000 1.0000000000
0.345098 0.0000000000 0.1319873324 1.0000000000 1.0000000000
0.349020 0.0000000000 0.1551491202 1.0000000000 1.0000000000
0.352941 0.0000000000 0.1783109081 1.0000000000 1.0000000000
0.356863 0.0000000000 0.2014726960 1.0000000000 1.0000000000
0.360784 0.0000000000 0.2246344838 1.0000000000 1.0000000000
0.364706 0.0000000000 0.2477962717 1.0000000000 1.0000000000
0.368627 0.0000000000 0.2709580596 1.0000000000 1.0000000000
0.372549 0.0000000000 0.2941198474 1.0000000000 1.0000000000
0.376471 0.0000000000 0.3172816353 1.0000000000 1.0000000000
0.380392 0.0000000000 0.3404434232 1.0000000000 1.0000000000
0.384314 0.0000000000 0.3636052110 1.0000000000 1.0000000000
0.388235 0.0000000000 0.3867669989 1.0000000000 1.0000000000
0.392157 0.0000000000 0.4099287868 1.0000000000 1.0000000000
0.396078 0.0000000000 0.4330905746 1.0000000000 1.0000000000
0.400000 0.0000000000 0.4562523625 1.0000000000 1.0000000000
0.403922 0.0000000000 0.4794141504 1.0000000000 1.0000000000
0.407843 0.0000000000 0.5025759382 1.0000000000 1.0000000000
0.411765 0.0000000000 0.5257377261 1.0000000000 1.0000000000
0.415686 0.0000000000 0.5488995140 1.0000000000 1.0000000000
0.419608 0.0000000000 0.5720613018 1.0000000000 1.0000000000
0.423529 0.0000000000 0.5952230897 1.0000000000 1.0000000000
0.427451 0.0000000000 0.6183848776 1.0000000000 1.0000000000
0.431373 0.0000000000 0.6415466654 1.0000000000 1.0000000000
0.435294 0.0000000000 0.6647084533 1.0000000000 1.0000000000
0.439216 0.0000000000 0.6878702412 1.0000000000 1.0000000000
0.443137 0.0000000000 0.7110320290 1.0000000000 1.0000000000
0.447059 0.0000000000 0.7341938169 1.0000000000 1.0000000000
0.450980 0.0000000000 0.7573556048 1.0000000000 1.0000000000
0.454902 0.0000000000 0.7805173926 1.0000000000 1.0000000000
0.458824 0.0000000000 0.8036791805 1.0000000000 1.0000000000
0.462745 0.0000000000 0.8268409684 1.0000000000 1.0000000000
0.466667 0.0000000000 0.8500027563 1.0000000000 1.0000000000
0.470588 0.0000000000 0.8731645441 1.0000000000 1.0000000000
0.474510 0.0000000000 0.8963263320 1.0000000000 1.0000000000
0.478431 0.0000000000 0.9194881199 1.0000000000 1.0000000000
0.482353 0.0000000000 0.9426499077 1.0000000000 1.0000000000
0.486275 0.0000000000 0.9658116956 1.0000000000 1.0000000000
0.490196 0.0000000000 0.9889734835 1.0000000000 1.0000000000
0.494118 0.0000000000 1.0000000000 0.9878648051 1.0000000000
0.498039 0.0000000000 1.0000000000 0.9647031632 1.0000000000
0.501961 0.0000000000 1.0000000000 0.9415415212 1.0000000000
0.505882 0.0000000000 1.0000000000 0.9183798793 1.0000000000
0.509804 0.0000000000 1.0000000000 0.8952182373 1.0000000000
0.513725 0.0000000000 1.0000000000 0.8720565954 1.0000000000
0.517647 0.0000000000 1.0000000000 0.8488949534 1.0000000000
0.521569 0.0000000000 1.0000000000 0.8257333115 1.0000000000
0.525490 0.0000000000 1.0000000000 0.8025716695 1.0000000000
0.529412 0.0000000000 1.0000000000 0.7794100276 1.0000000000
0.533333 0.0000000000 1.0000000000 0.7562483856 1.0000000000
0.537255 0.0000000000 1.0000000000 0.7330867437 1.0000000000
0.541176 0.0000000000 1.0000000000 0.7099251017 1.0000000000
0.545098 0.0000000000 1.0000000000 0.6867634598 1.0000000000
0.549020 0.0000000000 1.0000000000 0.6636018178 1.0000000000
0.552941 0.0000000000 1.0000000000 0.6404401759 1.0000000000
0.556863 0.0000000000 1.0000000000 0.6172785339 1.0000000000
0.560784 0.0000000000 1.0000000000 0.5941168920 1.0000000000
0.564706 0.0000000000 1.0000000000 0.5709552500 1.0000000000
0.568627 0.0000000000 1.0000000000 0.5477936081 1.0000000000
0.572549 0.0000000000 1.0000000000 0.5246319661 1.0000000000
0.576471 0.0000000000 1.0000000000 0.5014703242 1.0000000000
0.580392 0.0000000000 1.0000000000 0.4783086822 1.0000000000
0.584314 0.0000000000 1.0000000000 0.4551470403 1.0000000000
0.588235 0.0000000000 1.0000000000 0.4319853983 1.0000000000
0.592157 0.0000000000 1.0000000000 0.4088237564 1.0000000000
0.596078 0.0000000000 1.0000000000 0.3856621144 1.0000000000
0.600000 0.0000000000 1.0000000000 0.3625004725 1.0000000000
0.603922 0.0000000000 1.0000000000 0.3393388305 1.0000000000
0.607843 0.0000000000 1.0000000000 0.3161771886 1.0000000000
0.611765 0.0000000000 1.0000000000 0.2930155466 1.0000000000
0.615686 0.0000000000 1.0000000000 0.2698539047 1.0000000000
0.619608 0.0000000000 1.0000000000 0.2466922628 1.0000000000
0.623529 0.0000000000 1.0000000000 0.2235306208 1.0000000000
0.627451 0.0000000000 1.0000000000 0.2003689789 1.0000000000
0.631373 0.0000000000 1.0000000000 0.1772073369 1.0000000000
0.635294 0.0000000000 1.0000000000 0.1540456950 1.0000000000
0.639216 0.0000000000 1.0000000000 0.1308840530 1.0000000000
0.643137 0.0000000000 1.0000000000 0.1077224111 1.0000000000
0.647059 0.0000000000 1.0000000000 0.0845607691 1.0000000000
0.650980 0.0003669599 1.0000000000 0.0617660801 1.0000000000
0.654902 0.0080875559 1.0000000000 0.0463248882 1.0000000000
0.658824 0.0158081518 1.0000000000 0.0308836963 1.0000000000
0.662745 0.0235287478 1.0000000000 0.0154425044 1.0000000000
0.666667 0.0312493437 1.0000000000 0.0000013125 1.0000000000
0.670588 0.0544098191 1.0000000000 0.0000000000 1.0000000000
0.674510 0.0775716070 1.0000000000 0.0000000000 1.0000000000
0.678431 0.1007333949 1.0000000000 0.0000000000 1.0000000000
0.682353 0.1238951827 1.0000000000 0.0000000000 1.0000000000
0.686275 0.1470569706 1.0000000000 0.0000000000 1.0000000000
0.690196 0.1702187585 1.0000000000 0.0000000000 1.0000000000
0.694118 0.1933805463 1.0000000000 0.0000000000 1.0000000000
0.698039 0.2165423342 1.0000000000 0.0000000000 1.0000000000
0.701961 0.2397041221 1.0000000000 0.0000000000 1.0000000000
0.705882 0.2628659099 1.0000000000 0.0000000000 1.0000000000
0.709804 0.2860276978 1.0000000000 0.0000000000 1.0000000000
0.713725 0.3091894857 1.0000000000 0.0000000000 1.0000000000
0.717647 0.3323512735 1.0000000000 0.0000000000 1.0000000000
0.721569 0.3555130614 1.0000000000 0.0000000000 1.0000000000
0.725490 0.3786748493 1.0000000000 0.0000000000 1.0000000000
0.729412 0.4018366371 1.0000000000 0.0000000000 1.0000000000
0.733333 0.4249984250 1.0000000000 0.0000000000 1.0000000000
0.737255 0.4481602129 1.0000000000 0.0000000000 1.0000000000
0.741176 0.4713220007 1.0000000000 0.0000000000 1.0000000000
0.745098 0.4944837886 1.0000000000 0.0000000000 1.0000000000
0.749020 0.5176455765 1.0000000000 0.0000000000 1.0000000000
0.752941 0.5408073643 1.0000000000 0.0000000000 1.0000000000
0.756863 0.5639691522 1.0000000000 0.0000000000 1.0000000000
0.760784 0.5871309401 1.0000000000 0.0000000000 1.0000000000
0.764706 0.6102927279 1.0000000000 0.0000000000 1.0000000000
0.768627 0.6334545158 1.0000000000 0.0000000000 1.0000000000
0.772549 0.6566163037 1.0000000000 0.0000000000 1.0000000000
0.776471 0.6797780915 1.0000000000 0.0000000000 1.0000000000
0.780392 0.7029398794 1.0000000000 0.0000000000 1.0000000000
0.784314 0.7261016673 1.0000000000 0.0000000000 1.0000000000
0.788235 0.7492634551 1.0000000000 0.0000000000 1.0000000000
0.792157 0.7724252430 1.0000000000 0.0000000000 1.0000000000
0.796078 0.7955870309 1.0000000000 0.0000000000 1.0000000000
0.800000 0.8187488187 1.0000000000 0.0000000000 1.0000000000
0.803922 0.8419106066 1.0000000000 0.0000000000 1.0000000000
0.807843 0.8650723945 1.0000000000 0.0000000000 1.0000000000
0.811765 0.8882341824 1.0000000000 0.0000000000 1.0000000000
0.815686 0.9113959702 1.0000000000 0.0000000000 1.0000000000
0.819608 0.9345577581 1.0000000000 0.0000000000 1.0000000000
0.823529 0.9577195460 1.0000000000 0.0000000000 1.0000000000
0.827451 0.9727937779 0.9919124441 0.0000000000 1.0000000000
0.831373 0.9805143739 0.9764712522 0.0000000000 1.0000000000
0.835294 0.9882349699 0.9610300603 0.0000000000 1.0000000000
0.839216 0.9959555658 0.9455888684 0.0000000000 1.0000000000
0.843137 1.0000000000 0.9264715147 0.0000000000 1.0000000000
0.847059 1.0000000000 0.9033097268 0.0000000000 1.0000000000
0.850980 1.0000000000 0.8801479390 0.0000000000 1.0000000000
0.854902 1.0000000000 0.8569861511 0.0000000000 1.0000000000
0.858824 1.0000000000 0.8338243632 0.0000000000 1.0000000000
0.862745 1.0000000000 0.8106625754 0.0000000000 1.0000000000
0.866667 1.0000000000 0.7875007875 0.0000000000 1.0000000000
0.870588 1.0000000000 0.7643389996 0.0000000000 1.0000000000
0.874510 1.0000000000 0.7411772118 0.0000000000 1.0000000000
0.878431 1.0000000000 0.7180154239 0.0000000000 1.0000000000
0.882353 1.0000000000 0.6948536360 0.0000000000 1.0000000000
0.886275 1.0000000000 0.6716918482 0.0000000000 1.0000000000
0.890196 1.0000000000 0.6485300603 0.0000000000 1.0000000000
0.894118 1.0000000000 0.6253682724 0.0000000000 1.0000000000
0.898039 1.0000000000 0.6022064846 0.0000000000 1.0000000000
0.901961 1.0000000000 0.5790446967 0.0000000000 1.0000000000
0.905882 1.0000000000 0.5558829088 0.0000000000 1.0000000000
0.909804 1.0000000000 0.5327211210 0.0000000000 1.0000000000
0.913725 1.0000000000 0.5095593331 0.0000000000 1.0000000000
0.917647 1.0000000000 0.4863975452 0.0000000000 1.0000000000
0.921569 1.0000000000 0.4632357574 0.0000000000 1.0000000000
0.925490 1.0000000000 0.4400739695 0.0000000000 1.0000000000
0.929412 1.0000000000 0.4169121816 0.0000000000 1.0000000000
0.933333 1.0000000000 0.3937503938 0.0000000000 1.0000000000
0.937255 1.0000000000 0.3705886059 0.0000000000 1.0000000000
0.941176 1.0000000000 0.3474268180 0.0000000000 1.0000000000
0.945098 1.0000000000 0.3242650301 0.0000000000 1.0000000000
0.949020 1.0000000000 0.3011032423 0.0000000000 1.0000000000
0.952941 1.0000000000 0.2779414544 0.0000000000 1.0000000000
0.956863 1.0000000000 0.2547796665 0.0000000000 1.0000000000
0.960784 1.0000000000 0.2316178787 0.0000000000 1.0000000000
0.964706 1.0000000000 0.2084560908 0.0000000000 1.0000000000
0.968627 1.0000000000 0.1852943029 0.0000000000 1.0000000000
0.972549 1.0000000000 0.1621325151 0.0000000000 1.0000000000
0.976471 1.0000000000 0.1389707272 0.0000000000 1.0000000000
0.980392 1.0000000000 0.1158089393 0.0000000000 1.0000000000
0.984314 1.0000000000 0.0926471515 0.0000000000 1.0000000000
0.988235 1.0000000000 0.0694853636 0.0000000000 1.0000000000
0.992157 1.0000000000 0.0463235757 0.0000000000 1.0000000000
0.996078 1.0000000000 0.0231617879 0.0000000000 1.0000000000
1.000000 1.0000000000 0.0000000000 0.0000000000 1.0000000000
