0.000000 0.9883620000 0.9983640000 0.6449240000 1.0000000000
0.003922 0.9822570000 0.9941090000 0.6310170000 1.0000000000
0.007843 0.9765110000 0.9897530000 0.6167600000 1.0000000000
0.011765 0.9711620000 0.9852820000 0.6021540000 1.0000000000
0.015686 0.9662490000 0.9806780000 0.5872060000 1.0000000000
0.019608 0.9618120000 0.9759240000 0.5719250000 1.0000000000
0.023529 0.9578960000 0.9710030000 0.5562750000 1.0000000000
0.027451 0.9545290000 0.9658960000 0.5403610000 1.0000000000
0.031373 0.9517400000 0.9605870000 0.5242030000 1.0000000000
0.035294 0.9495450000 0.9550630000 0.5078600000 1.0000000000
0.039216 0.9479370000 0.9493180000 0.4914260000 1.0000000000
0.043137 0.9469030000 0.9433480000 0.4749700000 1.0000000000
0.047059 0.9464030000 0.9371590000 0.4585920000 1.0000000000
0.050980 0.9463920000 0.9307610000 0.4423670000 1.0000000000
0.054902 0.9468090000 0.9241680000 0.4263730000 1.0000000000
0.058824 0.9475940000 0.9173990000 0.4106650000 1.0000000000
0.062745 0.9486830000 0.9104730000 0.3952890000 1.0000000000
0.066667 0.9500180000 0.9034090000 0.3802710000 1.0000000000
0.070588 0.9515460000 0.8962260000 0.3656270000 1.0000000000
0.074510 0.9532150000 0.8889420000 0.3513690000 1.0000000000
0.078431 0.9549970000 0.8815690000 0.3374750000 1.0000000000
0.082353 0.9568340000 0.8741290000 0.3239740000 1.0000000000
0.086275 0.9587200000 0.8666240000 0.3108200000 1.0000000000
0.090196 0.9606260000 0.8590690000 0.2980100000 1.0000000000
0.094118 0.9625170000 0.8514760000 0.2855460000 1.0000000000
0.098039 0.9643940000 0.8438480000 0.2733910000 1.0000000000
0.101961 0.9662430000 0.8361910000 0.2615340000 1.0000000000
0.105882 0.9680410000 0.8285150000 0.2499720000 1.0000000000
0.109804 0.9697830000 0.8208250000 0.2386860000 1.0000000000
0.113725 0.9714680000 0.8131220000 0.2276580000 1.0000000000
0.117647 0.9730880000 0.8054090000 0.2168770000 1.0000000000
0.121569 0.9746380000 0.7976920000 0.2063320000 1.0000000000
0.125490 0.9761080000 0.7899740000 0.1960180000 1.0000000000
0.129412 0.9774970000 0.7822580000 0.1859230000 1.0000000000
0.133333 0.9788060000 0.7745450000 0.1760370000 1.0000000000
0.137255 0.9800320000 0.7668370000 0.1663530000 1.0000000000
0.141176 0.9811730000 0.7591350000 0.1568630000 1.0000000000
0.145098 0.9822280000 0.7514420000 0.1475650000 1.0000000000
0.149020 0.9831960000 0.7437580000 0.1384530000 1.0000000000
0.152941 0.9840750000 0.7360870000 0.1295270000 1.0000000000
0.156863 0.9848650000 0.7284270000 0.1207850000 1.0000000000
0.160784 0.9855660000 0.7207820000 0.1122290000 1.0000000000
0.164706 0.9861750000 0.7131530000 0.1038630000 1.0000000000
0.168627 0.9866940000 0.7055400000 0.0956940000 1.0000000000
0.172549 0.9871240000 0.6979440000 0.0877310000 1.0000000000
0.176471 0.9874640000 0.6903660000 0.0799900000 1.0000000000
0.180392 0.9877140000 0.6828070000 0.0724890000 1.0000000000
0.184314 0.9878740000 0.6752670000 0.0652570000 1.0000000000
0.188235 0.9879450000 0.6677480000 0.0583290000 1.0000000000
0.192157 0.9879260000 0.6602500000 0.0517500000 1.0000000000
0.196078 0.9878190000 0.6527730000 0.0455810000 1.0000000000
0.200000 0.9876220000 0.6453200000 0.0398860000 1.0000000000
0.203922 0.9873370000 0.6378900000 0.0349160000 1.0000000000
0.207843 0.9869640000 0.6304850000 0.0309080000 1.0000000000
0.211765 0.9865020000 0.6231050000 0.0278140000 1.0000000000
0.215686 0.9859520000 0.6157500000 0.0255920000 1.0000000000
0.219608 0.9853150000 0.6084220000 0.0242020000 1.0000000000
0.223529 0.9845910000 0.6011220000 0.0236060000 1.0000000000
0.227451 0.9837790000 0.5938490000 0.0237700000 1.0000000000
0.231373 0.9828810000 0.5866060000 0.0246610000 1.0000000000
0.235294 0.9818950000 0.5793920000 0.0262500000 1.0000000000
0.239216 0.9808240000 0.5722090000 0.0285080000 1.0000000000
0.243137 0.9796660000 0.5650570000 0.0314090000 1.0000000000
0.247059 0.9784220000 0.5579370000 0.0349310000 1.0000000000
0.250980 0.9770920000 0.5508500000 0.0390500000 1.0000000000
0.254902 0.9756770000 0.5437980000 0.0436180000 1.0000000000
0.258824 0.9741760000 0.5367800000 0.0483920000 1.0000000000
0.262745 0.9725900000 0.5297980000 0.0533240000 1.0000000000
0.266667 0.9709190000 0.5228530000 0.0583670000 1.0000000000
0.270588 0.9691630000 0.5159460000 0.0634880000 1.0000000000
0.274510 0.9673220000 0.5090780000 0.0686590000 1.0000000000
0.278431 0.9653970000 0.5022490000 0.0738590000 1.0000000000
0.282353 0.9633870000 0.4954620000 0.0790730000 1.0000000000
0.286275 0.9612930000 0.4887160000 0.0842890000 1.0000000000
0.290196 0.9591140000 0.4820140000 0.0894990000 1.0000000000
0.294118 0.9568520000 0.4753560000 0.0946950000 1.0000000000
0.298039 0.9545060000 0.4687440000 0.0998740000 1.0000000000
0.301961 0.9520750000 0.4621780000 0.1050310000 1.0000000000
0.305882 0.9495620000 0.4556600000 0.1101640000 1.0000000000
0.309804 0.9469650000 0.4491910000 0.1152720000 1.0000000000
0.313725 0.9442850000 0.4427720000 0.1203540000 1.0000000000
0.317647 0.9415210000 0.4364050000 0.1254090000 1.0000000000
0.321569 0.9386750000 0.4300910000 0.1304380000 1.0000000000
0.325490 0.9357470000 0.4238310000 0.1354400000 1.0000000000
0.329412 0.9327370000 0.4176270000 0.1404170000 1.0000000000
0.333333 0.9296440000 0.4114790000 0.1453670000 1.0000000000
0.337255 0.9264700000 0.4053890000 0.1502920000 1.0000000000
0.341176 0.9232150000 0.3993590000 0.1551930000 1.0000000000
0.345098 0.9198790000 0.3933890000 0.1600700000 1.0000000000
0.349020 0.9164620000 0.3874810000 0.1649240000 1.0000000000
0.352941 0.9129660000 0.3816360000 0.1697550000 1.0000000000
0.356863 0.9093900000 0.3758560000 0.1745630000 1.0000000000
0.360784 0.9057350000 0.3701400000 0.1793500000 1.0000000000
0.364706 0.9020030000 0.3644920000 0.1841160000 1.0000000000
0.368627 0.8981920000 0.3589110000 0.1888600000 1.0000000000
0.372549 0.8943050000 0.3533990000 0.1935840000 1.0000000000
0.376471 0.8903410000 0.3479570000 0.1982860000 1.0000000000
0.380392 0.8863020000 0.3425860000 0.2029680000 1.0000000000
0.384314 0.8821880000 0.3372870000 0.2076280000 1.0000000000
0.388235 0.8780010000 0.3320600000 0.2122680000 1.0000000000
0.392157 0.8737410000 0.3269060000 0.2168860000 1.0000000000
0.396078 0.8694090000 0.3218270000 0.2214820000 1.0000000000
0.400000 0.8650060000 0.3168220000 0.2260550000 1.0000000000
0.403922 0.8605330000 0.3118920000 0.2306060000 1.0000000000
0.407843 0.8559920000 0.3070380000 0.2351330000 1.0000000000
0.411765 0.8513840000 0.3022600000 0.2396360000 1.0000000000
0.415686 0.8467090000 0.2975590000 0.2441130000 1.0000000000
0.419608 0.8419690000 0.2929330000 0.2485640000 1.0000000000
0.423529 0.8371650000 0.2883850000 0.2529880000 1.0000000000
0.427451 0.8322990000 0.2839130000 0.2573830000 1.0000000000
0.431373 0.8273720000 0.2795170000 0.2617500000 1.0000000000
0.435294 0.8223860000 0.2751970000 0.2660850000 1.0000000000
0.439216 0.8173410000 0.2709540000 0.2703900000 1.0000000000
0.443137 0.8122390000 0.2667860000 0.2746610000 1.0000000000
0.447059 0.8070820000 0.2626920000 0.2788980000 1.0000000000
0.450980 0.8018710000 0.2586740000 0.2830990000 1.0000000000
0.454902 0.7966070000 0.2547280000 0.2872640000 1.0000000000
0.458824 0.7912930000 0.2508560000 0.2913900000 1.0000000000
0.462745 0.7859290000 0.2470560000 0.2954770000 1.0000000000
0.466667 0.7805170000 0.2433270000 0.2995230000 1.0000000000
0.470588 0.7750590000 0.2396670000 0.3035260000 1.0000000000
0.474510 0.7695560000 0.2360770000 0.3074850000 1.0000000000
0.478431 0.7640100000 0.2325540000 0.3113990000 1.0000000000
0.482353 0.7584220000 0.2290970000 0.3152660000 1.0000000000
0.486275 0.7527940000 0.2257060000 0.3190850000 1.0000000000
0.490196 0.7471270000 0.2223780000 0.3228560000 1.0000000000
0.494118 0.7414230000 0.2191120000 0.3265760000 1.0000000000
0.498039 0.7356830000 0.2159060000 0.3302450000 1.0000000000
0.501961 0.7299090000 0.2127590000 0.3338610000 1.0000000000
0.505882 0.7241030000 0.2096700000 0.3374240000 1.0000000000
0.509804 0.7182640000 0.2066360000 0.3409310000 1.0000000000
0.513725 0.7123960000 0.2036560000 0.3443830000 1.0000000000
0.517647 0.7065000000 0.2007280000 0.3477770000 1.0000000000
0.521569 0.7005760000 0.1978510000 0.3511130000 1.0000000000
0.525490 0.6946270000 0.1950210000 0.3543880000 1.0000000000
0.529412 0.6886530000 0.1922390000 0.3576030000 1.0000000000
0.533333 0.6826560000 0.1895010000 0.3607570000 1.0000000000
0.537255 0.6766380000 0.1868070000 0.3638490000 1.0000000000
0.541176 0.6705990000 0.1841530000 0.3668790000 1.0000000000
0.545098 0.6645400000 0.1815390000 0.3698460000 1.0000000000
0.549020 0.6584630000 0.1789620000 0.3727480000 1.0000000000
0.552941 0.6523690000 0.1764210000 0.3755860000 1.0000000000
0.556863 0.6462600000 0.1739140000 0.3783590000 1.0000000000
0.560784 0.6401350000 0.1714380000 0.3810650000 1.0000000000
0.564706 0.6339980000 0.1689920000 0.3837040000 1.0000000000
0.568627 0.6278470000 0.1665750000 0.3862760000 1.0000000000
0.572549 0.6216850000 0.1641840000 0.3887810000 1.0000000000
0.576471 0.6155130000 0.1618170000 0.3912190000 1.0000000000
0.580392 0.6093300000 0.1594740000 0.3935890000 1.0000000000
0.584314 0.6031390000 0.1571510000 0.3958910000 1.0000000000
0.588235 0.5969400000 0.1548480000 0.3981250000 1.0000000000
0.592157 0.5907340000 0.1525630000 0.4002900000 1.0000000000
0.596078 0.5845210000 0.1502940000 0.4023850000 1.0000000000
0.600000 0.5783040000 0.1480390000 0.4044110000 1.0000000000
0.603922 0.5720810000 0.1457970000 0.4063690000 1.0000000000
0.607843 0.5658540000 0.1435670000 0.4082580000 1.0000000000
0.611765 0.5596240000 0.1413460000 0.4100780000 1.0000000000
0.615686 0.5533920000 0.1391340000 0.4118290000 1.0000000000
0.619608 0.5471570000 0.1369290000 0.4135110000 1.0000000000
0.623529 0.5409200000 0.1347290000 0.4151230000 1.0000000000
0.627451 0.5346830000 0.1325340000 0.4166670000 1.0000000000
0.631373 0.5284440000 0.1303410000 0.4181420000 1.0000000000
0.635294 0.5222060000 0.1281500000 0.4195490000 1.0000000000
0.639216 0.5159670000 0.1259600000 0.4208870000 1.0000000000
0.643137 0.5097300000 0.1237690000 0.4221560000 1.0000000000
0.647059 0.5034930000 0.1215750000 0.4233560000 1.0000000000
0.650980 0.4972570000 0.1193790000 0.4244880000 1.0000000000
0.654902 0.4910220000 0.1171790000 0.4255520000 1.0000000000
0.658824 0.4847890000 0.1149740000 0.4265480000 1.0000000000
0.662745 0.4785580000 0.1127640000 0.4274750000 1.0000000000
0.666667 0.4723280000 0.1105470000 0.4283340000 1.0000000000
0.670588 0.4661000000 0.1083220000 0.4291250000 1.0000000000
0.674510 0.4598750000 0.1060890000 0.4298460000 1.0000000000
0.678431 0.4536510000 0.1038480000 0.4304980000 1.0000000000
0.682353 0.4474280000 0.1015970000 0.4310800000 1.0000000000
0.686275 0.4412070000 0.0993380000 0.4315940000 1.0000000000
0.690196 0.4349870000 0.0970690000 0.4320390000 1.0000000000
0.694118 0.4287680000 0.0947900000 0.4324120000 1.0000000000
0.698039 0.4225490000 0.0925010000 0.4327140000 1.0000000000
0.701961 0.4163310000 0.0902030000 0.4329430000 1.0000000000
0.705882 0.4101130000 0.0878960000 0.4330980000 1.0000000000
0.709804 0.4038940000 0.0855800000 0.4331790000 1.0000000000
0.713725 0.3976740000 0.0832570000 0.4331830000 1.0000000000
0.717647 0.3914530000 0.0809270000 0.4331090000 1.0000000000
0.721569 0.3852280000 0.0785910000 0.4329550000 1.0000000000
0.725490 0.3790010000 0.0762530000 0.4327190000 1.0000000000
0.729412 0.3727680000 0.0739150000 0.4324000000 1.0000000000
0.733333 0.3665290000 0.0715790000 0.4319940000 1.0000000000
0.737255 0.3602840000 0.0692470000 0.4314970000 1.0000000000
0.741176 0.3540320000 0.0669250000 0.4309060000 1.0000000000
0.745098 0.3477710000 0.0646160000 0.4302170000 1.0000000000
0.749020 0.3415000000 0.0623250000 0.4294250000 1.0000000000
0.752941 0.3352170000 0.0600600000 0.4285240000 1.0000000000
0.756863 0.3289210000 0.0578270000 0.4275110000 1.0000000000
0.760784 0.3226100000 0.0556340000 0.4263770000 1.0000000000
0.764706 0.3162820000 0.0534900000 0.4251160000 1.0000000000
0.768627 0.3099350000 0.0514070000 0.4237210000 1.0000000000
0.772549 0.3035680000 0.0493960000 0.4221820000 1.0000000000
0.776471 0.2971780000 0.0474700000 0.4204910000 1.0000000000
0.780392 0.2907630000 0.0456440000 0.4186370000 1.0000000000
0.784314 0.2843210000 0.0439330000 0.4166080000 1.0000000000
0.788235 0.2778500000 0.0423530000 0.4143920000 1.0000000000
0.792157 0.2713470000 0.0409220000 0.4119760000 1.0000000000
0.796078 0.2648100000 0.0396470000 0.4093450000 1.0000000000
0.800000 0.2582340000 0.0385710000 0.4064850000 1.0000000000
0.803922 0.2516200000 0.0377050000 0.4033780000 1.0000000000
0.807843 0.2449670000 0.0370550000 0.4000070000 1.0000000000
0.811765 0.2382730000 0.0366210000 0.3963530000 1.0000000000
0.815686 0.2315380000 0.0364050000 0.3924000000 1.0000000000
0.819608 0.2247630000 0.0364050000 0.3881290000 1.0000000000
0.823529 0.2179490000 0.0366150000 0.3835220000 1.0000000000
0.827451 0.2110950000 0.0370300000 0.3785630000 1.0000000000
0.831373 0.2042090000 0.0376320000 0.3732380000 1.0000000000
0.835294 0.1972970000 0.0384000000 0.3675350000 1.0000000000
0.839216 0.1903670000 0.0393090000 0.3614470000 1.0000000000
0.843137 0.1834290000 0.0403290000 0.3549710000 1.0000000000
0.847059 0.1764930000 0.0414020000 0.3481110000 1.0000000000
0.850980 0.1695750000 0.0424890000 0.3408740000 1.0000000000
0.854902 0.1626890000 0.0435540000 0.3332770000 1.0000000000
0.858824 0.1558500000 0.0445590000 0.3253380000 1.0000000000
0.862745 0.1490730000 0.0454680000 0.3170850000 1.0000000000
0.866667 0.1423780000 0.0462420000 0.3085530000 1.0000000000
0.870588 0.1357780000 0.0468560000 0.2997760000 1.0000000000
0.874510 0.1292850000 0.0472930000 0.2907880000 1.0000000000
0.878431 0.1229080000 0.0475360000 0.2816240000 1.0000000000
0.882353 0.1166560000 0.0475740000 0.2723210000 1.0000000000
0.886275 0.1105360000 0.0473990000 0.2629120000 1.0000000000
0.890196 0.1045510000 0.0470080000 0.2534300000 1.0000000000
0.894118 0.0987020000 0.0464020000 0.2439040000 1.0000000000
0.898039 0.0929900000 0.0455830000 0.2343580000 1.0000000000
0.901961 0.0874110000 0.0445560000 0.2248130000 1.0000000000
0.905882 0.0819620000 0.0433280000 0.2152890000 1.0000000000
0.909804 0.0766370000 0.0419050000 0.2057990000 1.0000000000
0.913725 0.0714290000 0.0402940000 0.1963540000 1.0000000000
0.917647 0.0663310000 0.0385040000 0.1869620000 1.0000000000
0.921569 0.0613400000 0.0365900000 0.1776420000 1.0000000000
0.925490 0.0564490000 0.0345690000 0.1684140000 1.0000000000
0.929412 0.0516440000 0.0324740000 0.1592540000 1.0000000000
0.933333 0.0469150000 0.0303240000 0.1501640000 1.0000000000
0.937255 0.0422530000 0.0281390000 0.1411410000 1.0000000000
0.941176 0.0376680000 0.0259210000 0.1322320000 1.0000000000
0.945098 0.0333850000 0.0237020000 0.1233970000 1.0000000000
0.949020 0.0294320000 0.0215030000 0.1146210000 1.0000000000
0.952941 0.0257930000 0.0193310000 0.1059300000 1.0000000000
0.956863 0.0224470000 0.0171990000 0.0973270000 1.0000000000
0.960784 0.0193730000 0.0151330000 0.0887670000 1.0000000000
0.964706 0.0165610000 0.0131360000 0.0802820000 1.0000000000
0.968627 0.0139950000 0.0112250000 0.0718620000 1.0000000000
0.972549 0.0116630000 0.0094170000 0.0634600000 1.0000000000
0.976471 0.0095610000 0.0077130000 0.0551430000 1.0000000000
0.980392 0.0076760000 0.0061360000 0.0468360000 1.0000000000
0.984314 0.0060060000 0.0046920000 0.0385580000 1.0000000000
0.988235 0.0045470000 0.0033920000 0.0309090000 1.0000000000
0.992157 0.0032990000 0.0022490000 0.0242390000 1.0000000000
0.996078 0.0022670000 0.0012700000 0.0185700000 1.0000000000
1.000000 0.0014620000 0.0004660000 0.0138660000 1.0000000000
