0.000000 0.0000000000 0.0000000000 0.5000000000 1.0000000000
0.003922 0.0000000000 0.0000000000 0.5178253119 1.0000000000
0.007843 0.0000000000 0.0000000000 0.5356506239 1.0000000000
0.011765 0.0000000000 0.0000000000 0.5534759358 1.0000000000
0.015686 0.0000000000 0.0000000000 0.5713012478 1.0000000000
0.019608 0.0000000000 0.0000000000 0.5891265597 1.0000000000
0.023529 0.0000000000 0.0000000000 0.6069518717 1.0000000000
0.027451 0.0000000000 0.0000000000 0.6247771836 1.0000000000
0.031373 0.0000000000 0.0000000000 0.6426024955 1.0000000000
0.035294 0.0000000000 0.0000000000 0.6604278075 1.0000000000
0.039216 0.0000000000 0.0000000000 0.6782531194 1.0000000000
0.043137 0.0000000000 0.0000000000 0.6960784314 1.0000000000
0.047059 0.0000000000 0.0000000000 0.7139037433 1.0000000000
0.050980 0.0000000000 0.0000000000 0.7317290553 1.0000000000
0.054902 0.0000000000 0.0000000000 0.7495543672 1.0000000000
0.058824 0.0000000000 0.0000000000 0.7673796791 1.0000000000
0.062745 0.0000000000 0.0000000000 0.7852049911 1.0000000000
0.066667 0.0000000000 0.0000000000 0.8030303030 1.0000000000
0.070588 0.0000000000 0.0000000000 0.8208556150 1.0000000000
0.074510 0.0000000000 0.0000000000 0.8386809269 1.0000000000
0.078431 0.0000000000 0.0000000000 0.8565062389 1.0000000000
0.082353 0.0000000000 0.0000000000 0.8743315508 1.0000000000
0.086275 0.0000000000 0.0000000000 0.8921568627 1.0000000000
0.090196 0.0000000000 0.0000000000 0.9099821747 1.0000000000
0.094118 0.0000000000 0.0000000000 0.9278074866 1.0000000000
0.098039 0.0000000000 0.0000000000 0.9456327986 1.0000000000
0.101961 0.0000000000 0.0000000000 0.9634581105 1.0000000000
0.105882 0.0000000000 0.0000000000 0.9812834225 1.0000000000
0.109804 0.0000000000 0.0000000000 0.9991087344 1.0000000000
0.113725 0.0000000000 0.0000000000 1.0000000000 1.0000000000
0.117647 0.0000000000 0.0000000000 1.0000000000 1.0000000000
0.121569 0.0000000000 0.0000000000 1.0000000000 1.0000000000
0.125490 0.0000000000 0.0019607843 1.0000000000 1.0000000000
0.129412 0.0000000000 0.0176470588 1.0000000000 1.0000000000
0.133333 0.0000000000 0.0333333333 1.0000000000 1.0000000000
0.137255 0.0000000000 0.0490196078 1.0000000000 1.0000000000
0.141176 0.0000000000 0.0647058824 1.0000000000 1.0000000000
0.145098 0.0000000000 0.0803921569 1.0000000000 1.0000000000
0.149020 0.0000000000 0.0960784314 1.0000000000 1.0000000000
0.152941 0.0000000000 0.1117647059 1.0000000000 1.0000000000
0.156863 0.0000000000 0.1274509804 1.0000000000 1.0000000000
0.160784 0.0000000000 0.1431372549 1.0000000000 1.0000000000
0.164706 0.0000000000 0.1588235294 1.0000000000 1.0000000000
0.168627 0.0000000000 0.1745098039 1.0000000000 1.0000000000
0.172549 0.0000000000 0.1901960784 1.0000000000 1.0000000000
0.176471 0.0000000000 0.2058823529 1.0000000000 1.0000000000
0.180392 0.0000000000 0.2215686275 1.0000000000 1.0000000000
0.184314 0.0000000000 0.2372549020 1.0000000000 1.0000000000
0.188235 0.0000000000 0.2529411765 1.0000000000 1.0000000000
0.192157 0.0000000000 0.2686274510 1.0000000000 1.0000000000
0.196078 0.0000000000 0.2843137255 1.0000000000 1.0000000000
0.200000 0.0000000000 0.3000000000 1.0000000000 1.0000000000
0.203922 0.0000000000 0.3156862745 1.0000000000 1.0000000000
0.207843 0.0000000000 0.3313725490 1.0000000000 1.0000000000
0.211765 0.0000000000 0.3470588235 1.0000000000 1.0000000000
0.215686 0.0000000000 0.3627450980 1.0000000000 1.0000000000
0.219608 0.0000000000 0.3784313725 1.0000000000 1.0000000000
0.223529 0.0000000000 0.3941176471 1.0000000000 1.0000000000
0.227451 0.0000000000 0.4098039216 1.0000000000 1.0000000000
0.231373 0.0000000000 0.4254901961 1.0000000000 1.0000000000
0.235294 0.0000000000 0.4411764706 1.0000000000 1.0000000000
0.239216 0.0000000000 0.4568627451 1.0000000000 1.0000000000
0.243137 0.0000000000 0.4725490196 1.0000000000 1.0000000000
0.247059 0.0000000000 0.4882352941 1.0000000000 1.0000000000
0.250980 0.0000000000 0.5039215686 1.0000000000 1.0000000000
0.254902 0.0000000000 0.5196078431 1.0000000000 1.0000000000
0.258824 0.0000000000 0.5352941176 1.0000000000 1.0000000000
0.262745 0.0000000000 0.5509803922 1.0000000000 1.0000000000
0.266667 0.0000000000 0.5666666667 1.0000000000 1.0000000000
0.270588 0.0000000000 0.5823529412 1.0000000000 1.0000000000
0.274510 0.0000000000 0.5980392157 1.0000000000 1.0000000000
0.278431 0.0000000000 0.6137254902 1.0000000000 1.0000000000
0.282353 0.0000000000 0.6294117647 1.0000000000 1.0000000000
0.286275 0.0000000000 0.6450980392 1.0000000000 1.0000000000
0.290196 0.0000000000 0.6607843137 1.0000000000 1.0000000000
0.294118 0.0000000000 0.6764705882 1.0000000000 1.0000000000
0.298039 0.0000000000 0.6921568627 1.0000000000 1.0000000000
0.301961 0.0000000000 0.7078431373 1.0000000000 1.0000000000
0.305882 0.0000000000 0.7235294118 1.0000000000 1.0000000000
0.309804 0.0000000000 0.7392156863 1.0000000000 1.0000000000
0.313725 0.0000000000 0.7549019608 1.0000000000 1.0000000000
0.317647 0.0000000000 0.7705882353 1.0000000000 1.0000000000
0.321569 0.0000000000 0.7862745098 1.0000000000 1.0000000000
0.325490 0.0000000000 0.8019607843 1.0000000000 1.0000000000
0.329412 0.0000000000 0.8176470588 1.0000000000 1.0000000000
0.333333 0.0000000000 0.8333333333 1.0000000000 1.0000000000
0.337255 0.0000000000 0.8490196078 1.0000000000 1.0000000000
0.341176 0.0000000000 0.8647058824 0.9962049336 1.0000000000
0.345098 0.0000000000 0.8803921569 0.9835547122 1.0000000000
0.349020 0.0000000000 0.8960784314 0.9709044908 1.0000000000
0.352941 0.0094876660 0.9117647059 0.9582542694 1.0000000000
0.356863 0.0221378874 0.9274509804 0.9456040481 1.0000000000
0.360784 0.0347881088 0.9431372549 0.9329538267 1.0000000000
0.364706 0.0474383302 0.9588235294 0.9203036053 1.0000000000
0.368627 0.0600885515 0.9745098039 0.9076533839 1.0000000000
0.372549 0.0727387729 0.9901960784 0.8950031626 1.0000000000
0.376471 0.0853889943 1.0000000000 0.8823529412 1.0000000000
0.380392 0.0980392157 1.0000000000 0.8697027198 1.0000000000
0.384314 0.1106894371 1.0000000000 0.8570524984 1.0000000000
0.388235 0.1233396584 1.0000000000 0.8444022770 1.0000000000
0.392157 0.1359898798 1.0000000000 0.8317520557 1.0000000000
0.396078 0.1486401012 1.0000000000 0.8191018343 1.0000000000
0.400000 0.1612903226 1.0000000000 0.8064516129 1.0000000000
0.403922 0.1739405440 1.0000000000 0.7938013915 1.0000000000
0.407843 0.1865907653 1.0000000000 0.7811511701 1.0000000000
0.411765 0.1992409867 1.0000000000 0.7685009488 1.0000000000
0.415686 0.2118912081 1.0000000000 0.7558507274 1.0000000000
0.419608 0.2245414295 1.0000000000 0.7432005060 1.0000000000
0.423529 0.2371916509 1.0000000000 0.7305502846 1.0000000000
0.427451 0.2498418722 1.0000000000 0.7179000633 1.0000000000
0.431373 0.2624920936 1.0000000000 0.7052498419 1.0000000000
0.435294 0.2751423150 1.0000000000 0.6925996205 1.0000000000
0.439216 0.2877925364 1.0000000000 0.6799493991 1.0000000000
0.443137 0.3004427577 1.0000000000 0.6672991777 1.0000000000
0.447059 0.3130929791 1.0000000000 0.6546489564 1.0000000000
0.450980 0.3257432005 1.0000000000 0.6419987350 1.0000000000
0.454902 0.3383934219 1.0000000000 0.6293485136 1.0000000000
0.458824 0.3510436433 1.0000000000 0.6166982922 1.0000000000
0.462745 0.3636938646 1.0000000000 0.6040480708 1.0000000000
0.466667 0.3763440860 1.0000000000 0.5913978495 1.0000000000
0.470588 0.3889943074 1.0000000000 0.5787476281 1.0000000000
0.474510 0.4016445288 1.0000000000 0.5660974067 1.0000000000
0.478431 0.4142947502 1.0000000000 0.5534471853 1.0000000000
0.482353 0.4269449715 1.0000000000 0.5407969639 1.0000000000
0.486275 0.4395951929 1.0000000000 0.5281467426 1.0000000000
0.490196 0.4522454143 1.0000000000 0.5154965212 1.0000000000
0.494118 0.4648956357 1.0000000000 0.5028462998 1.0000000000
0.498039 0.4775458571 1.0000000000 0.4901960784 1.0000000000
0.501961 0.4901960784 1.0000000000 0.4775458571 1.0000000000
0.505882 0.5028462998 1.0000000000 0.4648956357 1.0000000000
0.509804 0.5154965212 1.0000000000 0.4522454143 1.0000000000
0.513725 0.5281467426 1.0000000000 0.4395951929 1.0000000000
0.517647 0.5407969639 1.0000000000 0.4269449715 1.0000000000
0.521569 0.5534471853 1.0000000000 0.4142947502 1.0000000000
0.525490 0.5660974067 1.0000000000 0.4016445288 1.0000000000
0.529412 0.5787476281 1.0000000000 0.3889943074 1.0000000000
0.533333 0.5913978495 1.0000000000 0.3763440860 1.0000000000
0.537255 0.6040480708 1.0000000000 0.3636938646 1.0000000000
0.541176 0.6166982922 1.0000000000 0.3510436433 1.0000000000
0.545098 0.6293485136 1.0000000000 0.3383934219 1.0000000000
0.549020 0.6419987350 1.0000000000 0.3257432005 1.0000000000
0.552941 0.6546489564 1.0000000000 0.3130929791 1.0000000000
0.556863 0.6672991777 1.0000000000 0.3004427577 1.0000000000
0.560784 0.6799493991 1.0000000000 0.2877925364 1.0000000000
0.564706 0.6925996205 1.0000000000 0.2751423150 1.0000000000
0.568627 0.7052498419 1.0000000000 0.2624920936 1.0000000000
0.572549 0.7179000633 1.0000000000 0.2498418722 1.0000000000
0.576471 0.7305502846 1.0000000000 0.2371916509 1.0000000000
0.580392 0.7432005060 1.0000000000 0.2245414295 1.0000000000
0.584314 0.7558507274 1.0000000000 0.2118912081 1.0000000000
0.588235 0.7685009488 1.0000000000 0.1992409867 1.0000000000
0.592157 0.7811511701 1.0000000000 0.1865907653 1.0000000000
0.596078 0.7938013915 1.0000000000 0.1739405440 1.0000000000
0.600000 0.8064516129 1.0000000000 0.1612903226 1.0000000000
0.603922 0.8191018343 1.0000000000 0.1486401012 1.0000000000
0.607843 0.8317520557 1.0000000000 0.1359898798 1.0000000000
0.611765 0.8444022770 1.0000000000 0.1233396584 1.0000000000
0.615686 0.8570524984 1.0000000000 0.1106894371 1.0000000000
0.619608 0.8697027198 1.0000000000 0.0980392157 1.0000000000
0.623529 0.8823529412 1.0000000000 0.0853889943 1.0000000000
0.627451 0.8950031626 1.0000000000 0.0727387729 1.0000000000
0.631373 0.9076533839 1.0000000000 0.0600885515 1.0000000000
0.635294 0.9203036053 1.0000000000 0.0474383302 1.0000000000
0.639216 0.9329538267 1.0000000000 0.0347881088 1.0000000000
0.643137 0.9456040481 0.9883805374 0.0221378874 1.0000000000
0.647059 0.9582542694 0.9738562092 0.0094876660 1.0000000000
0.650980 0.9709044908 0.9593318809 0.0000000000 1.0000000000
0.654902 0.9835547122 0.9448075527 0.0000000000 1.0000000000
0.658824 0.9962049336 0.9302832244 0.0000000000 1.0000000000
0.662745 1.0000000000 0.9157588962 0.0000000000 1.0000000000
0.666667 1.0000000000 0.9012345679 0.0000000000 1.0000000000
0.670588 1.0000000000 0.8867102397 0.0000000000 1.0000000000
0.674510 1.0000000000 0.8721859114 0.0000000000 1.0000000000
0.678431 1.0000000000 0.8576615832 0.0000000000 1.0000000000
0.682353 1.0000000000 0.8431372549 0.0000000000 1.0000000000
0.686275 1.0000000000 0.8286129267 0.0000000000 1.0000000000
0.690196 1.0000000000 0.8140885984 0.0000000000 1.0000000000
0.694118 1.0000000000 0.7995642702 0.0000000000 1.0000000000
0.698039 1.0000000000 0.7850399419 0.0000000000 1.0000000000
0.701961 1.0000000000 0.7705156137 0.0000000000 1.0000000000
0.705882 1.0000000000 0.7559912854 0.0000000000 1.0000000000
0.709804 1.0000000000 0.7414669572 0.0000000000 1.0000000000
0.713725 1.0000000000 0.7269426289 0.0000000000 1.0000000000
0.717647 1.0000000000 0.7124183007 0.0000000000 1.0000000000
0.721569 1.0000000000 0.6978939724 0.0000000000 1.0000000000
0.725490 1.0000000000 0.6833696442 0.0000000000 1.0000000000
0.729412 1.0000000000 0.6688453159 0.0000000000 1.0000000000
0.733333 1.0000000000 0.6543209877 0.0000000000 1.0000000000
0.737255 1.0000000000 0.6397966594 0.0000000000 1.0000000000
0.741176 1.0000000000 0.6252723312 0.0000000000 1.0000000000
0.745098 1.0000000000 0.6107480029 0.0000000000 1.0000000000
0.749020 1.0000000000 0.5962236747 0.0000000000 1.0000000000
0.752941 1.0000000000 0.5816993464 0.0000000000 1.0000000000
0.756863 1.0000000000 0.5671750182 0.0000000000 1.0000000000
0.760784 1.0000000000 0.5526506899 0.0000000000 1.0000000000
0.764706 1.0000000000 0.5381263617 0.0000000000 1.0000000000
0.768627 1.0000000000 0.5236020334 0.0000000000 1.0000000000
0.772549 1.0000000000 0.5090777052 0.0000000000 1.0000000000
0.776471 1.0000000000 0.4945533769 0.0000000000 1.0000000000
0.780392 1.0000000000 0.4800290487 0.0000000000 1.0000000000
0.784314 1.0000000000 0.4655047204 0.0000000000 1.0000000000
0.788235 1.0000000000 0.4509803922 0.0000000000 1.0000000000
0.792157 1.0000000000 0.4364560639 0.0000000000 1.0000000000
0.796078 1.0000000000 0.4219317357 0.0000000000 1.0000000000
0.800000 1.0000000000 0.4074074074 0.0000000000 1.0000000000
0.803922 1.0000000000 0.3928830792 0.0000000000 1.0000000000
0.807843 1.0000000000 0.3783587509 0.0000000000 1.0000000000
0.811765 1.0000000000 0.3638344227 0.0000000000 1.0000000000
0.815686 1.0000000000 0.3493100944 0.0000000000 1.0000000000
0.819608 1.0000000000 0.3347857662 0.0000000000 1.0000000000
0.823529 1.0000000000 0.3202614379 0.0000000000 1.0000000000
0.827451 1.0000000000 0.3057371097 0.0000000000 1.0000000000
0.831373 1.0000000000 0.2912127814 0.0000000000 1.0000000000
0.835294 1.0000000000 0.2766884532 0.0000000000 1.0000000000
0.839216 1.0000000000 0.2621641249 0.0000000000 1.0000000000
0.843137 1.0000000000 0.2476397967 0.0000000000 1.0000000000
0.847059 1.0000000000 0.2331154684 0.0000000000 1.0000000000
0.850980 1.0000000000 0.2185911402 0.0000000000 1.0000000000
0.854902 1.0000000000 0.2040668119 0.0000000000 1.0000000000
0.858824 1.0000000000 0.1895424837 0.0000000000 1.0000000000
0.862745 1.0000000000 0.1750181554 0.0000000000 1.0000000000
0.866667 1.0000000000 0.1604938272 0.0000000000 1.0000000000
0.870588 1.0000000000 0.1459694989 0.0000000000 1.0000000000
0.874510 1.0000000000 0.1314451707 0.0000000000 1.0000000000
0.878431 1.0000000000 0.1169208424 0.0000000000 1.0000000000
0.882353 1.0000000000 0.1023965142 0.0000000000 1.0000000000
0.886275 1.0000000000 0.0878721859 0.0000000000 1.0000000000
0.890196 0.9991087344 0.0733478577 0.0000000000 1.0000000000
0.894118 0.9812834225 0.0588235294 0.0000000000 1.0000000000
0.898039 0.9634581105 0.0442992012 0.0000000000 1.0000000000
0.901961 0.9456327986 0.0297748729 0.0000000000 1.0000000000
0.905882 0.9278074866 0.0152505447 0.0000000000 1.0000000000
0.909804 0.9099821747 0.0007262164 0.0000000000 1.0000000000
0.913725 0.8921568627 0.0000000000 0.0000000000 1.0000000000
0.917647 0.8743315508 0.0000000000 0.0000000000 1.0000000000
0.921569 0.8565062389 0.0000000000 0.0000000000 1.0000000000
0.925490 0.8386809269 0.0000000000 0.0000000000 1.0000000000
0.929412 0.8208556150 0.0000000000 0.0000000000 1.0000000000
0.933333 0.8030303030 0.0000000000 0.0000000000 1.0000000000
0.937255 0.7852049911 0.0000000000 0.0000000000 1.0000000000
0.941176 0.7673796791 0.0000000000 0.0000000000 1.0000000000
0.945098 0.7495543672 0.0000000000 0.0000000000 1.0000000000
0.949020 0.7317290553 0.0000000000 0.0000000000 1.0000000000
0.952941 0.7139037433 0.0000000000 0.0000000000 1.0000000000
0.956863 0.6960784314 0.0000000000 0.0000000000 1.0000000000
0.960784 0.6782531194 0.0000000000 0.0000000000 1.0000000000
0.964706 0.6604278075 0.0000000000 0.0000000000 1.0000000000
0.968627 0.6426024955 0.0000000000 0.0000000000 1.0000000000
0.972549 0.6247771836 0.0000000000 0.0000000000 1.0000000000
0.976471 0.6069518717 0.0000000000 0.0000000000 1.0000000000
0.980392 0.5891265597 0.0000000000 0.0000000000 1.0000000000
0.984314 0.5713012478 0.0000000000 0.0000000000 1.0000000000
0.988235 0.5534759358 0.0000000000 0.0000000000 1.0000000000
0.992157 0.5356506239 0.0000000000 0.0000000000 1.0000000000
0.996078 0.5178253119 0.0000000000 0.0000000000 1.0000000000
1.000000 0.5000000000 0.0000000000 0.0000000000 1.0000000000
