0.000000 0.9870530000 0.9914380000 0.7495040000 1.0000000000
0.003922 0.9873870000 0.9842880000 0.7420020000 1.0000000000
0.007843 0.9876910000 0.9771540000 0.7345360000 1.0000000000
0.011765 0.9880330000 0.9700120000 0.7270770000 1.0000000000
0.015686 0.9883670000 0.9628780000 0.7196490000 1.0000000000
0.019608 0.9887170000 0.9557420000 0.7122420000 1.0000000000
0.023529 0.9890770000 0.9486040000 0.7048630000 1.0000000000
0.027451 0.9894340000 0.9414700000 0.6975190000 1.0000000000
0.031373 0.9898150000 0.9343290000 0.6901980000 1.0000000000
0.035294 0.9901750000 0.9271960000 0.6829260000 1.0000000000
0.039216 0.9905700000 0.9200490000 0.6756750000 1.0000000000
0.043137 0.9909300000 0.9129150000 0.6684810000 1.0000000000
0.047059 0.9913320000 0.9057630000 0.6613090000 1.0000000000
0.050980 0.9916880000 0.8986270000 0.6542020000 1.0000000000
0.054902 0.9920890000 0.8914700000 0.6471160000 1.0000000000
0.058824 0.9924400000 0.8843300000 0.6400990000 1.0000000000
0.062745 0.9928310000 0.8771680000 0.6331090000 1.0000000000
0.066667 0.9931700000 0.8700240000 0.6261890000 1.0000000000
0.070588 0.9935450000 0.8628590000 0.6192990000 1.0000000000
0.074510 0.9938660000 0.8557110000 0.6124820000 1.0000000000
0.078431 0.9942220000 0.8485400000 0.6056960000 1.0000000000
0.082353 0.9945240000 0.8413870000 0.5989830000 1.0000000000
0.086275 0.9948510000 0.8342130000 0.5923070000 1.0000000000
0.090196 0.9951310000 0.8270520000 0.5857010000 1.0000000000
0.094118 0.9954240000 0.8198750000 0.5791400000 1.0000000000
0.098039 0.9956800000 0.8127060000 0.5726450000 1.0000000000
0.101961 0.9959320000 0.8055270000 0.5662020000 1.0000000000
0.105882 0.9961620000 0.7983480000 0.5598200000 1.0000000000
0.109804 0.9963690000 0.7911670000 0.5534990000 1.0000000000
0.113725 0.9965710000 0.7839770000 0.5472330000 1.0000000000
0.117647 0.9967270000 0.7767950000 0.5410390000 1.0000000000
0.121569 0.9968980000 0.7695910000 0.5348920000 1.0000000000
0.125490 0.9970190000 0.7623980000 0.5288210000 1.0000000000
0.129412 0.9971380000 0.7551900000 0.5228060000 1.0000000000
0.133333 0.9972280000 0.7479810000 0.5168590000 1.0000000000
0.137255 0.9972850000 0.7407720000 0.5109830000 1.0000000000
0.141176 0.9973410000 0.7335450000 0.5051670000 1.0000000000
0.145098 0.9973510000 0.7263240000 0.4994280000 1.0000000000
0.149020 0.9973510000 0.7190890000 0.4937550000 1.0000000000
0.152941 0.9973250000 0.7118480000 0.4881540000 1.0000000000
0.156863 0.9972540000 0.7046110000 0.4826350000 1.0000000000
0.160784 0.9971860000 0.6973490000 0.4771820000 1.0000000000
0.164706 0.9970770000 0.6900880000 0.4718110000 1.0000000000
0.168627 0.9969250000 0.6828280000 0.4665260000 1.0000000000
0.172549 0.9967750000 0.6755410000 0.4613140000 1.0000000000
0.176471 0.9965800000 0.6682560000 0.4561920000 1.0000000000
0.180392 0.9963410000 0.6609690000 0.4511600000 1.0000000000
0.184314 0.9960960000 0.6536590000 0.4462130000 1.0000000000
0.188235 0.9958100000 0.6463440000 0.4413610000 1.0000000000
0.192157 0.9954800000 0.6390270000 0.4366070000 1.0000000000
0.196078 0.9951220000 0.6316960000 0.4319510000 1.0000000000
0.200000 0.9947380000 0.6243500000 0.4273970000 1.0000000000
0.203922 0.9943090000 0.6169990000 0.4229500000 1.0000000000
0.207843 0.9938340000 0.6096440000 0.4186130000 1.0000000000
0.211765 0.9933260000 0.6022750000 0.4143900000 1.0000000000
0.215686 0.9927850000 0.5948910000 0.4102830000 1.0000000000
0.219608 0.9921960000 0.5875020000 0.4062990000 1.0000000000
0.223529 0.9915580000 0.5801070000 0.4024410000 1.0000000000
0.227451 0.9908710000 0.5727060000 0.3987140000 1.0000000000
0.231373 0.9901380000 0.5652960000 0.3951220000 1.0000000000
0.235294 0.9893630000 0.5578730000 0.3916710000 1.0000000000
0.239216 0.9885330000 0.5504460000 0.3883650000 1.0000000000
0.243137 0.9876460000 0.5430150000 0.3852100000 1.0000000000
0.247059 0.9867000000 0.5355820000 0.3822100000 1.0000000000
0.250980 0.9856930000 0.5281480000 0.3793710000 1.0000000000
0.254902 0.9846220000 0.5207130000 0.3766980000 1.0000000000
0.258824 0.9834850000 0.5132800000 0.3741980000 1.0000000000
0.262745 0.9822790000 0.5058510000 0.3718740000 1.0000000000
0.266667 0.9810000000 0.4984280000 0.3697340000 1.0000000000
0.270588 0.9796450000 0.4910140000 0.3677830000 1.0000000000
0.274510 0.9782100000 0.4836120000 0.3660250000 1.0000000000
0.278431 0.9766900000 0.4762260000 0.3644660000 1.0000000000
0.282353 0.9750820000 0.4688610000 0.3631110000 1.0000000000
0.286275 0.9733810000 0.4615200000 0.3619650000 1.0000000000
0.290196 0.9715820000 0.4542100000 0.3610300000 1.0000000000
0.294118 0.9696800000 0.4469360000 0.3603110000 1.0000000000
0.298039 0.9676710000 0.4397030000 0.3598100000 1.0000000000
0.301961 0.9655490000 0.4325190000 0.3595290000 1.0000000000
0.305882 0.9633100000 0.4253900000 0.3594690000 1.0000000000
0.309804 0.9609490000 0.4183230000 0.3596300000 1.0000000000
0.313725 0.9584640000 0.4113240000 0.3600140000 1.0000000000
0.317647 0.9558490000 0.4044000000 0.3606190000 1.0000000000
0.321569 0.9530990000 0.3975630000 0.3614380000 1.0000000000
0.325490 0.9502100000 0.3908200000 0.3624680000 1.0000000000
0.329412 0.9471800000 0.3841780000 0.3637010000 1.0000000000
0.333333 0.9440060000 0.3776430000 0.3651360000 1.0000000000
0.337255 0.9406870000 0.3712240000 0.3667620000 1.0000000000
0.341176 0.9372210000 0.3649290000 0.3685670000 1.0000000000
0.345098 0.9336060000 0.3587640000 0.3705410000 1.0000000000
0.349020 0.9298450000 0.3527340000 0.3726770000 1.0000000000
0.352941 0.9259370000 0.3468440000 0.3749590000 1.0000000000
0.356863 0.9218840000 0.3410980000 0.3773760000 1.0000000000
0.360784 0.9176890000 0.3355000000 0.3799150000 1.0000000000
0.364706 0.9133540000 0.3300520000 0.3825630000 1.0000000000
0.368627 0.9088840000 0.3247550000 0.3853080000 1.0000000000
0.372549 0.9042810000 0.3196100000 0.3881370000 1.0000000000
0.376471 0.8995520000 0.3146160000 0.3910370000 1.0000000000
0.380392 0.8947000000 0.3097730000 0.3939950000 1.0000000000
0.384314 0.8897310000 0.3050790000 0.3970020000 1.0000000000
0.388235 0.8846510000 0.3005300000 0.4000470000 1.0000000000
0.392157 0.8794640000 0.2961250000 0.4031180000 1.0000000000
0.396078 0.8741760000 0.2918590000 0.4062050000 1.0000000000
0.400000 0.8687930000 0.2877280000 0.4093030000 1.0000000000
0.403922 0.8633200000 0.2837290000 0.4124030000 1.0000000000
0.407843 0.8577630000 0.2798570000 0.4154960000 1.0000000000
0.411765 0.8521260000 0.2761060000 0.4185730000 1.0000000000
0.415686 0.8464160000 0.2724730000 0.4216310000 1.0000000000
0.419608 0.8406360000 0.2689530000 0.4246660000 1.0000000000
0.423529 0.8347910000 0.2655400000 0.4276710000 1.0000000000
0.427451 0.8288860000 0.2622290000 0.4306440000 1.0000000000
0.431373 0.8229260000 0.2590160000 0.4335730000 1.0000000000
0.435294 0.8169140000 0.2558950000 0.4364610000 1.0000000000
0.439216 0.8108550000 0.2528610000 0.4393050000 1.0000000000
0.443137 0.8047520000 0.2499110000 0.4421020000 1.0000000000
0.447059 0.7986080000 0.2470400000 0.4448480000 1.0000000000
0.450980 0.7924270000 0.2442420000 0.4475430000 1.0000000000
0.454902 0.7862120000 0.2415140000 0.4501840000 1.0000000000
0.458824 0.7799680000 0.2388510000 0.4527650000 1.0000000000
0.462745 0.7736950000 0.2362490000 0.4552890000 1.0000000000
0.466667 0.7673980000 0.2337050000 0.4577550000 1.0000000000
0.470588 0.7610770000 0.2312140000 0.4601620000 1.0000000000
0.474510 0.7547370000 0.2287720000 0.4625090000 1.0000000000
0.478431 0.7483780000 0.2263770000 0.4647940000 1.0000000000
0.482353 0.7420040000 0.2240250000 0.4670180000 1.0000000000
0.486275 0.7356160000 0.2217130000 0.4691800000 1.0000000000
0.490196 0.7292160000 0.2194370000 0.4712790000 1.0000000000
0.494118 0.7228050000 0.2171940000 0.4733160000 1.0000000000
0.498039 0.7163870000 0.2149820000 0.4752900000 1.0000000000
0.501961 0.7099620000 0.2127970000 0.4772010000 1.0000000000
0.505882 0.7035320000 0.2106380000 0.4790490000 1.0000000000
0.509804 0.6970980000 0.2085010000 0.4808350000 1.0000000000
0.513725 0.6906610000 0.2063840000 0.4825580000 1.0000000000
0.517647 0.6842240000 0.2042860000 0.4842190000 1.0000000000
0.521569 0.6777860000 0.2022030000 0.4858190000 1.0000000000
0.525490 0.6713490000 0.2001330000 0.4873580000 1.0000000000
0.529412 0.6649150000 0.1980750000 0.4888360000 1.0000000000
0.533333 0.6584830000 0.1960270000 0.4902530000 1.0000000000
0.537255 0.6520560000 0.1939860000 0.4916110000 1.0000000000
0.541176 0.6456330000 0.1919520000 0.4929100000 1.0000000000
0.545098 0.6392160000 0.1899210000 0.4941500000 1.0000000000
0.549020 0.6328050000 0.1878930000 0.4953320000 1.0000000000
0.552941 0.6264010000 0.1858670000 0.4964560000 1.0000000000
0.556863 0.6200050000 0.1838400000 0.4975240000 1.0000000000
0.560784 0.6136170000 0.1818110000 0.4985360000 1.0000000000
0.564706 0.6072380000 0.1797790000 0.4994920000 1.0000000000
0.568627 0.6008680000 0.1777430000 0.5003940000 1.0000000000
0.572549 0.5945080000 0.1757010000 0.5012410000 1.0000000000
0.576471 0.5881580000 0.1736520000 0.5020350000 1.0000000000
0.580392 0.5818190000 0.1715960000 0.5027770000 1.0000000000
0.584314 0.5754900000 0.1695300000 0.5034660000 1.0000000000
0.588235 0.5691720000 0.1674540000 0.5041050000 1.0000000000
0.592157 0.5628660000 0.1653680000 0.5046920000 1.0000000000
0.596078 0.5565710000 0.1632690000 0.5052300000 1.0000000000
0.600000 0.5502870000 0.1611580000 0.5057190000 1.0000000000
0.603922 0.5440150000 0.1590330000 0.5061590000 1.0000000000
0.607843 0.5377550000 0.1568940000 0.5065510000 1.0000000000
0.611765 0.5315070000 0.1547390000 0.5068950000 1.0000000000
0.615686 0.5252700000 0.1525690000 0.5071920000 1.0000000000
0.619608 0.5190450000 0.1503830000 0.5074430000 1.0000000000
0.623529 0.5128310000 0.1481790000 0.5076480000 1.0000000000
0.627451 0.5066290000 0.1459580000 0.5078060000 1.0000000000
0.631373 0.5004380000 0.1437190000 0.5079200000 1.0000000000
0.635294 0.4942580000 0.1414620000 0.5079880000 1.0000000000
0.639216 0.4880880000 0.1391860000 0.5080110000 1.0000000000
0.643137 0.4819290000 0.1368910000 0.5079890000 1.0000000000
0.647059 0.4757800000 0.1345770000 0.5079210000 1.0000000000
0.650980 0.4696400000 0.1322450000 0.5078090000 1.0000000000
0.654902 0.4635080000 0.1298930000 0.5076520000 1.0000000000
0.658824 0.4573860000 0.1275220000 0.5074480000 1.0000000000
0.662745 0.4512710000 0.1251320000 0.5071980000 1.0000000000
0.666667 0.4451630000 0.1227240000 0.5069010000 1.0000000000
0.670588 0.4390620000 0.1202980000 0.5065550000 1.0000000000
0.674510 0.4329670000 0.1178550000 0.5061600000 1.0000000000
0.678431 0.4268770000 0.1153950000 0.5057140000 1.0000000000
0.682353 0.4207910000 0.1129200000 0.5052150000 1.0000000000
0.686275 0.4147090000 0.1104310000 0.5046620000 1.0000000000
0.690196 0.4086290000 0.1079300000 0.5040520000 1.0000000000
0.694118 0.4025480000 0.1054200000 0.5033860000 1.0000000000
0.698039 0.3964670000 0.1029020000 0.5026580000 1.0000000000
0.701961 0.3903840000 0.1003790000 0.5018640000 1.0000000000
0.705882 0.3842990000 0.0978550000 0.5010020000 1.0000000000
0.709804 0.3782110000 0.0953320000 0.5000670000 1.0000000000
0.713725 0.3721160000 0.0928160000 0.4990530000 1.0000000000
0.717647 0.3660120000 0.0903140000 0.4979600000 1.0000000000
0.721569 0.3598980000 0.0878310000 0.4967780000 1.0000000000
0.725490 0.3537730000 0.0853730000 0.4955010000 1.0000000000
0.729412 0.3476360000 0.0829460000 0.4941210000 1.0000000000
0.733333 0.3414820000 0.0805640000 0.4926310000 1.0000000000
0.737255 0.3353080000 0.0782360000 0.4910240000 1.0000000000
0.741176 0.3291140000 0.0759720000 0.4892870000 1.0000000000
0.745098 0.3228990000 0.0737820000 0.4874080000 1.0000000000
0.749020 0.3166540000 0.0716900000 0.4853800000 1.0000000000
0.752941 0.3103820000 0.0697020000 0.4831860000 1.0000000000
0.756863 0.3040810000 0.0678350000 0.4808120000 1.0000000000
0.760784 0.2977400000 0.0661170000 0.4782430000 1.0000000000
0.764706 0.2913660000 0.0645530000 0.4754620000 1.0000000000
0.768627 0.2849510000 0.0631680000 0.4724510000 1.0000000000
0.772549 0.2784930000 0.0619780000 0.4691900000 1.0000000000
0.776471 0.2719940000 0.0609940000 0.4656600000 1.0000000000
0.780392 0.2654470000 0.0602370000 0.4618400000 1.0000000000
0.784314 0.2588570000 0.0597060000 0.4577100000 1.0000000000
0.788235 0.2522200000 0.0594150000 0.4532480000 1.0000000000
0.792157 0.2455430000 0.0593520000 0.4484360000 1.0000000000
0.796078 0.2388260000 0.0595170000 0.4432560000 1.0000000000
0.800000 0.2320770000 0.0598890000 0.4376950000 1.0000000000
0.803922 0.2253020000 0.0604450000 0.4317420000 1.0000000000
0.807843 0.2185120000 0.0611580000 0.4253920000 1.0000000000
0.811765 0.2117180000 0.0619920000 0.4186470000 1.0000000000
0.815686 0.2049350000 0.0629070000 0.4115140000 1.0000000000
0.819608 0.1981770000 0.0638620000 0.4040090000 1.0000000000
0.823529 0.1914600000 0.0648180000 0.3961520000 1.0000000000
0.827451 0.1848010000 0.0657320000 0.3879730000 1.0000000000
0.831373 0.1782120000 0.0665760000 0.3794970000 1.0000000000
0.835294 0.1717130000 0.0673050000 0.3707710000 1.0000000000
0.839216 0.1653080000 0.0679110000 0.3618160000 1.0000000000
0.843137 0.1590180000 0.0683540000 0.3526880000 1.0000000000
0.847059 0.1528390000 0.0686370000 0.3434040000 1.0000000000
0.850980 0.1467850000 0.0687380000 0.3340110000 1.0000000000
0.854902 0.1408580000 0.0686540000 0.3245380000 1.0000000000
0.858824 0.1350530000 0.0683910000 0.3150000000 1.0000000000
0.862745 0.1293800000 0.0679350000 0.3054430000 1.0000000000
0.866667 0.1238330000 0.0672950000 0.2958790000 1.0000000000
0.870588 0.1184050000 0.0664790000 0.2863210000 1.0000000000
0.874510 0.1130940000 0.0654920000 0.2767840000 1.0000000000
0.878431 0.1078990000 0.0643350000 0.2672890000 1.0000000000
0.882353 0.1028150000 0.0630100000 0.2578540000 1.0000000000
0.886275 0.0978330000 0.0615310000 0.2484770000 1.0000000000
0.890196 0.0929490000 0.0599040000 0.2391640000 1.0000000000
0.894118 0.0881550000 0.0581330000 0.2299220000 1.0000000000
0.898039 0.0834460000 0.0562250000 0.2207550000 1.0000000000
0.901961 0.0788150000 0.0541840000 0.2116670000 1.0000000000
0.905882 0.0742570000 0.0520170000 0.2026600000 1.0000000000
0.909804 0.0697640000 0.0497260000 0.1937350000 1.0000000000
0.913725 0.0653300000 0.0473180000 0.1848920000 1.0000000000
0.917647 0.0609490000 0.0447940000 0.1761290000 1.0000000000
0.921569 0.0566150000 0.0421600000 0.1674460000 1.0000000000
0.925490 0.0523200000 0.0394070000 0.1588410000 1.0000000000
0.929412 0.0480620000 0.0366070000 0.1503270000 1.0000000000
0.933333 0.0438300000 0.0338300000 0.1418860000 1.0000000000
0.937255 0.0396080000 0.0310900000 0.1335150000 1.0000000000
0.941176 0.0355200000 0.0283970000 0.1252090000 1.0000000000
0.945098 0.0316960000 0.0257650000 0.1169650000 1.0000000000
0.949020 0.0281230000 0.0232010000 0.1087870000 1.0000000000
0.952941 0.0247920000 0.0207150000 0.1006760000 1.0000000000
0.956863 0.0216920000 0.0183200000 0.0926100000 1.0000000000
0.960784 0.0188150000 0.0160260000 0.0845840000 1.0000000000
0.964706 0.0161560000 0.0138400000 0.0766030000 1.0000000000
0.968627 0.0137080000 0.0117710000 0.0686670000 1.0000000000
0.972549 0.0114650000 0.0098280000 0.0607500000 1.0000000000
0.976471 0.0094260000 0.0080220000 0.0528440000 1.0000000000
0.980392 0.0075880000 0.0063560000 0.0449730000 1.0000000000
0.984314 0.0059500000 0.0048430000 0.0371300000 1.0000000000
0.988235 0.0045120000 0.0034900000 0.0299650000 1.0000000000
0.992157 0.0032790000 0.0023050000 0.0237080000 1.0000000000
0.996078 0.0022580000 0.0012950000 0.0183310000 1.0000000000
1.000000 0.0014620000 0.0004660000 0.0138660000 1.0000000000
