0.000000 0.5041100000 0.9070800000 0.9997800000 1.0000000000
0.003922 0.5014400000 0.8990100000 0.9951200000 1.0000000000
0.007843 0.4987700000 0.8909600000 0.9904700000 1.0000000000
0.011765 0.4960700000 0.8829400000 0.9858100000 1.0000000000
0.015686 0.4933900000 0.8749500000 0.9811600000 1.0000000000
0.019608 0.4907100000 0.8669900000 0.9765100000 1.0000000000
0.023529 0.4880100000 0.8590600000 0.9718600000 1.0000000000
0.027451 0.4853000000 0.8511700000 0.9672200000 1.0000000000
0.031373 0.4826100000 0.8433100000 0.9625900000 1.0000000000
0.035294 0.4799200000 0.8354900000 0.9579600000 1.0000000000
0.039216 0.4772100000 0.8277000000 0.9533400000 1.0000000000
0.043137 0.4745300000 0.8199500000 0.9487200000 1.0000000000
0.047059 0.4718300000 0.8122400000 0.9441200000 1.0000000000
0.050980 0.4691400000 0.8045800000 0.9395200000 1.0000000000
0.054902 0.4664500000 0.7969400000 0.9349400000 1.0000000000
0.058824 0.4637700000 0.7893600000 0.9303600000 1.0000000000
0.062745 0.4610900000 0.7818100000 0.9258000000 1.0000000000
0.066667 0.4584100000 0.7742900000 0.9212400000 1.0000000000
0.070588 0.4557400000 0.7668200000 0.9167000000 1.0000000000
0.074510 0.4530800000 0.7593900000 0.9121600000 1.0000000000
0.078431 0.4504200000 0.7520000000 0.9076300000 1.0000000000
0.082353 0.4477600000 0.7446400000 0.9031000000 1.0000000000
0.086275 0.4451200000 0.7373200000 0.8985800000 1.0000000000
0.090196 0.4424800000 0.7300400000 0.8940700000 1.0000000000
0.094118 0.4398300000 0.7227800000 0.8895600000 1.0000000000
0.098039 0.4372000000 0.7155700000 0.8850600000 1.0000000000
0.101961 0.4345700000 0.7083900000 0.8805600000 1.0000000000
0.105882 0.4319500000 0.7012300000 0.8760600000 1.0000000000
0.109804 0.4293200000 0.6941100000 0.8715600000 1.0000000000
0.113725 0.4267100000 0.6870200000 0.8670500000 1.0000000000
0.117647 0.4241000000 0.6799600000 0.8625600000 1.0000000000
0.121569 0.4214900000 0.6729400000 0.8580500000 1.0000000000
0.125490 0.4189000000 0.6659300000 0.8535400000 1.0000000000
0.129412 0.4163100000 0.6589600000 0.8490300000 1.0000000000
0.133333 0.4137200000 0.6520200000 0.8445100000 1.0000000000
0.137255 0.4111400000 0.6451000000 0.8399900000 1.0000000000
0.141176 0.4085600000 0.6382200000 0.8354600000 1.0000000000
0.145098 0.4060000000 0.6313700000 0.8309200000 1.0000000000
0.149020 0.4034400000 0.6245400000 0.8263700000 1.0000000000
0.152941 0.4009000000 0.6177400000 0.8218200000 1.0000000000
0.156863 0.3983500000 0.6109900000 0.8172500000 1.0000000000
0.160784 0.3958200000 0.6042600000 0.8126800000 1.0000000000
0.164706 0.3932900000 0.5975500000 0.8081000000 1.0000000000
0.168627 0.3907800000 0.5908800000 0.8035000000 1.0000000000
0.172549 0.3882800000 0.5842600000 0.7989000000 1.0000000000
0.176471 0.3857900000 0.5776600000 0.7942900000 1.0000000000
0.180392 0.3833300000 0.5711000000 0.7896600000 1.0000000000
0.184314 0.3808700000 0.5645800000 0.7850300000 1.0000000000
0.188235 0.3784200000 0.5580900000 0.7803700000 1.0000000000
0.192157 0.3760000000 0.5516600000 0.7757100000 1.0000000000
0.196078 0.3735900000 0.5452500000 0.7710300000 1.0000000000
0.200000 0.3711900000 0.5388900000 0.7663300000 1.0000000000
0.203922 0.3688400000 0.5325600000 0.7616200000 1.0000000000
0.207843 0.3664900000 0.5262700000 0.7568900000 1.0000000000
0.211765 0.3641400000 0.5200100000 0.7521300000 1.0000000000
0.215686 0.3618500000 0.5138100000 0.7473600000 1.0000000000
0.219608 0.3595500000 0.5076300000 0.7425600000 1.0000000000
0.223529 0.3573000000 0.5014900000 0.7377300000 1.0000000000
0.227451 0.3550600000 0.4953700000 0.7328800000 1.0000000000
0.231373 0.3528300000 0.4892800000 0.7279800000 1.0000000000
0.235294 0.3506400000 0.4832300000 0.7230500000 1.0000000000
0.239216 0.3484700000 0.4772000000 0.7180800000 1.0000000000
0.243137 0.3463100000 0.4712000000 0.7130600000 1.0000000000
0.247059 0.3441900000 0.4652000000 0.7079900000 1.0000000000
0.250980 0.3421000000 0.4592300000 0.7028800000 1.0000000000
0.254902 0.3400300000 0.4532700000 0.6976900000 1.0000000000
0.258824 0.3379800000 0.4473100000 0.6924600000 1.0000000000
0.262745 0.3359600000 0.4413700000 0.6871500000 1.0000000000
0.266667 0.3339800000 0.4354400000 0.6817600000 1.0000000000
0.270588 0.3320100000 0.4295000000 0.6763200000 1.0000000000
0.274510 0.3300800000 0.4235500000 0.6707900000 1.0000000000
0.278431 0.3281700000 0.4176300000 0.6651700000 1.0000000000
0.282353 0.3263000000 0.4116800000 0.6594800000 1.0000000000
0.286275 0.3244600000 0.4057500000 0.6537000000 1.0000000000
0.290196 0.3226800000 0.3997900000 0.6478300000 1.0000000000
0.294118 0.3209200000 0.3938500000 0.6418800000 1.0000000000
0.298039 0.3192000000 0.3879000000 0.6358300000 1.0000000000
0.301961 0.3175200000 0.3819500000 0.6296900000 1.0000000000
0.305882 0.3159000000 0.3760000000 0.6234700000 1.0000000000
0.309804 0.3143100000 0.3700500000 0.6171500000 1.0000000000
0.313725 0.3127700000 0.3641000000 0.6107300000 1.0000000000
0.317647 0.3113000000 0.3581700000 0.6042300000 1.0000000000
0.321569 0.3098900000 0.3522400000 0.5976300000 1.0000000000
0.325490 0.3085300000 0.3463100000 0.5909500000 1.0000000000
0.329412 0.3072200000 0.3404200000 0.5841800000 1.0000000000
0.333333 0.3060100000 0.3345400000 0.5773300000 1.0000000000
0.337255 0.3048300000 0.3286600000 0.5704000000 1.0000000000
0.341176 0.3037300000 0.3228300000 0.5633900000 1.0000000000
0.345098 0.3027100000 0.3170000000 0.5563000000 1.0000000000
0.349020 0.3017600000 0.3112200000 0.5491500000 1.0000000000
0.352941 0.3009000000 0.3054800000 0.5419100000 1.0000000000
0.356863 0.3001200000 0.2997600000 0.5346300000 1.0000000000
0.360784 0.2994300000 0.2940800000 0.5272800000 1.0000000000
0.364706 0.2988100000 0.2884700000 0.5198700000 1.0000000000
0.368627 0.2982800000 0.2829200000 0.5124200000 1.0000000000
0.372549 0.2978400000 0.2774100000 0.5049300000 1.0000000000
0.376471 0.2975000000 0.2719400000 0.4974000000 1.0000000000
0.380392 0.2972600000 0.2665800000 0.4898300000 1.0000000000
0.384314 0.2971000000 0.2612700000 0.4822500000 1.0000000000
0.388235 0.2970400000 0.2560300000 0.4746500000 1.0000000000
0.392157 0.2970800000 0.2509000000 0.4670300000 1.0000000000
0.396078 0.2972100000 0.2458200000 0.4594100000 1.0000000000
0.400000 0.2974500000 0.2408500000 0.4517900000 1.0000000000
0.403922 0.2977800000 0.2359900000 0.4441900000 1.0000000000
0.407843 0.2982200000 0.2312200000 0.4366000000 1.0000000000
0.411765 0.2987800000 0.2265600000 0.4290400000 1.0000000000
0.415686 0.2994400000 0.2219800000 0.4215100000 1.0000000000
0.419608 0.3001900000 0.2175600000 0.4140400000 1.0000000000
0.423529 0.3010600000 0.2132300000 0.4066100000 1.0000000000
0.427451 0.3020400000 0.2090500000 0.3992400000 1.0000000000
0.431373 0.3031400000 0.2050000000 0.3919500000 1.0000000000
0.435294 0.3043500000 0.2010600000 0.3847300000 1.0000000000
0.439216 0.3057000000 0.1973200000 0.3776000000 1.0000000000
0.443137 0.3071200000 0.1937000000 0.3705600000 1.0000000000
0.447059 0.3087000000 0.1902100000 0.3636300000 1.0000000000
0.450980 0.3103800000 0.1869000000 0.3568200000 1.0000000000
0.454902 0.3121600000 0.1837300000 0.3501100000 1.0000000000
0.458824 0.3141000000 0.1807400000 0.3435400000 1.0000000000
0.462745 0.3161600000 0.1779700000 0.3371000000 1.0000000000
0.466667 0.3183400000 0.1753000000 0.3307900000 1.0000000000
0.470588 0.3206600000 0.1728300000 0.3246500000 1.0000000000
0.474510 0.3231000000 0.1705600000 0.3186700000 1.0000000000
0.478431 0.3256500000 0.1684700000 0.3128400000 1.0000000000
0.482353 0.3283700000 0.1665800000 0.3071900000 1.0000000000
0.486275 0.3312100000 0.1648600000 0.3017000000 1.0000000000
0.490196 0.3342000000 0.1633800000 0.2964200000 1.0000000000
0.494118 0.3373100000 0.1620700000 0.2913100000 1.0000000000
0.498039 0.3405600000 0.1609400000 0.2863600000 1.0000000000
0.501961 0.3439400000 0.1599900000 0.2816400000 1.0000000000
0.505882 0.3474800000 0.1593100000 0.2771100000 1.0000000000
0.509804 0.3511400000 0.1588200000 0.2727600000 1.0000000000
0.513725 0.3549400000 0.1585300000 0.2686200000 1.0000000000
0.517647 0.3588500000 0.1584300000 0.2646600000 1.0000000000
0.521569 0.3629200000 0.1585300000 0.2609200000 1.0000000000
0.525490 0.3671100000 0.1588300000 0.2573800000 1.0000000000
0.529412 0.3714300000 0.1593200000 0.2540300000 1.0000000000
0.533333 0.3758900000 0.1600000000 0.2508700000 1.0000000000
0.537255 0.3804600000 0.1609300000 0.2479200000 1.0000000000
0.541176 0.3851500000 0.1620300000 0.2451200000 1.0000000000
0.545098 0.3899600000 0.1633100000 0.2425400000 1.0000000000
0.549020 0.3948900000 0.1647500000 0.2401400000 1.0000000000
0.552941 0.3999200000 0.1664000000 0.2379400000 1.0000000000
0.556863 0.4050700000 0.1682200000 0.2359000000 1.0000000000
0.560784 0.4103300000 0.1702300000 0.2340100000 1.0000000000
0.564706 0.4156700000 0.1723800000 0.2323200000 1.0000000000
0.568627 0.4211100000 0.1747400000 0.2307700000 1.0000000000
0.572549 0.4266500000 0.1772300000 0.2293800000 1.0000000000
0.576471 0.4322900000 0.1798700000 0.2281700000 1.0000000000
0.580392 0.4379900000 0.1826600000 0.2270800000 1.0000000000
0.584314 0.4437700000 0.1856600000 0.2261600000 1.0000000000
0.588235 0.4496200000 0.1887300000 0.2253400000 1.0000000000
0.592157 0.4555400000 0.1919500000 0.2246500000 1.0000000000
0.596078 0.4615200000 0.1953200000 0.2241300000 1.0000000000
0.600000 0.4675600000 0.1988000000 0.2237300000 1.0000000000
0.603922 0.4736400000 0.2024200000 0.2234500000 1.0000000000
0.607843 0.4797900000 0.2061800000 0.2232800000 1.0000000000
0.611765 0.4859500000 0.2100000000 0.2232100000 1.0000000000
0.615686 0.4921700000 0.2139700000 0.2232500000 1.0000000000
0.619608 0.4984100000 0.2180200000 0.2233900000 1.0000000000
0.623529 0.5046700000 0.2221700000 0.2236300000 1.0000000000
0.627451 0.5109400000 0.2264300000 0.2239500000 1.0000000000
0.631373 0.5172400000 0.2307600000 0.2243600000 1.0000000000
0.635294 0.5235400000 0.2352000000 0.2248700000 1.0000000000
0.639216 0.5298400000 0.2396800000 0.2254800000 1.0000000000
0.643137 0.5361400000 0.2442400000 0.2261600000 1.0000000000
0.647059 0.5424300000 0.2489100000 0.2268900000 1.0000000000
0.650980 0.5487100000 0.2536100000 0.2276900000 1.0000000000
0.654902 0.5549600000 0.2583700000 0.2285700000 1.0000000000
0.658824 0.5612000000 0.2632100000 0.2294800000 1.0000000000
0.662745 0.5674100000 0.2680800000 0.2304700000 1.0000000000
0.666667 0.5735900000 0.2730200000 0.2315500000 1.0000000000
0.670588 0.5797400000 0.2779900000 0.2326300000 1.0000000000
0.674510 0.5858500000 0.2830200000 0.2337700000 1.0000000000
0.678431 0.5919100000 0.2880500000 0.2350000000 1.0000000000
0.682353 0.5979300000 0.2931400000 0.2362300000 1.0000000000
0.686275 0.6039100000 0.2982600000 0.2375200000 1.0000000000
0.690196 0.6098300000 0.3034100000 0.2388100000 1.0000000000
0.694118 0.6157000000 0.3086000000 0.2401700000 1.0000000000
0.698039 0.6215200000 0.3138000000 0.2415700000 1.0000000000
0.701961 0.6272900000 0.3190100000 0.2429800000 1.0000000000
0.705882 0.6330000000 0.3242500000 0.2444200000 1.0000000000
0.709804 0.6386600000 0.3295300000 0.2459000000 1.0000000000
0.713725 0.6442500000 0.3348000000 0.2474200000 1.0000000000
0.717647 0.6498000000 0.3400900000 0.2489500000 1.0000000000
0.721569 0.6552800000 0.3453900000 0.2504900000 1.0000000000
0.725490 0.6607100000 0.3507300000 0.2520800000 1.0000000000
0.729412 0.6661000000 0.3560700000 0.2536700000 1.0000000000
0.733333 0.6714300000 0.3614200000 0.2552900000 1.0000000000
0.737255 0.6767100000 0.3668000000 0.2569200000 1.0000000000
0.741176 0.6819300000 0.3721900000 0.2585700000 1.0000000000
0.745098 0.6871200000 0.3776100000 0.2602500000 1.0000000000
0.749020 0.6922700000 0.3830600000 0.2619400000 1.0000000000
0.752941 0.6973700000 0.3885200000 0.2636700000 1.0000000000
0.756863 0.7024400000 0.3940100000 0.2653800000 1.0000000000
0.760784 0.7074700000 0.3995200000 0.2671200000 1.0000000000
0.764706 0.7124700000 0.4050800000 0.2689100000 1.0000000000
0.768627 0.7174600000 0.4106700000 0.2706900000 1.0000000000
0.772549 0.7223900000 0.4162800000 0.2724700000 1.0000000000
0.776471 0.7273200000 0.4219200000 0.2743000000 1.0000000000
0.780392 0.7322300000 0.4276200000 0.2761600000 1.0000000000
0.784314 0.7371100000 0.4333300000 0.2780100000 1.0000000000
0.788235 0.7419700000 0.4391000000 0.2798800000 1.0000000000
0.792157 0.7468200000 0.4449100000 0.2817800000 1.0000000000
0.796078 0.7516600000 0.4507500000 0.2836900000 1.0000000000
0.800000 0.7564700000 0.4566300000 0.2856100000 1.0000000000
0.803922 0.7612800000 0.4625500000 0.2875600000 1.0000000000
0.807843 0.7660800000 0.4685300000 0.2895400000 1.0000000000
0.811765 0.7708600000 0.4745400000 0.2915300000 1.0000000000
0.815686 0.7756400000 0.4805800000 0.2935100000 1.0000000000
0.819608 0.7804000000 0.4866800000 0.2955300000 1.0000000000
0.823529 0.7851600000 0.4928000000 0.2975700000 1.0000000000
0.827451 0.7899100000 0.4989800000 0.2996200000 1.0000000000
0.831373 0.7946600000 0.5051900000 0.3016700000 1.0000000000
0.835294 0.7994000000 0.5114500000 0.3037500000 1.0000000000
0.839216 0.8041300000 0.5177500000 0.3058700000 1.0000000000
0.843137 0.8088600000 0.5240800000 0.3079600000 1.0000000000
0.847059 0.8135700000 0.5304600000 0.3101000000 1.0000000000
0.850980 0.8182900000 0.5368800000 0.3122200000 1.0000000000
0.854902 0.8230100000 0.5433300000 0.3143800000 1.0000000000
0.858824 0.8277200000 0.5498300000 0.3165600000 1.0000000000
0.862745 0.8324300000 0.5563500000 0.3187400000 1.0000000000
0.866667 0.8371400000 0.5629400000 0.3209400000 1.0000000000
0.870588 0.8418500000 0.5695400000 0.3231500000 1.0000000000
0.874510 0.8465500000 0.5762100000 0.3253600000 1.0000000000
0.878431 0.8512500000 0.5829000000 0.3276000000 1.0000000000
0.882353 0.8559700000 0.5896300000 0.3298700000 1.0000000000
0.886275 0.8606700000 0.5964100000 0.3321300000 1.0000000000
0.890196 0.8653800000 0.6032300000 0.3344200000 1.0000000000
0.894118 0.8700900000 0.6100900000 0.3367000000 1.0000000000
0.898039 0.8748100000 0.6170000000 0.3390200000 1.0000000000
0.901961 0.8795300000 0.6239500000 0.3413400000 1.0000000000
0.905882 0.8842600000 0.6309300000 0.3436700000 1.0000000000
0.909804 0.8889900000 0.6379600000 0.3460100000 1.0000000000
0.913725 0.8937200000 0.6450300000 0.3483900000 1.0000000000
0.917647 0.8984600000 0.6521600000 0.3507800000 1.0000000000
0.921569 0.9032100000 0.6593200000 0.3531600000 1.0000000000
0.925490 0.9079700000 0.6665300000 0.3555800000 1.0000000000
0.929412 0.9127300000 0.6737900000 0.3580000000 1.0000000000
0.933333 0.9175000000 0.6810900000 0.3604200000 1.0000000000
0.937255 0.9222800000 0.6884500000 0.3628900000 1.0000000000
0.941176 0.9270600000 0.6958500000 0.3653600000 1.0000000000
0.945098 0.9318600000 0.7033000000 0.3678400000 1.0000000000
0.949020 0.9366700000 0.7108000000 0.3703400000 1.0000000000
0.952941 0.9414900000 0.7183500000 0.3728600000 1.0000000000
0.956863 0.9463100000 0.7259500000 0.3753900000 1.0000000000
0.960784 0.9511600000 0.7336000000 0.3779500000 1.0000000000
0.964706 0.9560100000 0.7412900000 0.3805200000 1.0000000000
0.968627 0.9608700000 0.7490400000 0.3831000000 1.0000000000
0.972549 0.9657300000 0.7568400000 0.3856800000 1.0000000000
0.976471 0.9706200000 0.7646800000 0.3883000000 1.0000000000
0.980392 0.9755100000 0.7725700000 0.3909300000 1.0000000000
0.984314 0.9804100000 0.7805000000 0.3935600000 1.0000000000
0.988235 0.9853200000 0.7884800000 0.3962200000 1.0000000000
0.992157 0.9902400000 0.7964900000 0.3988800000 1.0000000000
0.996078 0.9951600000 0.8045500000 0.4015500000 1.0000000000
1.000000 1.0000000000 0.8126300000 0.4042400000 1.0000000000
