0.000000 0.8000000000 0.8000000000 0.8000000000 1.0000000000
0.003922 0.8000000000 0.7372549020 0.7372549020 1.0000000000
0.007843 0.8000000000 0.6745098039 0.6745098039 1.0000000000
0.011765 0.8000000000 0.6117647059 0.6117647059 1.0000000000
0.015686 0.8000000000 0.5490196078 0.5490196078 1.0000000000
0.019608 0.8000000000 0.4862745098 0.4862745098 1.0000000000
0.023529 0.8000000000 0.4235294118 0.4235294118 1.0000000000
0.027451 0.8000000000 0.3607843137 0.3607843137 1.0000000000
0.031373 0.8000000000 0.2980392157 0.2980392157 1.0000000000
0.035294 0.8000000000 0.2352941176 0.2352941176 1.0000000000
0.039216 0.8000000000 0.1725490196 0.1725490196 1.0000000000
0.043137 0.8000000000 0.1098039216 0.1098039216 1.0000000000
0.047059 0.8000000000 0.0470588235 0.0470588235 1.0000000000
0.050980 0.8013078431 0.0000000000 0.0000000000 1.0000000000
0.054902 0.8065392157 0.0000000000 0.0000000000 1.0000000000
0.058824 0.8117705882 0.0000000000 0.0000000000 1.0000000000
0.062745 0.8170019608 0.0000000000 0.0000000000 1.0000000000
0.066667 0.8222333333 0.0000000000 0.0000000000 1.0000000000
0.070588 0.8274647059 0.0000000000 0.0000000000 1.0000000000
0.074510 0.8326960784 0.0000000000 0.0000000000 1.0000000000
0.078431 0.8379274510 0.0000000000 0.0000000000 1.0000000000
0.082353 0.8431588235 0.0000000000 0.0000000000 1.0000000000
0.086275 0.8483901961 0.0000000000 0.0000000000 1.0000000000
0.090196 0.8536215686 0.0000000000 0.0000000000 1.0000000000
0.094118 0.8588529412 0.0000000000 0.0000000000 1.0000000000
0.098039 0.8640843137 0.0000000000 0.0000000000 1.0000000000
0.101961 0.8719274510 0.0000000000 0.0000000000 1.0000000000
0.105882 0.8823823529 0.0000000000 0.0000000000 1.0000000000
0.109804 0.8928372549 0.0000000000 0.0000000000 1.0000000000
0.113725 0.9032921569 0.0000000000 0.0000000000 1.0000000000
0.117647 0.9137470588 0.0000000000 0.0000000000 1.0000000000
0.121569 0.9242019608 0.0000000000 0.0000000000 1.0000000000
0.125490 0.9346568627 0.0000000000 0.0000000000 1.0000000000
0.129412 0.9451117647 0.0000000000 0.0000000000 1.0000000000
0.133333 0.9555666667 0.0000000000 0.0000000000 1.0000000000
0.137255 0.9660215686 0.0000000000 0.0000000000 1.0000000000
0.141176 0.9764764706 0.0000000000 0.0000000000 1.0000000000
0.145098 0.9869313725 0.0000000000 0.0000000000 1.0000000000
0.149020 0.9973862745 0.0000000000 0.0000000000 1.0000000000
0.152941 1.0000000000 0.0352941176 0.0000000000 1.0000000000
0.156863 1.0000000000 0.0823529412 0.0000000000 1.0000000000
0.160784 1.0000000000 0.1294117647 0.0000000000 1.0000000000
0.164706 1.0000000000 0.1764705882 0.0000000000 1.0000000000
0.168627 1.0000000000 0.2235294118 0.0000000000 1.0000000000
0.172549 1.0000000000 0.2705882353 0.0000000000 1.0000000000
0.176471 1.0000000000 0.3176470588 0.0000000000 1.0000000000
0.180392 1.0000000000 0.3647058824 0.0000000000 1.0000000000
0.184314 1.0000000000 0.4117647059 0.0000000000 1.0000000000
0.188235 1.0000000000 0.4588235294 0.0000000000 1.0000000000
0.192157 1.0000000000 0.5058823529 0.0000000000 1.0000000000
0.196078 1.0000000000 0.5529411765 0.0000000000 1.0000000000
0.200000 1.0000000000 0.6000000000 0.0000000000 1.0000000000
0.203922 1.0000000000 0.6156862745 0.0000000000 1.0000000000
0.207843 1.0000000000 0.6313725490 0.0000000000 1.0000000000
0.211765 1.0000000000 0.6470588235 0.0000000000 1.0000000000
0.215686 1.0000000000 0.6627450980 0.0000000000 1.0000000000
0.219608 1.0000000000 0.6784313725 0.0000000000 1.0000000000
0.223529 1.0000000000 0.6941176471 0.0000000000 1.0000000000
0.227451 1.0000000000 0.7098039216 0.0000000000 1.0000000000
0.231373 1.0000000000 0.7254901961 0.0000000000 1.0000000000
0.235294 1.0000000000 0.7411764706 0.0000000000 1.0000000000
0.239216 1.0000000000 0.7568627451 0.0000000000 1.0000000000
0.243137 1.0000000000 0.7725490196 0.0000000000 1.0000000000
0.247059 1.0000000000 0.7882352941 0.0000000000 1.0000000000
0.250980 0.9986921569 0.8026137255 0.0000000000 1.0000000000
0.254902 0.9934607843 0.8130686275 0.0000000000 1.0000000000
0.258824 0.9882294118 0.8235235294 0.0000000000 1.0000000000
0.262745 0.9829980392 0.8339784314 0.0000000000 1.0000000000
0.266667 0.9777666667 0.8444333333 0.0000000000 1.0000000000
0.270588 0.9725352941 0.8548882353 0.0000000000 1.0000000000
0.274510 0.9673039216 0.8653431373 0.0000000000 1.0000000000
0.278431 0.9620725490 0.8757980392 0.0000000000 1.0000000000
0.282353 0.9568411765 0.8862529412 0.0000000000 1.0000000000
0.286275 0.9516098039 0.8967078431 0.0000000000 1.0000000000
0.290196 0.9463784314 0.9071627451 0.0000000000 1.0000000000
0.294118 0.9411470588 0.9176176471 0.0000000000 1.0000000000
0.298039 0.9359156863 0.9280725490 0.0000000000 1.0000000000
0.301961 0.9254568627 0.9359156863 0.0000000000 1.0000000000
0.305882 0.9097705882 0.9411470588 0.0000000000 1.0000000000
0.309804 0.8940843137 0.9463784314 0.0000000000 1.0000000000
0.313725 0.8783980392 0.9516098039 0.0000000000 1.0000000000
0.317647 0.8627117647 0.9568411765 0.0000000000 1.0000000000
0.321569 0.8470254902 0.9620725490 0.0000000000 1.0000000000
0.325490 0.8313392157 0.9673039216 0.0000000000 1.0000000000
0.329412 0.8156529412 0.9725352941 0.0000000000 1.0000000000
0.333333 0.7999666667 0.9777666667 0.0000000000 1.0000000000
0.337255 0.7842803922 0.9829980392 0.0000000000 1.0000000000
0.341176 0.7685941176 0.9882294118 0.0000000000 1.0000000000
0.345098 0.7529078431 0.9934607843 0.0000000000 1.0000000000
0.349020 0.7372215686 0.9986921569 0.0000000000 1.0000000000
0.352941 0.6901647059 1.0000000000 0.0000000000 1.0000000000
0.356863 0.6326509804 1.0000000000 0.0000000000 1.0000000000
0.360784 0.5751372549 1.0000000000 0.0000000000 1.0000000000
0.364706 0.5176235294 1.0000000000 0.0000000000 1.0000000000
0.368627 0.4601098039 1.0000000000 0.0000000000 1.0000000000
0.372549 0.4025960784 1.0000000000 0.0000000000 1.0000000000
0.376471 0.3450823529 1.0000000000 0.0000000000 1.0000000000
0.380392 0.2875686275 1.0000000000 0.0000000000 1.0000000000
0.384314 0.2300549020 1.0000000000 0.0000000000 1.0000000000
0.388235 0.1725411765 1.0000000000 0.0000000000 1.0000000000
0.392157 0.1150274510 1.0000000000 0.0000000000 1.0000000000
0.396078 0.0575137255 1.0000000000 0.0000000000 1.0000000000
0.400000 0.0000000000 1.0000000000 0.0000000000 1.0000000000
0.403922 0.0000000000 0.9895450980 0.0000000000 1.0000000000
0.407843 0.0000000000 0.9790901961 0.0000000000 1.0000000000
0.411765 0.0000000000 0.9686352941 0.0000000000 1.0000000000
0.415686 0.0000000000 0.9581803922 0.0000000000 1.0000000000
0.419608 0.0000000000 0.9477254902 0.0000000000 1.0000000000
0.423529 0.0000000000 0.9372705882 0.0000000000 1.0000000000
0.427451 0.0000000000 0.9268156863 0.0000000000 1.0000000000
0.431373 0.0000000000 0.9163607843 0.0000000000 1.0000000000
0.435294 0.0000000000 0.9059058824 0.0000000000 1.0000000000
0.439216 0.0000000000 0.8954509804 0.0000000000 1.0000000000
0.443137 0.0000000000 0.8849960784 0.0000000000 1.0000000000
0.447059 0.0000000000 0.8745411765 0.0000000000 1.0000000000
0.450980 0.0000000000 0.8640843137 0.0000000000 1.0000000000
0.454902 0.0000000000 0.8536215686 0.0000000000 1.0000000000
0.458824 0.0000000000 0.8431588235 0.0000000000 1.0000000000
0.462745 0.0000000000 0.8326960784 0.0000000000 1.0000000000
0.466667 0.0000000000 0.8222333333 0.0000000000 1.0000000000
0.470588 0.0000000000 0.8117705882 0.0000000000 1.0000000000
0.474510 0.0000000000 0.8013078431 0.0000000000 1.0000000000
0.478431 0.0000000000 0.7908450980 0.0000000000 1.0000000000
0.482353 0.0000000000 0.7803823529 0.0000000000 1.0000000000
0.486275 0.0000000000 0.7699196078 0.0000000000 1.0000000000
0.490196 0.0000000000 0.7594568627 0.0000000000 1.0000000000
0.494118 0.0000000000 0.7489941176 0.0000000000 1.0000000000
0.498039 0.0000000000 0.7385313725 0.0000000000 1.0000000000
0.501961 0.0000000000 0.7280725490 0.0000000000 1.0000000000
0.505882 0.0000000000 0.7176176471 0.0000000000 1.0000000000
0.509804 0.0000000000 0.7071627451 0.0000000000 1.0000000000
0.513725 0.0000000000 0.6967078431 0.0000000000 1.0000000000
0.517647 0.0000000000 0.6862529412 0.0000000000 1.0000000000
0.521569 0.0000000000 0.6757980392 0.0000000000 1.0000000000
0.525490 0.0000000000 0.6653431373 0.0000000000 1.0000000000
0.529412 0.0000000000 0.6548882353 0.0000000000 1.0000000000
0.533333 0.0000000000 0.6444333333 0.0000000000 1.0000000000
0.537255 0.0000000000 0.6339784314 0.0000000000 1.0000000000
0.541176 0.0000000000 0.6235235294 0.0000000000 1.0000000000
0.545098 0.0000000000 0.6130686275 0.0000000000 1.0000000000
0.549020 0.0000000000 0.6026137255 0.0000000000 1.0000000000
0.552941 0.0000000000 0.6039235294 0.0313705882 1.0000000000
0.556863 0.0000000000 0.6091549020 0.0731980392 1.0000000000
0.560784 0.0000000000 0.6143862745 0.1150254902 1.0000000000
0.564706 0.0000000000 0.6196176471 0.1568529412 1.0000000000
0.568627 0.0000000000 0.6248490196 0.1986803922 1.0000000000
0.572549 0.0000000000 0.6300803922 0.2405078431 1.0000000000
0.576471 0.0000000000 0.6353117647 0.2823352941 1.0000000000
0.580392 0.0000000000 0.6405431373 0.3241627451 1.0000000000
0.584314 0.0000000000 0.6457745098 0.3659901961 1.0000000000
0.588235 0.0000000000 0.6510058824 0.4078176471 1.0000000000
0.592157 0.0000000000 0.6562372549 0.4496450980 1.0000000000
0.596078 0.0000000000 0.6614686275 0.4914725490 1.0000000000
0.600000 0.0000000000 0.6667000000 0.5333000000 1.0000000000
0.603922 0.0000000000 0.6667000000 0.5437627451 1.0000000000
0.607843 0.0000000000 0.6667000000 0.5542254902 1.0000000000
0.611765 0.0000000000 0.6667000000 0.5646882353 1.0000000000
0.615686 0.0000000000 0.6667000000 0.5751509804 1.0000000000
0.619608 0.0000000000 0.6667000000 0.5856137255 1.0000000000
0.623529 0.0000000000 0.6667000000 0.5960764706 1.0000000000
0.627451 0.0000000000 0.6667000000 0.6065392157 1.0000000000
0.631373 0.0000000000 0.6667000000 0.6170019608 1.0000000000
0.635294 0.0000000000 0.6667000000 0.6274647059 1.0000000000
0.639216 0.0000000000 0.6667000000 0.6379274510 1.0000000000
0.643137 0.0000000000 0.6667000000 0.6483901961 1.0000000000
0.647059 0.0000000000 0.6667000000 0.6588529412 1.0000000000
0.650980 0.0000000000 0.6653921569 0.6706215686 1.0000000000
0.654902 0.0000000000 0.6601607843 0.6863078431 1.0000000000
0.658824 0.0000000000 0.6549294118 0.7019941176 1.0000000000
0.662745 0.0000000000 0.6496980392 0.7176803922 1.0000000000
0.666667 0.0000000000 0.6444666667 0.7333666667 1.0000000000
0.670588 0.0000000000 0.6392352941 0.7490529412 1.0000000000
0.674510 0.0000000000 0.6340039216 0.7647392157 1.0000000000
0.678431 0.0000000000 0.6287725490 0.7804254902 1.0000000000
0.682353 0.0000000000 0.6235411765 0.7961117647 1.0000000000
0.686275 0.0000000000 0.6183098039 0.8117980392 1.0000000000
0.690196 0.0000000000 0.6130784314 0.8274843137 1.0000000000
0.694118 0.0000000000 0.6078470588 0.8431705882 1.0000000000
0.698039 0.0000000000 0.6026156863 0.8588568627 1.0000000000
0.701961 0.0000000000 0.5947725490 0.8667000000 1.0000000000
0.705882 0.0000000000 0.5843176471 0.8667000000 1.0000000000
0.709804 0.0000000000 0.5738627451 0.8667000000 1.0000000000
0.713725 0.0000000000 0.5634078431 0.8667000000 1.0000000000
0.717647 0.0000000000 0.5529529412 0.8667000000 1.0000000000
0.721569 0.0000000000 0.5424980392 0.8667000000 1.0000000000
0.725490 0.0000000000 0.5320431373 0.8667000000 1.0000000000
0.729412 0.0000000000 0.5215882353 0.8667000000 1.0000000000
0.733333 0.0000000000 0.5111333333 0.8667000000 1.0000000000
0.737255 0.0000000000 0.5006784314 0.8667000000 1.0000000000
0.741176 0.0000000000 0.4902235294 0.8667000000 1.0000000000
0.745098 0.0000000000 0.4797686275 0.8667000000 1.0000000000
0.749020 0.0000000000 0.4693137255 0.8667000000 1.0000000000
0.752941 0.0000000000 0.4392470588 0.8667000000 1.0000000000
0.756863 0.0000000000 0.4026431373 0.8667000000 1.0000000000
0.760784 0.0000000000 0.3660392157 0.8667000000 1.0000000000
0.764706 0.0000000000 0.3294352941 0.8667000000 1.0000000000
0.768627 0.0000000000 0.2928313725 0.8667000000 1.0000000000
0.772549 0.0000000000 0.2562274510 0.8667000000 1.0000000000
0.776471 0.0000000000 0.2196235294 0.8667000000 1.0000000000
0.780392 0.0000000000 0.1830196078 0.8667000000 1.0000000000
0.784314 0.0000000000 0.1464156863 0.8667000000 1.0000000000
0.788235 0.0000000000 0.1098117647 0.8667000000 1.0000000000
0.792157 0.0000000000 0.0732078431 0.8667000000 1.0000000000
0.796078 0.0000000000 0.0366039216 0.8667000000 1.0000000000
0.800000 0.0000000000 0.0000000000 0.8667000000 1.0000000000
0.803922 0.0000000000 0.0000000000 0.8510137255 1.0000000000
0.807843 0.0000000000 0.0000000000 0.8353274510 1.0000000000
0.811765 0.0000000000 0.0000000000 0.8196411765 1.0000000000
0.815686 0.0000000000 0.0000000000 0.8039549020 1.0000000000
0.819608 0.0000000000 0.0000000000 0.7882686275 1.0000000000
0.823529 0.0000000000 0.0000000000 0.7725823529 1.0000000000
0.827451 0.0000000000 0.0000000000 0.7568960784 1.0000000000
0.831373 0.0000000000 0.0000000000 0.7412098039 1.0000000000
0.835294 0.0000000000 0.0000000000 0.7255235294 1.0000000000
0.839216 0.0000000000 0.0000000000 0.7098372549 1.0000000000
0.843137 0.0000000000 0.0000000000 0.6941509804 1.0000000000
0.847059 0.0000000000 0.0000000000 0.6784647059 1.0000000000
0.850980 0.0104568627 0.0000000000 0.6653921569 1.0000000000
0.854902 0.0522843137 0.0000000000 0.6601607843 1.0000000000
0.858824 0.0941117647 0.0000000000 0.6549294118 1.0000000000
0.862745 0.1359392157 0.0000000000 0.6496980392 1.0000000000
0.866667 0.1777666667 0.0000000000 0.6444666667 1.0000000000
0.870588 0.2195941176 0.0000000000 0.6392352941 1.0000000000
0.874510 0.2614215686 0.0000000000 0.6340039216 1.0000000000
0.878431 0.3032490196 0.0000000000 0.6287725490 1.0000000000
0.882353 0.3450764706 0.0000000000 0.6235411765 1.0000000000
0.886275 0.3869039216 0.0000000000 0.6183098039 1.0000000000
0.890196 0.4287313725 0.0000000000 0.6130784314 1.0000000000
0.894118 0.4705588235 0.0000000000 0.6078470588 1.0000000000
0.898039 0.5123862745 0.0000000000 0.6026156863 1.0000000000
0.901961 0.5306882353 0.0000000000 0.5973843137 1.0000000000
0.905882 0.5254647059 0.0000000000 0.5921529412 1.0000000000
0.909804 0.5202411765 0.0000000000 0.5869215686 1.0000000000
0.913725 0.5150176471 0.0000000000 0.5816901961 1.0000000000
0.917647 0.5097941176 0.0000000000 0.5764588235 1.0000000000
0.921569 0.5045705882 0.0000000000 0.5712274510 1.0000000000
0.925490 0.4993470588 0.0000000000 0.5659960784 1.0000000000
0.929412 0.4941235294 0.0000000000 0.5607647059 1.0000000000
0.933333 0.4889000000 0.0000000000 0.5555333333 1.0000000000
0.937255 0.4836764706 0.0000000000 0.5503019608 1.0000000000
0.941176 0.4784529412 0.0000000000 0.5450705882 1.0000000000
0.945098 0.4732294118 0.0000000000 0.5398392157 1.0000000000
0.949020 0.4680058824 0.0000000000 0.5346078431 1.0000000000
0.952941 0.4392470588 0.0000000000 0.5019294118 1.0000000000
0.956863 0.4026431373 0.0000000000 0.4601019608 1.0000000000
0.960784 0.3660392157 0.0000000000 0.4182745098 1.0000000000
0.964706 0.3294352941 0.0000000000 0.3764470588 1.0000000000
0.968627 0.2928313725 0.0000000000 0.3346196078 1.0000000000
0.972549 0.2562274510 0.0000000000 0.2927921569 1.0000000000
0.976471 0.2196235294 0.0000000000 0.2509647059 1.0000000000
0.980392 0.1830196078 0.0000000000 0.2091372549 1.0000000000
0.984314 0.1464156863 0.0000000000 0.1673098039 1.0000000000
0.988235 0.1098117647 0.0000000000 0.1254823529 1.0000000000
0.992157 0.0732078431 0.0000000000 0.0836549020 1.0000000000
0.996078 0.0366039216 0.0000000000 0.0418274510 1.0000000000
1.000000 0.0000000000 0.0000000000 0.0000000000 1.0000000000
