0.000000 0.4980392157 0.1529411765 0.0156862745 1.0000000000
0.003922 0.5028373702 0.1547866205 0.0155632449 1.0000000000
0.007843 0.5076355248 0.1566320646 0.0154402153 1.0000000000
0.011765 0.5124336794 0.1584775087 0.0153171857 1.0000000000
0.015686 0.5172318339 0.1603229527 0.0151941561 1.0000000000
0.019608 0.5220299885 0.1621683968 0.0150711265 1.0000000000
0.023529 0.5268281430 0.1640138408 0.0149480969 1.0000000000
0.027451 0.5316262976 0.1658592849 0.0148250673 1.0000000000
0.031373 0.5364244521 0.1677047290 0.0147020377 1.0000000000
0.035294 0.5412226067 0.1695501730 0.0145790081 1.0000000000
0.039216 0.5460207612 0.1713956171 0.0144559785 1.0000000000
0.043137 0.5508189158 0.1732410611 0.0143329489 1.0000000000
0.047059 0.5556170704 0.1750865052 0.0142099193 1.0000000000
0.050980 0.5604152249 0.1769319493 0.0140868897 1.0000000000
0.054902 0.5652133795 0.1787773933 0.0139638601 1.0000000000
0.058824 0.5700115340 0.1806228374 0.0138408304 1.0000000000
0.062745 0.5748096886 0.1824682814 0.0137178008 1.0000000000
0.066667 0.5796078431 0.1843137255 0.0135947712 1.0000000000
0.070588 0.5844059977 0.1861591696 0.0134717416 1.0000000000
0.074510 0.5892041522 0.1880046136 0.0133487120 1.0000000000
0.078431 0.5940023068 0.1898500577 0.0132256824 1.0000000000
0.082353 0.5988004614 0.1916955017 0.0131026528 1.0000000000
0.086275 0.6035986159 0.1935409458 0.0129796232 1.0000000000
0.090196 0.6083967705 0.1953863899 0.0128565936 1.0000000000
0.094118 0.6131949250 0.1972318339 0.0127335640 1.0000000000
0.098039 0.6179930796 0.1990772780 0.0126105344 1.0000000000
0.101961 0.6227912341 0.2009227220 0.0124875048 1.0000000000
0.105882 0.6275893887 0.2027681661 0.0123644752 1.0000000000
0.109804 0.6323875433 0.2046136101 0.0122414456 1.0000000000
0.113725 0.6371856978 0.2064590542 0.0121184160 1.0000000000
0.117647 0.6419838524 0.2083044983 0.0119953864 1.0000000000
0.121569 0.6467820069 0.2101499423 0.0118723568 1.0000000000
0.125490 0.6517647059 0.2120415225 0.0117339485 1.0000000000
0.129412 0.6580392157 0.2142560554 0.0114878893 1.0000000000
0.133333 0.6643137255 0.2164705882 0.0112418301 1.0000000000
0.137255 0.6705882353 0.2186851211 0.0109957709 1.0000000000
0.141176 0.6768627451 0.2208996540 0.0107497116 1.0000000000
0.145098 0.6831372549 0.2231141869 0.0105036524 1.0000000000
0.149020 0.6894117647 0.2253287197 0.0102575932 1.0000000000
0.152941 0.6956862745 0.2275432526 0.0100115340 1.0000000000
0.156863 0.7019607843 0.2297577855 0.0097654748 1.0000000000
0.160784 0.7082352941 0.2319723183 0.0095194156 1.0000000000
0.164706 0.7145098039 0.2341868512 0.0092733564 1.0000000000
0.168627 0.7207843137 0.2364013841 0.0090272972 1.0000000000
0.172549 0.7270588235 0.2386159170 0.0087812380 1.0000000000
0.176471 0.7333333333 0.2408304498 0.0085351788 1.0000000000
0.180392 0.7396078431 0.2430449827 0.0082891196 1.0000000000
0.184314 0.7458823529 0.2452595156 0.0080430604 1.0000000000
0.188235 0.7521568627 0.2474740484 0.0077970012 1.0000000000
0.192157 0.7584313725 0.2496885813 0.0075509419 1.0000000000
0.196078 0.7647058824 0.2519031142 0.0073048827 1.0000000000
0.200000 0.7709803922 0.2541176471 0.0070588235 1.0000000000
0.203922 0.7772549020 0.2563321799 0.0068127643 1.0000000000
0.207843 0.7835294118 0.2585467128 0.0065667051 1.0000000000
0.211765 0.7898039216 0.2607612457 0.0063206459 1.0000000000
0.215686 0.7960784314 0.2629757785 0.0060745867 1.0000000000
0.219608 0.8023529412 0.2651903114 0.0058285275 1.0000000000
0.223529 0.8086274510 0.2674048443 0.0055824683 1.0000000000
0.227451 0.8149019608 0.2696193772 0.0053364091 1.0000000000
0.231373 0.8211764706 0.2718339100 0.0050903499 1.0000000000
0.235294 0.8274509804 0.2740484429 0.0048442907 1.0000000000
0.239216 0.8337254902 0.2762629758 0.0045982314 1.0000000000
0.243137 0.8400000000 0.2784775087 0.0043521722 1.0000000000
0.247059 0.8462745098 0.2806920415 0.0041061130 1.0000000000
0.250980 0.8517185698 0.2833679354 0.0044752018 1.0000000000
0.254902 0.8546712803 0.2874279123 0.0066897347 1.0000000000
0.258824 0.8576239908 0.2914878893 0.0089042676 1.0000000000
0.262745 0.8605767013 0.2955478662 0.0111188005 1.0000000000
0.266667 0.8635294118 0.2996078431 0.0133333333 1.0000000000
0.270588 0.8664821223 0.3036678201 0.0155478662 1.0000000000
0.274510 0.8694348328 0.3077277970 0.0177623991 1.0000000000
0.278431 0.8723875433 0.3117877739 0.0199769319 1.0000000000
0.282353 0.8753402537 0.3158477509 0.0221914648 1.0000000000
0.286275 0.8782929642 0.3199077278 0.0244059977 1.0000000000
0.290196 0.8812456747 0.3239677047 0.0266205306 1.0000000000
0.294118 0.8841983852 0.3280276817 0.0288350634 1.0000000000
0.298039 0.8871510957 0.3320876586 0.0310495963 1.0000000000
0.301961 0.8901038062 0.3361476355 0.0332641292 1.0000000000
0.305882 0.8930565167 0.3402076125 0.0354786621 1.0000000000
0.309804 0.8960092272 0.3442675894 0.0376931949 1.0000000000
0.313725 0.8989619377 0.3483275663 0.0399077278 1.0000000000
0.317647 0.9019146482 0.3523875433 0.0421222607 1.0000000000
0.321569 0.9048673587 0.3564475202 0.0443367935 1.0000000000
0.325490 0.9078200692 0.3605074971 0.0465513264 1.0000000000
0.329412 0.9107727797 0.3645674740 0.0487658593 1.0000000000
0.333333 0.9137254902 0.3686274510 0.0509803922 1.0000000000
0.337255 0.9166782007 0.3726874279 0.0531949250 1.0000000000
0.341176 0.9196309112 0.3767474048 0.0554094579 1.0000000000
0.345098 0.9225836217 0.3808073818 0.0576239908 1.0000000000
0.349020 0.9255363322 0.3848673587 0.0598385236 1.0000000000
0.352941 0.9284890427 0.3889273356 0.0620530565 1.0000000000
0.356863 0.9314417532 0.3929873126 0.0642675894 1.0000000000
0.360784 0.9343944637 0.3970472895 0.0664821223 1.0000000000
0.364706 0.9373471742 0.4011072664 0.0686966551 1.0000000000
0.368627 0.9402998847 0.4051672434 0.0709111880 1.0000000000
0.372549 0.9432525952 0.4092272203 0.0731257209 1.0000000000
0.376471 0.9456516724 0.4134256055 0.0764013841 1.0000000000
0.380392 0.9471280277 0.4178546713 0.0814455978 1.0000000000
0.384314 0.9486043829 0.4222837370 0.0864898116 1.0000000000
0.388235 0.9500807382 0.4267128028 0.0915340254 1.0000000000
0.392157 0.9515570934 0.4311418685 0.0965782391 1.0000000000
0.396078 0.9530334487 0.4355709343 0.1016224529 1.0000000000
0.400000 0.9545098039 0.4400000000 0.1066666667 1.0000000000
0.403922 0.9559861592 0.4444290657 0.1117108804 1.0000000000
0.407843 0.9574625144 0.4488581315 0.1167550942 1.0000000000
0.411765 0.9589388697 0.4532871972 0.1217993080 1.0000000000
0.415686 0.9604152249 0.4577162630 0.1268435217 1.0000000000
0.419608 0.9618915802 0.4621453287 0.1318877355 1.0000000000
0.423529 0.9633679354 0.4665743945 0.1369319493 1.0000000000
0.427451 0.9648442907 0.4710034602 0.1419761630 1.0000000000
0.431373 0.9663206459 0.4754325260 0.1470203768 1.0000000000
0.435294 0.9677970012 0.4798615917 0.1520645905 1.0000000000
0.439216 0.9692733564 0.4842906574 0.1571088043 1.0000000000
0.443137 0.9707497116 0.4887197232 0.1621530181 1.0000000000
0.447059 0.9722260669 0.4931487889 0.1671972318 1.0000000000
0.450980 0.9737024221 0.4975778547 0.1722414456 1.0000000000
0.454902 0.9751787774 0.5020069204 0.1772856594 1.0000000000
0.458824 0.9766551326 0.5064359862 0.1823298731 1.0000000000
0.462745 0.9781314879 0.5108650519 0.1873740869 1.0000000000
0.466667 0.9796078431 0.5152941176 0.1924183007 1.0000000000
0.470588 0.9810841984 0.5197231834 0.1974625144 1.0000000000
0.474510 0.9825605536 0.5241522491 0.2025067282 1.0000000000
0.478431 0.9840369089 0.5285813149 0.2075509419 1.0000000000
0.482353 0.9855132641 0.5330103806 0.2125951557 1.0000000000
0.486275 0.9869896194 0.5374394464 0.2176393695 1.0000000000
0.490196 0.9884659746 0.5418685121 0.2226835832 1.0000000000
0.494118 0.9899423299 0.5462975779 0.2277277970 1.0000000000
0.498039 0.9914186851 0.5507266436 0.2327720108 1.0000000000
0.501961 0.9921568627 0.5549711649 0.2381853133 1.0000000000
0.505882 0.9921568627 0.5590311419 0.2439677047 1.0000000000
0.509804 0.9921568627 0.5630911188 0.2497500961 1.0000000000
0.513725 0.9921568627 0.5671510957 0.2555324875 1.0000000000
0.517647 0.9921568627 0.5712110727 0.2613148789 1.0000000000
0.521569 0.9921568627 0.5752710496 0.2670972703 1.0000000000
0.525490 0.9921568627 0.5793310265 0.2728796617 1.0000000000
0.529412 0.9921568627 0.5833910035 0.2786620531 1.0000000000
0.533333 0.9921568627 0.5874509804 0.2844444444 1.0000000000
0.537255 0.9921568627 0.5915109573 0.2902268358 1.0000000000
0.541176 0.9921568627 0.5955709343 0.2960092272 1.0000000000
0.545098 0.9921568627 0.5996309112 0.3017916186 1.0000000000
0.549020 0.9921568627 0.6036908881 0.3075740100 1.0000000000
0.552941 0.9921568627 0.6077508651 0.3133564014 1.0000000000
0.556863 0.9921568627 0.6118108420 0.3191387928 1.0000000000
0.560784 0.9921568627 0.6158708189 0.3249211842 1.0000000000
0.564706 0.9921568627 0.6199307958 0.3307035755 1.0000000000
0.568627 0.9921568627 0.6239907728 0.3364859669 1.0000000000
0.572549 0.9921568627 0.6280507497 0.3422683583 1.0000000000
0.576471 0.9921568627 0.6321107266 0.3480507497 1.0000000000
0.580392 0.9921568627 0.6361707036 0.3538331411 1.0000000000
0.584314 0.9921568627 0.6402306805 0.3596155325 1.0000000000
0.588235 0.9921568627 0.6442906574 0.3653979239 1.0000000000
0.592157 0.9921568627 0.6483506344 0.3711803153 1.0000000000
0.596078 0.9921568627 0.6524106113 0.3769627067 1.0000000000
0.600000 0.9921568627 0.6564705882 0.3827450980 1.0000000000
0.603922 0.9921568627 0.6605305652 0.3885274894 1.0000000000
0.607843 0.9921568627 0.6645905421 0.3943098808 1.0000000000
0.611765 0.9921568627 0.6686505190 0.4000922722 1.0000000000
0.615686 0.9921568627 0.6727104960 0.4058746636 1.0000000000
0.619608 0.9921568627 0.6767704729 0.4116570550 1.0000000000
0.623529 0.9921568627 0.6808304498 0.4174394464 1.0000000000
0.627451 0.9921568627 0.6849673203 0.4238369858 1.0000000000
0.631373 0.9921568627 0.6891503268 0.4306036140 1.0000000000
0.635294 0.9921568627 0.6933333333 0.4373702422 1.0000000000
0.639216 0.9921568627 0.6975163399 0.4441368704 1.0000000000
0.643137 0.9921568627 0.7016993464 0.4509034987 1.0000000000
0.647059 0.9921568627 0.7058823529 0.4576701269 1.0000000000
0.650980 0.9921568627 0.7100653595 0.4644367551 1.0000000000
0.654902 0.9921568627 0.7142483660 0.4712033833 1.0000000000
0.658824 0.9921568627 0.7184313725 0.4779700115 1.0000000000
0.662745 0.9921568627 0.7226143791 0.4847366398 1.0000000000
0.666667 0.9921568627 0.7267973856 0.4915032680 1.0000000000
0.670588 0.9921568627 0.7309803922 0.4982698962 1.0000000000
0.674510 0.9921568627 0.7351633987 0.5050365244 1.0000000000
0.678431 0.9921568627 0.7393464052 0.5118031526 1.0000000000
0.682353 0.9921568627 0.7435294118 0.5185697809 1.0000000000
0.686275 0.9921568627 0.7477124183 0.5253364091 1.0000000000
0.690196 0.9921568627 0.7518954248 0.5321030373 1.0000000000
0.694118 0.9921568627 0.7560784314 0.5388696655 1.0000000000
0.698039 0.9921568627 0.7602614379 0.5456362937 1.0000000000
0.701961 0.9921568627 0.7644444444 0.5524029220 1.0000000000
0.705882 0.9921568627 0.7686274510 0.5591695502 1.0000000000
0.709804 0.9921568627 0.7728104575 0.5659361784 1.0000000000
0.713725 0.9921568627 0.7769934641 0.5727028066 1.0000000000
0.717647 0.9921568627 0.7811764706 0.5794694348 1.0000000000
0.721569 0.9921568627 0.7853594771 0.5862360631 1.0000000000
0.725490 0.9921568627 0.7895424837 0.5930026913 1.0000000000
0.729412 0.9921568627 0.7937254902 0.5997693195 1.0000000000
0.733333 0.9921568627 0.7979084967 0.6065359477 1.0000000000
0.737255 0.9921568627 0.8020915033 0.6133025759 1.0000000000
0.741176 0.9921568627 0.8062745098 0.6200692042 1.0000000000
0.745098 0.9921568627 0.8104575163 0.6268358324 1.0000000000
0.749020 0.9921568627 0.8146405229 0.6336024606 1.0000000000
0.752941 0.9922491349 0.8177162630 0.6393540946 1.0000000000
0.756863 0.9923721646 0.8204229143 0.6447673972 1.0000000000
0.760784 0.9924951942 0.8231295656 0.6501806997 1.0000000000
0.764706 0.9926182238 0.8258362168 0.6555940023 1.0000000000
0.768627 0.9927412534 0.8285428681 0.6610073049 1.0000000000
0.772549 0.9928642830 0.8312495194 0.6664206075 1.0000000000
0.776471 0.9929873126 0.8339561707 0.6718339100 1.0000000000
0.780392 0.9931103422 0.8366628220 0.6772472126 1.0000000000
0.784314 0.9932333718 0.8393694733 0.6826605152 1.0000000000
0.788235 0.9933564014 0.8420761246 0.6880738178 1.0000000000
0.792157 0.9934794310 0.8447827759 0.6934871203 1.0000000000
0.796078 0.9936024606 0.8474894271 0.6989004229 1.0000000000
0.800000 0.9937254902 0.8501960784 0.7043137255 1.0000000000
0.803922 0.9938485198 0.8529027297 0.7097270281 1.0000000000
0.807843 0.9939715494 0.8556093810 0.7151403306 1.0000000000
0.811765 0.9940945790 0.8583160323 0.7205536332 1.0000000000
0.815686 0.9942176086 0.8610226836 0.7259669358 1.0000000000
0.819608 0.9943406382 0.8637293349 0.7313802384 1.0000000000
0.823529 0.9944636678 0.8664359862 0.7367935409 1.0000000000
0.827451 0.9945866974 0.8691426374 0.7422068435 1.0000000000
0.831373 0.9947097270 0.8718492887 0.7476201461 1.0000000000
0.835294 0.9948327566 0.8745559400 0.7530334487 1.0000000000
0.839216 0.9949557862 0.8772625913 0.7584467512 1.0000000000
0.843137 0.9950788158 0.8799692426 0.7638600538 1.0000000000
0.847059 0.9952018454 0.8826758939 0.7692733564 1.0000000000
0.850980 0.9953248750 0.8853825452 0.7746866590 1.0000000000
0.854902 0.9954479047 0.8880891965 0.7800999616 1.0000000000
0.858824 0.9955709343 0.8907958478 0.7855132641 1.0000000000
0.862745 0.9956939639 0.8935024990 0.7909265667 1.0000000000
0.866667 0.9958169935 0.8962091503 0.7963398693 1.0000000000
0.870588 0.9959400231 0.8989158016 0.8017531719 1.0000000000
0.874510 0.9960630527 0.9016224529 0.8071664744 1.0000000000
0.878431 0.9961860823 0.9035755479 0.8109650135 1.0000000000
0.882353 0.9963091119 0.9054209919 0.8145328720 1.0000000000
0.886275 0.9964321415 0.9072664360 0.8181007305 1.0000000000
0.890196 0.9965551711 0.9091118800 0.8216685890 1.0000000000
0.894118 0.9966782007 0.9109573241 0.8252364475 1.0000000000
0.898039 0.9968012303 0.9128027682 0.8288043060 1.0000000000
0.901961 0.9969242599 0.9146482122 0.8323721646 1.0000000000
0.905882 0.9970472895 0.9164936563 0.8359400231 1.0000000000
0.909804 0.9971703191 0.9183391003 0.8395078816 1.0000000000
0.913725 0.9972933487 0.9201845444 0.8430757401 1.0000000000
0.917647 0.9974163783 0.9220299885 0.8466435986 1.0000000000
0.921569 0.9975394079 0.9238754325 0.8502114571 1.0000000000
0.925490 0.9976624375 0.9257208766 0.8537793156 1.0000000000
0.929412 0.9977854671 0.9275663206 0.8573471742 1.0000000000
0.933333 0.9979084967 0.9294117647 0.8609150327 1.0000000000
0.937255 0.9980315263 0.9312572088 0.8644828912 1.0000000000
0.941176 0.9981545559 0.9331026528 0.8680507497 1.0000000000
0.945098 0.9982775855 0.9349480969 0.8716186082 1.0000000000
0.949020 0.9984006151 0.9367935409 0.8751864667 1.0000000000
0.952941 0.9985236448 0.9386389850 0.8787543253 1.0000000000
0.956863 0.9986466744 0.9404844291 0.8823221838 1.0000000000
0.960784 0.9987697040 0.9423298731 0.8858900423 1.0000000000
0.964706 0.9988927336 0.9441753172 0.8894579008 1.0000000000
0.968627 0.9990157632 0.9460207612 0.8930257593 1.0000000000
0.972549 0.9991387928 0.9478662053 0.8965936178 1.0000000000
0.976471 0.9992618224 0.9497116494 0.9001614764 1.0000000000
0.980392 0.9993848520 0.9515570934 0.9037293349 1.0000000000
0.984314 0.9995078816 0.9534025375 0.9072971934 1.0000000000
0.988235 0.9996309112 0.9552479815 0.9108650519 1.0000000000
0.992157 0.9997539408 0.9570934256 0.9144329104 1.0000000000
0.996078 0.9998769704 0.9589388697 0.9180007689 1.0000000000
1.000000 1.0000000000 0.9607843137 0.9215686275 1.0000000000
