0.000000 0.4980392157 0.0000000000 0.0000000000 1.0000000000
0.003922 0.5044367551 0.0000000000 0.0000000000 1.0000000000
0.007843 0.5108342945 0.0000000000 0.0000000000 1.0000000000
0.011765 0.5172318339 0.0000000000 0.0000000000 1.0000000000
0.015686 0.5236293733 0.0000000000 0.0000000000 1.0000000000
0.019608 0.5300269127 0.0000000000 0.0000000000 1.0000000000
0.023529 0.5364244521 0.0000000000 0.0000000000 1.0000000000
0.027451 0.5428219915 0.0000000000 0.0000000000 1.0000000000
0.031373 0.5492195309 0.0000000000 0.0000000000 1.0000000000
0.035294 0.5556170704 0.0000000000 0.0000000000 1.0000000000
0.039216 0.5620146098 0.0000000000 0.0000000000 1.0000000000
0.043137 0.5684121492 0.0000000000 0.0000000000 1.0000000000
0.047059 0.5748096886 0.0000000000 0.0000000000 1.0000000000
0.050980 0.5812072280 0.0000000000 0.0000000000 1.0000000000
0.054902 0.5876047674 0.0000000000 0.0000000000 1.0000000000
0.058824 0.5940023068 0.0000000000 0.0000000000 1.0000000000
0.062745 0.6003998462 0.0000000000 0.0000000000 1.0000000000
0.066667 0.6067973856 0.0000000000 0.0000000000 1.0000000000
0.070588 0.6131949250 0.0000000000 0.0000000000 1.0000000000
0.074510 0.6195924644 0.0000000000 0.0000000000 1.0000000000
0.078431 0.6259900038 0.0000000000 0.0000000000 1.0000000000
0.082353 0.6323875433 0.0000000000 0.0000000000 1.0000000000
0.086275 0.6387850827 0.0000000000 0.0000000000 1.0000000000
0.090196 0.6451826221 0.0000000000 0.0000000000 1.0000000000
0.094118 0.6515801615 0.0000000000 0.0000000000 1.0000000000
0.098039 0.6579777009 0.0000000000 0.0000000000 1.0000000000
0.101961 0.6643752403 0.0000000000 0.0000000000 1.0000000000
0.105882 0.6707727797 0.0000000000 0.0000000000 1.0000000000
0.109804 0.6771703191 0.0000000000 0.0000000000 1.0000000000
0.113725 0.6835678585 0.0000000000 0.0000000000 1.0000000000
0.117647 0.6899653979 0.0000000000 0.0000000000 1.0000000000
0.121569 0.6963629373 0.0000000000 0.0000000000 1.0000000000
0.125490 0.7025144175 0.0007381776 0.0004767397 1.0000000000
0.129412 0.7069434833 0.0066435986 0.0042906574 1.0000000000
0.133333 0.7113725490 0.0125490196 0.0081045752 1.0000000000
0.137255 0.7158016148 0.0184544406 0.0119184929 1.0000000000
0.141176 0.7202306805 0.0243598616 0.0157324106 1.0000000000
0.145098 0.7246597463 0.0302652826 0.0195463283 1.0000000000
0.149020 0.7290888120 0.0361707036 0.0233602461 1.0000000000
0.152941 0.7335178777 0.0420761246 0.0271741638 1.0000000000
0.156863 0.7379469435 0.0479815456 0.0309880815 1.0000000000
0.160784 0.7423760092 0.0538869666 0.0348019992 1.0000000000
0.164706 0.7468050750 0.0597923875 0.0386159170 1.0000000000
0.168627 0.7512341407 0.0656978085 0.0424298347 1.0000000000
0.172549 0.7556632065 0.0716032295 0.0462437524 1.0000000000
0.176471 0.7600922722 0.0775086505 0.0500576701 1.0000000000
0.180392 0.7645213379 0.0834140715 0.0538715879 1.0000000000
0.184314 0.7689504037 0.0893194925 0.0576855056 1.0000000000
0.188235 0.7733794694 0.0952249135 0.0614994233 1.0000000000
0.192157 0.7778085352 0.1011303345 0.0653133410 1.0000000000
0.196078 0.7822376009 0.1070357555 0.0691272587 1.0000000000
0.200000 0.7866666667 0.1129411765 0.0729411765 1.0000000000
0.203922 0.7910957324 0.1188465975 0.0767550942 1.0000000000
0.207843 0.7955247982 0.1247520185 0.0805690119 1.0000000000
0.211765 0.7999538639 0.1306574394 0.0843829296 1.0000000000
0.215686 0.8043829296 0.1365628604 0.0881968474 1.0000000000
0.219608 0.8088119954 0.1424682814 0.0920107651 1.0000000000
0.223529 0.8132410611 0.1483737024 0.0958246828 1.0000000000
0.227451 0.8176701269 0.1542791234 0.0996386005 1.0000000000
0.231373 0.8220991926 0.1601845444 0.1034525183 1.0000000000
0.235294 0.8265282584 0.1660899654 0.1072664360 1.0000000000
0.239216 0.8309573241 0.1719953864 0.1110803537 1.0000000000
0.243137 0.8353863899 0.1779008074 0.1148942714 1.0000000000
0.247059 0.8398154556 0.1838062284 0.1187081892 1.0000000000
0.250980 0.8438754325 0.1898654364 0.1228296809 1.0000000000
0.254902 0.8468281430 0.1963860054 0.1278738947 1.0000000000
0.258824 0.8497808535 0.2029065744 0.1329181084 1.0000000000
0.262745 0.8527335640 0.2094271434 0.1379623222 1.0000000000
0.266667 0.8556862745 0.2159477124 0.1430065359 1.0000000000
0.270588 0.8586389850 0.2224682814 0.1480507497 1.0000000000
0.274510 0.8615916955 0.2289888504 0.1530949635 1.0000000000
0.278431 0.8645444060 0.2355094195 0.1581391772 1.0000000000
0.282353 0.8674971165 0.2420299885 0.1631833910 1.0000000000
0.286275 0.8704498270 0.2485505575 0.1682276048 1.0000000000
0.290196 0.8734025375 0.2550711265 0.1732718185 1.0000000000
0.294118 0.8763552480 0.2615916955 0.1783160323 1.0000000000
0.298039 0.8793079585 0.2681122645 0.1833602461 1.0000000000
0.301961 0.8822606690 0.2746328335 0.1884044598 1.0000000000
0.305882 0.8852133795 0.2811534025 0.1934486736 1.0000000000
0.309804 0.8881660900 0.2876739715 0.1984928874 1.0000000000
0.313725 0.8911188005 0.2941945406 0.2035371011 1.0000000000
0.317647 0.8940715110 0.3007151096 0.2085813149 1.0000000000
0.321569 0.8970242215 0.3072356786 0.2136255286 1.0000000000
0.325490 0.8999769319 0.3137562476 0.2186697424 1.0000000000
0.329412 0.9029296424 0.3202768166 0.2237139562 1.0000000000
0.333333 0.9058823529 0.3267973856 0.2287581699 1.0000000000
0.337255 0.9088350634 0.3333179546 0.2338023837 1.0000000000
0.341176 0.9117877739 0.3398385236 0.2388465975 1.0000000000
0.345098 0.9147404844 0.3463590927 0.2438908112 1.0000000000
0.349020 0.9176931949 0.3528796617 0.2489350250 1.0000000000
0.352941 0.9206459054 0.3594002307 0.2539792388 1.0000000000
0.356863 0.9235986159 0.3659207997 0.2590234525 1.0000000000
0.360784 0.9265513264 0.3724413687 0.2640676663 1.0000000000
0.364706 0.9295040369 0.3789619377 0.2691118800 1.0000000000
0.368627 0.9324567474 0.3854825067 0.2741560938 1.0000000000
0.372549 0.9354094579 0.3920030757 0.2792003076 1.0000000000
0.376471 0.9378546713 0.3979238754 0.2831372549 1.0000000000
0.380392 0.9394540561 0.4028450596 0.2852287582 1.0000000000
0.384314 0.9410534410 0.4077662438 0.2873202614 1.0000000000
0.388235 0.9426528258 0.4126874279 0.2894117647 1.0000000000
0.392157 0.9442522107 0.4176086121 0.2915032680 1.0000000000
0.396078 0.9458515955 0.4225297962 0.2935947712 1.0000000000
0.400000 0.9474509804 0.4274509804 0.2956862745 1.0000000000
0.403922 0.9490503652 0.4323721646 0.2977777778 1.0000000000
0.407843 0.9506497501 0.4372933487 0.2998692810 1.0000000000
0.411765 0.9522491349 0.4422145329 0.3019607843 1.0000000000
0.415686 0.9538485198 0.4471357170 0.3040522876 1.0000000000
0.419608 0.9554479047 0.4520569012 0.3061437908 1.0000000000
0.423529 0.9570472895 0.4569780854 0.3082352941 1.0000000000
0.427451 0.9586466744 0.4618992695 0.3103267974 1.0000000000
0.431373 0.9602460592 0.4668204537 0.3124183007 1.0000000000
0.435294 0.9618454441 0.4717416378 0.3145098039 1.0000000000
0.439216 0.9634448289 0.4766628220 0.3166013072 1.0000000000
0.443137 0.9650442138 0.4815840062 0.3186928105 1.0000000000
0.447059 0.9666435986 0.4865051903 0.3207843137 1.0000000000
0.450980 0.9682429835 0.4914263745 0.3228758170 1.0000000000
0.454902 0.9698423683 0.4963475586 0.3249673203 1.0000000000
0.458824 0.9714417532 0.5012687428 0.3270588235 1.0000000000
0.462745 0.9730411380 0.5061899270 0.3291503268 1.0000000000
0.466667 0.9746405229 0.5111111111 0.3312418301 1.0000000000
0.470588 0.9762399077 0.5160322953 0.3333333333 1.0000000000
0.474510 0.9778392926 0.5209534794 0.3354248366 1.0000000000
0.478431 0.9794386774 0.5258746636 0.3375163399 1.0000000000
0.482353 0.9810380623 0.5307958478 0.3396078431 1.0000000000
0.486275 0.9826374471 0.5357170319 0.3416993464 1.0000000000
0.490196 0.9842368320 0.5406382161 0.3437908497 1.0000000000
0.494118 0.9858362168 0.5455594002 0.3458823529 1.0000000000
0.498039 0.9874356017 0.5504805844 0.3479738562 1.0000000000
0.501961 0.9882968089 0.5557708574 0.3516647443 1.0000000000
0.505882 0.9884198385 0.5614302191 0.3569550173 1.0000000000
0.509804 0.9885428681 0.5670895809 0.3622452903 1.0000000000
0.513725 0.9886658977 0.5727489427 0.3675355632 1.0000000000
0.517647 0.9887889273 0.5784083045 0.3728258362 1.0000000000
0.521569 0.9889119569 0.5840676663 0.3781161092 1.0000000000
0.525490 0.9890349865 0.5897270281 0.3834063822 1.0000000000
0.529412 0.9891580161 0.5953863899 0.3886966551 1.0000000000
0.533333 0.9892810458 0.6010457516 0.3939869281 1.0000000000
0.537255 0.9894040754 0.6067051134 0.3992772011 1.0000000000
0.541176 0.9895271050 0.6123644752 0.4045674740 1.0000000000
0.545098 0.9896501346 0.6180238370 0.4098577470 1.0000000000
0.549020 0.9897731642 0.6236831988 0.4151480200 1.0000000000
0.552941 0.9898961938 0.6293425606 0.4204382930 1.0000000000
0.556863 0.9900192234 0.6350019223 0.4257285659 1.0000000000
0.560784 0.9901422530 0.6406612841 0.4310188389 1.0000000000
0.564706 0.9902652826 0.6463206459 0.4363091119 1.0000000000
0.568627 0.9903883122 0.6519800077 0.4415993849 1.0000000000
0.572549 0.9905113418 0.6576393695 0.4468896578 1.0000000000
0.576471 0.9906343714 0.6632987313 0.4521799308 1.0000000000
0.580392 0.9907574010 0.6689580930 0.4574702038 1.0000000000
0.584314 0.9908804306 0.6746174548 0.4627604767 1.0000000000
0.588235 0.9910034602 0.6802768166 0.4680507497 1.0000000000
0.592157 0.9911264898 0.6859361784 0.4733410227 1.0000000000
0.596078 0.9912495194 0.6915955402 0.4786312957 1.0000000000
0.600000 0.9913725490 0.6972549020 0.4839215686 1.0000000000
0.603922 0.9914955786 0.7029142637 0.4892118416 1.0000000000
0.607843 0.9916186082 0.7085736255 0.4945021146 1.0000000000
0.611765 0.9917416378 0.7142329873 0.4997923875 1.0000000000
0.615686 0.9918646674 0.7198923491 0.5050826605 1.0000000000
0.619608 0.9919876970 0.7255517109 0.5103729335 1.0000000000
0.623529 0.9921107266 0.7312110727 0.5156632065 1.0000000000
0.627451 0.9921568627 0.7352556709 0.5196462899 1.0000000000
0.631373 0.9921568627 0.7383314110 0.5228450596 1.0000000000
0.635294 0.9921568627 0.7414071511 0.5260438293 1.0000000000
0.639216 0.9921568627 0.7444828912 0.5292425990 1.0000000000
0.643137 0.9921568627 0.7475586313 0.5324413687 1.0000000000
0.647059 0.9921568627 0.7506343714 0.5356401384 1.0000000000
0.650980 0.9921568627 0.7537101115 0.5388389081 1.0000000000
0.654902 0.9921568627 0.7567858516 0.5420376778 1.0000000000
0.658824 0.9921568627 0.7598615917 0.5452364475 1.0000000000
0.662745 0.9921568627 0.7629373318 0.5484352172 1.0000000000
0.666667 0.9921568627 0.7660130719 0.5516339869 1.0000000000
0.670588 0.9921568627 0.7690888120 0.5548327566 1.0000000000
0.674510 0.9921568627 0.7721645521 0.5580315263 1.0000000000
0.678431 0.9921568627 0.7752402922 0.5612302960 1.0000000000
0.682353 0.9921568627 0.7783160323 0.5644290657 1.0000000000
0.686275 0.9921568627 0.7813917724 0.5676278354 1.0000000000
0.690196 0.9921568627 0.7844675125 0.5708266052 1.0000000000
0.694118 0.9921568627 0.7875432526 0.5740253749 1.0000000000
0.698039 0.9921568627 0.7906189927 0.5772241446 1.0000000000
0.701961 0.9921568627 0.7936947328 0.5804229143 1.0000000000
0.705882 0.9921568627 0.7967704729 0.5836216840 1.0000000000
0.709804 0.9921568627 0.7998462130 0.5868204537 1.0000000000
0.713725 0.9921568627 0.8029219531 0.5900192234 1.0000000000
0.717647 0.9921568627 0.8059976932 0.5932179931 1.0000000000
0.721569 0.9921568627 0.8090734333 0.5964167628 1.0000000000
0.725490 0.9921568627 0.8121491734 0.5996155325 1.0000000000
0.729412 0.9921568627 0.8152249135 0.6028143022 1.0000000000
0.733333 0.9921568627 0.8183006536 0.6060130719 1.0000000000
0.737255 0.9921568627 0.8213763937 0.6092118416 1.0000000000
0.741176 0.9921568627 0.8244521338 0.6124106113 1.0000000000
0.745098 0.9921568627 0.8275278739 0.6156093810 1.0000000000
0.749020 0.9921568627 0.8306036140 0.6188081507 1.0000000000
0.752941 0.9922491349 0.8332179931 0.6234832757 1.0000000000
0.756863 0.9923721646 0.8356785852 0.6286505190 1.0000000000
0.760784 0.9924951942 0.8381391772 0.6338177624 1.0000000000
0.764706 0.9926182238 0.8405997693 0.6389850058 1.0000000000
0.768627 0.9927412534 0.8430603614 0.6441522491 1.0000000000
0.772549 0.9928642830 0.8455209535 0.6493194925 1.0000000000
0.776471 0.9929873126 0.8479815456 0.6544867359 1.0000000000
0.780392 0.9931103422 0.8504421376 0.6596539792 1.0000000000
0.784314 0.9932333718 0.8529027297 0.6648212226 1.0000000000
0.788235 0.9933564014 0.8553633218 0.6699884660 1.0000000000
0.792157 0.9934794310 0.8578239139 0.6751557093 1.0000000000
0.796078 0.9936024606 0.8602845060 0.6803229527 1.0000000000
0.800000 0.9937254902 0.8627450980 0.6854901961 1.0000000000
0.803922 0.9938485198 0.8652056901 0.6906574394 1.0000000000
0.807843 0.9939715494 0.8676662822 0.6958246828 1.0000000000
0.811765 0.9940945790 0.8701268743 0.7009919262 1.0000000000
0.815686 0.9942176086 0.8725874664 0.7061591696 1.0000000000
0.819608 0.9943406382 0.8750480584 0.7113264129 1.0000000000
0.823529 0.9944636678 0.8775086505 0.7164936563 1.0000000000
0.827451 0.9945866974 0.8799692426 0.7216608997 1.0000000000
0.831373 0.9947097270 0.8824298347 0.7268281430 1.0000000000
0.835294 0.9948327566 0.8848904268 0.7319953864 1.0000000000
0.839216 0.9949557862 0.8873510188 0.7371626298 1.0000000000
0.843137 0.9950788158 0.8898116109 0.7423298731 1.0000000000
0.847059 0.9952018454 0.8922722030 0.7474971165 1.0000000000
0.850980 0.9953248750 0.8947327951 0.7526643599 1.0000000000
0.854902 0.9954479047 0.8971933872 0.7578316032 1.0000000000
0.858824 0.9955709343 0.8996539792 0.7629988466 1.0000000000
0.862745 0.9956939639 0.9021145713 0.7681660900 1.0000000000
0.866667 0.9958169935 0.9045751634 0.7733333333 1.0000000000
0.870588 0.9959400231 0.9070357555 0.7785005767 1.0000000000
0.874510 0.9960630527 0.9094963476 0.7836678201 1.0000000000
0.878431 0.9961860823 0.9114186851 0.7881891580 1.0000000000
0.882353 0.9963091119 0.9132641292 0.7926182238 1.0000000000
0.886275 0.9964321415 0.9151095732 0.7970472895 1.0000000000
0.890196 0.9965551711 0.9169550173 0.8014763552 1.0000000000
0.894118 0.9966782007 0.9188004614 0.8059054210 1.0000000000
0.898039 0.9968012303 0.9206459054 0.8103344867 1.0000000000
0.901961 0.9969242599 0.9224913495 0.8147635525 1.0000000000
0.905882 0.9970472895 0.9243367935 0.8191926182 1.0000000000
0.909804 0.9971703191 0.9261822376 0.8236216840 1.0000000000
0.913725 0.9972933487 0.9280276817 0.8280507497 1.0000000000
0.917647 0.9974163783 0.9298731257 0.8324798155 1.0000000000
0.921569 0.9975394079 0.9317185698 0.8369088812 1.0000000000
0.925490 0.9976624375 0.9335640138 0.8413379469 1.0000000000
0.929412 0.9977854671 0.9354094579 0.8457670127 1.0000000000
0.933333 0.9979084967 0.9372549020 0.8501960784 1.0000000000
0.937255 0.9980315263 0.9391003460 0.8546251442 1.0000000000
0.941176 0.9981545559 0.9409457901 0.8590542099 1.0000000000
0.945098 0.9982775855 0.9427912341 0.8634832757 1.0000000000
0.949020 0.9984006151 0.9446366782 0.8679123414 1.0000000000
0.952941 0.9985236448 0.9464821223 0.8723414072 1.0000000000
0.956863 0.9986466744 0.9483275663 0.8767704729 1.0000000000
0.960784 0.9987697040 0.9501730104 0.8811995386 1.0000000000
0.964706 0.9988927336 0.9520184544 0.8856286044 1.0000000000
0.968627 0.9990157632 0.9538638985 0.8900576701 1.0000000000
0.972549 0.9991387928 0.9557093426 0.8944867359 1.0000000000
0.976471 0.9992618224 0.9575547866 0.8989158016 1.0000000000
0.980392 0.9993848520 0.9594002307 0.9033448674 1.0000000000
0.984314 0.9995078816 0.9612456747 0.9077739331 1.0000000000
0.988235 0.9996309112 0.9630911188 0.9122029988 1.0000000000
0.992157 0.9997539408 0.9649365629 0.9166320646 1.0000000000
0.996078 0.9998769704 0.9667820069 0.9210611303 1.0000000000
1.000000 1.0000000000 0.9686274510 0.9254901961 1.0000000000
