0.000000 0.6509803922 0.8078431373 0.8901960784 1.0000000000
0.090909 0.1215686275 0.4705882353 0.7058823529 1.0000000000
0.181818 0.6980392157 0.8745098039 0.5411764706 1.0000000000
0.272727 0.2000000000 0.6274509804 0.1725490196 1.0000000000
0.363636 0.9843137255 0.6039215686 0.6000000000 1.0000000000
0.454545 0.8901960784 0.1019607843 0.1098039216 1.0000000000
0.545455 0.9921568627 0.7490196078 0.4352941176 1.0000000000
0.636364 1.0000000000 0.4980392157 0.0000000000 1.0000000000
0.727273 0.7921568627 0.6980392157 0.8392156863 1.0000000000
0.818182 0.4156862745 0.2392156863 0.6039215686 1.0000000000
0.909091 1.0000000000 1.0000000000 0.6000000000 1.0000000000
1.000000 0.6941176471 0.3490196078 0.1568627451 1.0000000000
