0.000000 0.1178000000 0.0000000000 0.0000000000 1.0000000000
0.003922 0.1370846899 0.0254147195 0.0254147195 1.0000000000
0.007843 0.1563693797 0.0508294391 0.0508294391 1.0000000000
0.011765 0.1756540696 0.0762441586 0.0762441586 1.0000000000
0.015686 0.1949387595 0.1016588781 0.1016588781 1.0000000000
0.019608 0.2087521265 0.1128949350 0.1128949350 1.0000000000
0.023529 0.2222919518 0.1234221220 0.1234221220 1.0000000000
0.027451 0.2358317771 0.1339493090 0.1339493090 1.0000000000
0.031373 0.2493716024 0.1444764960 0.1444764960 1.0000000000
0.035294 0.2606767820 0.1527873668 0.1527873668 1.0000000000
0.039216 0.2717467578 0.1608649631 0.1608649631 1.0000000000
0.043137 0.2828167335 0.1689425594 0.1689425594 1.0000000000
0.047059 0.2938867093 0.1770201558 0.1770201558 1.0000000000
0.050980 0.3036964542 0.1840111709 0.1840111709 1.0000000000
0.054902 0.3132961815 0.1908211071 0.1908211071 1.0000000000
0.058824 0.3228959087 0.1976310433 0.1976310433 1.0000000000
0.062745 0.3324956359 0.2044409795 0.2044409795 1.0000000000
0.066667 0.3412817461 0.2105949020 0.2105949020 1.0000000000
0.070588 0.3498764371 0.2165944845 0.2165944845 1.0000000000
0.074510 0.3584711280 0.2225940669 0.2225940669 1.0000000000
0.078431 0.3670658190 0.2285936494 0.2285936494 1.0000000000
0.082353 0.3750942825 0.2341546315 0.2341546315 1.0000000000
0.086275 0.3829458198 0.2395785664 0.2395785664 1.0000000000
0.090196 0.3907973571 0.2450025012 0.2450025012 1.0000000000
0.094118 0.3986488943 0.2504264361 0.2504264361 1.0000000000
0.098039 0.4060872995 0.2555390659 0.2555390659 1.0000000000
0.101961 0.4133604715 0.2605271885 0.2605271885 1.0000000000
0.105882 0.4206336434 0.2655153111 0.2655153111 1.0000000000
0.109804 0.4279068154 0.2705034338 0.2705034338 1.0000000000
0.113725 0.4348690092 0.2752611229 0.2752611229 1.0000000000
0.117647 0.4416757336 0.2799036099 0.2799036099 1.0000000000
0.121569 0.4484824581 0.2845460969 0.2845460969 1.0000000000
0.125490 0.4552891825 0.2891885839 0.2891885839 1.0000000000
0.129412 0.4618563883 0.2936565557 0.2936565557 1.0000000000
0.133333 0.4682762183 0.2980171483 0.2980171483 1.0000000000
0.137255 0.4746960482 0.3023777409 0.3023777409 1.0000000000
0.141176 0.4811158782 0.3067383335 0.3067383335 1.0000000000
0.145098 0.4873483548 0.3109638114 0.3109638114 1.0000000000
0.149020 0.4934403374 0.3150879685 0.3150879685 1.0000000000
0.152941 0.4995323199 0.3192121255 0.3192121255 1.0000000000
0.156863 0.5056243025 0.3233362826 0.3233362826 1.0000000000
0.160784 0.5115686147 0.3273549608 0.3273549608 1.0000000000
0.164706 0.5173787028 0.3312777648 0.3312777648 1.0000000000
0.168627 0.5231887910 0.3352005687 0.3352005687 1.0000000000
0.172549 0.5289988792 0.3391233726 0.3391233726 1.0000000000
0.176471 0.5346917798 0.3429628745 0.3429628745 1.0000000000
0.180392 0.5402557971 0.3467107606 0.3467107606 1.0000000000
0.184314 0.5458198144 0.3504586467 0.3504586467 1.0000000000
0.188235 0.5513838318 0.3542065328 0.3542065328 1.0000000000
0.192157 0.5568546620 0.3578888703 0.3578888703 1.0000000000
0.196078 0.5622012673 0.3614838268 0.3614838268 1.0000000000
0.200000 0.5675478727 0.3650787833 0.3650787833 1.0000000000
0.203922 0.5728944780 0.3686737399 0.3686737399 1.0000000000
0.207843 0.5781672849 0.3722169245 0.3722169245 1.0000000000
0.211765 0.5833201959 0.3756759986 0.3756759986 1.0000000000
0.215686 0.5884731069 0.3791350726 0.3791350726 1.0000000000
0.219608 0.5936260180 0.3825941466 0.3825941466 1.0000000000
0.223529 0.5987208603 0.3860127785 0.3860127785 1.0000000000
0.227451 0.6036995946 0.3893505465 0.3893505465 1.0000000000
0.231373 0.6086783290 0.3926883146 0.3926883146 1.0000000000
0.235294 0.6136570634 0.3960260826 0.3960260826 1.0000000000
0.239216 0.6185908941 0.3993325028 0.3993325028 1.0000000000
0.243137 0.6234124989 0.4025605766 0.4025605766 1.0000000000
0.247059 0.6282341038 0.4057886504 0.4057886504 1.0000000000
0.250980 0.6330557086 0.4090167242 0.4090167242 1.0000000000
0.254902 0.6378430688 0.4122210857 0.4122210857 1.0000000000
0.258824 0.6425208852 0.4153495947 0.4153495947 1.0000000000
0.262745 0.6471987016 0.4184781037 0.4184781037 1.0000000000
0.266667 0.6518765181 0.4216066127 0.4216066127 1.0000000000
0.270588 0.6565293372 0.4247178920 0.4247178920 1.0000000000
0.274510 0.6610759653 0.4277559774 0.4277559774 1.0000000000
0.278431 0.6656225934 0.4307940628 0.4307940628 1.0000000000
0.282353 0.6701692215 0.4338321482 0.4338321482 1.0000000000
0.286275 0.6746985819 0.4368582980 0.4368582980 1.0000000000
0.290196 0.6791243981 0.4398128775 0.4398128775 1.0000000000
0.294118 0.6835502143 0.4427674569 0.4427674569 1.0000000000
0.298039 0.6879760305 0.4457220363 0.4457220363 1.0000000000
0.301961 0.6923911792 0.4486693157 0.4486693157 1.0000000000
0.305882 0.6967050777 0.4515473068 0.4515473068 1.0000000000
0.309804 0.7010189761 0.4544252979 0.4544252979 1.0000000000
0.313725 0.7053328745 0.4573032891 0.4573032891 1.0000000000
0.317647 0.7096418352 0.4601778862 0.4601778862 1.0000000000
0.321569 0.7138522158 0.4629847243 0.4629847243 1.0000000000
0.325490 0.7180625965 0.4657915624 0.4657915624 1.0000000000
0.329412 0.7222729772 0.4685984005 0.4685984005 1.0000000000
0.333333 0.7264833497 0.4714052330 0.4714052330 1.0000000000
0.337255 0.7305971303 0.4741458592 0.4741458592 1.0000000000
0.341176 0.7347109108 0.4768864855 0.4768864855 1.0000000000
0.345098 0.7388246914 0.4796271118 0.4796271118 1.0000000000
0.349020 0.7429384720 0.4823677380 0.4823677380 1.0000000000
0.352941 0.7469665974 0.4850497705 0.4850497705 1.0000000000
0.356863 0.7509904485 0.4877288791 0.4877288791 1.0000000000
0.360784 0.7550142996 0.4904079877 0.4904079877 1.0000000000
0.364706 0.7590381507 0.4930870962 0.4930870962 1.0000000000
0.368627 0.7609713375 0.4987535386 0.4957141170 1.0000000000
0.372549 0.7626846922 0.5047340976 0.4983356608 1.0000000000
0.376471 0.7643980468 0.5107146565 0.5009572046 1.0000000000
0.380392 0.7661114015 0.5166952154 0.5035787484 1.0000000000
0.384314 0.7678116252 0.5224466187 0.5061536986 1.0000000000
0.388235 0.7695096622 0.5281598597 0.5087208894 1.0000000000
0.392157 0.7712076992 0.5338731007 0.5112880802 1.0000000000
0.396078 0.7729057362 0.5395863417 0.5138552711 1.0000000000
0.400000 0.7745917717 0.5451095588 0.5163816567 1.0000000000
0.403922 0.7762749851 0.5505880937 0.5188984475 1.0000000000
0.407843 0.7779581986 0.5560666286 0.5214152382 1.0000000000
0.411765 0.7796414120 0.5615451635 0.5239320290 1.0000000000
0.415686 0.7813135181 0.5668653705 0.5264119205 1.0000000000
0.419608 0.7829821550 0.5721361287 0.5288802876 1.0000000000
0.423529 0.7846507920 0.5774068869 0.5313486548 1.0000000000
0.427451 0.7863194289 0.5826776451 0.5338170220 1.0000000000
0.431373 0.7879778290 0.5878156770 0.5362532666 1.0000000000
0.435294 0.7896321366 0.5929006468 0.5386766690 1.0000000000
0.439216 0.7912864441 0.5979856166 0.5411000714 1.0000000000
0.443137 0.7929407516 0.6030705864 0.5435234738 1.0000000000
0.447059 0.7945858341 0.6080438665 0.5459182125 1.0000000000
0.450980 0.7962263063 0.6129613302 0.5482986267 1.0000000000
0.454902 0.7978667785 0.6178787940 0.5506790408 1.0000000000
0.458824 0.7995072508 0.6227962577 0.5530594550 1.0000000000
0.462745 0.8011394626 0.6276196447 0.5554146290 1.0000000000
0.466667 0.8027665936 0.6323851671 0.5577542784 1.0000000000
0.470588 0.8043937247 0.6371506895 0.5600939278 1.0000000000
0.474510 0.8060208557 0.6419162119 0.5624335772 1.0000000000
0.478431 0.8076403616 0.6466026586 0.5647511984 1.0000000000
0.482353 0.8092541514 0.6512298280 0.5670523066 1.0000000000
0.486275 0.8108679413 0.6558569973 0.5693534147 1.0000000000
0.490196 0.8124817311 0.6604841666 0.5716545229 1.0000000000
0.494118 0.8140887371 0.6650443949 0.5739361400 1.0000000000
0.498039 0.8156895790 0.6695437983 0.5762000467 1.0000000000
0.501961 0.8172904210 0.6740432017 0.5784639533 1.0000000000
0.505882 0.8188912629 0.6785426051 0.5807278600 1.0000000000
0.509804 0.8204862720 0.6829862757 0.5829752508 1.0000000000
0.513725 0.8220748618 0.6873686095 0.5852044648 1.0000000000
0.517647 0.8236634517 0.6917509433 0.5874336787 1.0000000000
0.521569 0.8252520415 0.6961332771 0.5896628927 1.0000000000
0.525490 0.8268352328 0.7004691417 0.5918777108 1.0000000000
0.529412 0.8284112226 0.7047430165 0.5940733248 1.0000000000
0.533333 0.8299872125 0.7090168914 0.5962689387 1.0000000000
0.537255 0.8315632023 0.7132907663 0.5984645527 1.0000000000
0.541176 0.8331346758 0.7175262529 0.6006479351 1.0000000000
0.545098 0.8346988068 0.7216993277 0.6028114314 1.0000000000
0.549020 0.8362629378 0.7258724024 0.6049749277 1.0000000000
0.552941 0.8378270687 0.7300454772 0.6071384239 1.0000000000
0.556863 0.8393873304 0.7341871861 0.6092916296 1.0000000000
0.560784 0.8409398496 0.7382661314 0.6114242435 1.0000000000
0.564706 0.8424923688 0.7423450766 0.6135568574 1.0000000000
0.568627 0.8440448880 0.7464240219 0.6156894713 1.0000000000
0.572549 0.8455941614 0.7504779179 0.6178137590 1.0000000000
0.576471 0.8471353159 0.7544691572 0.6199172199 1.0000000000
0.580392 0.8486764704 0.7584603965 0.6220206808 1.0000000000
0.584314 0.8502176249 0.7624516358 0.6241241417 1.0000000000
0.588235 0.8517560747 0.7664231778 0.6262208409 1.0000000000
0.592157 0.8532858644 0.7703316523 0.6282958901 1.0000000000
0.596078 0.8548156542 0.7742401268 0.6303709392 1.0000000000
0.600000 0.8563454440 0.7781486013 0.6324459883 1.0000000000
0.603922 0.8578731172 0.7820423072 0.6345159108 1.0000000000
0.607843 0.8593917893 0.7858732051 0.6365640305 1.0000000000
0.611765 0.8609104614 0.7897041031 0.6386121502 1.0000000000
0.615686 0.8624291335 0.7935350010 0.6406602699 1.0000000000
0.619608 0.8639462890 0.7973554590 0.6427046509 1.0000000000
0.623529 0.8654543376 0.8011132275 0.6447265824 1.0000000000
0.627451 0.8669623861 0.8048709960 0.6467485138 1.0000000000
0.631373 0.8684704347 0.8086287644 0.6487704452 1.0000000000
0.635294 0.8699774960 0.8123799746 0.6507899790 1.0000000000
0.639216 0.8714751681 0.8160688136 0.6527867104 1.0000000000
0.643137 0.8729728402 0.8197576526 0.6547834418 1.0000000000
0.647059 0.8744705123 0.8234464915 0.6567801732 1.0000000000
0.650980 0.8759676912 0.8271322070 0.6587757656 1.0000000000
0.654902 0.8774549868 0.8307553282 0.6607485323 1.0000000000
0.658824 0.8789422824 0.8343784495 0.6627212990 1.0000000000
0.662745 0.8804295780 0.8380015708 0.6646940656 1.0000000000
0.666667 0.8819168736 0.8416246920 0.6666668323 1.0000000000
0.670588 0.8833940406 0.8451860538 0.6686158833 1.0000000000
0.674510 0.8848712068 0.8487474103 0.6705649323 1.0000000000
0.678431 0.8863483730 0.8523087668 0.6725139814 1.0000000000
0.682353 0.8878255392 0.8558701233 0.6744630304 1.0000000000
0.686275 0.8892932944 0.8593752492 0.6763909047 1.0000000000
0.690196 0.8907605782 0.8628775586 0.6783177184 1.0000000000
0.694118 0.8922278620 0.8663798680 0.6802445321 1.0000000000
0.698039 0.8936951458 0.8698821774 0.6821713458 1.0000000000
0.701961 0.8951537127 0.8733335263 0.6840784905 1.0000000000
0.705882 0.8966113613 0.8767795063 0.6859835630 1.0000000000
0.709804 0.8980690098 0.8802254862 0.6878886355 1.0000000000
0.713725 0.8995266583 0.8836714661 0.6897937080 1.0000000000
0.717647 0.9009762604 0.8870717087 0.6916805702 1.0000000000
0.721569 0.9024245207 0.8904643238 0.6935643957 1.0000000000
0.725490 0.9038727810 0.8938569390 0.6954482211 1.0000000000
0.729412 0.9053210412 0.8972495541 0.6973320465 1.0000000000
0.733333 0.9067617022 0.9006007728 0.6991994733 1.0000000000
0.737255 0.9082005742 0.9039422467 0.7010630398 1.0000000000
0.741176 0.9096394462 0.9072837206 0.7029266064 1.0000000000
0.745098 0.9110783182 0.9106251946 0.7047901730 1.0000000000
0.749020 0.9125102261 0.9125102261 0.7093620297 1.0000000000
0.752941 0.9139399570 0.9139399570 0.7147805292 1.0000000000
0.756863 0.9153696878 0.9153696878 0.7201990288 1.0000000000
0.760784 0.9167994187 0.9167994187 0.7256175283 1.0000000000
0.764706 0.9182226206 0.9182226206 0.7309225668 1.0000000000
0.768627 0.9196432103 0.9196432103 0.7361822073 1.0000000000
0.772549 0.9210638000 0.9210638000 0.7414418479 1.0000000000
0.776471 0.9224843896 0.9224843896 0.7467014884 1.0000000000
0.780392 0.9238992150 0.9238992150 0.7518642901 1.0000000000
0.784314 0.9253111576 0.9253111576 0.7569786599 1.0000000000
0.788235 0.9267231002 0.9267231002 0.7620930297 1.0000000000
0.792157 0.9281350428 0.9281350428 0.7672073995 1.0000000000
0.796078 0.9295416329 0.9295416329 0.7722387293 1.0000000000
0.800000 0.9309449284 0.9309449284 0.7772189460 1.0000000000
0.803922 0.9323482240 0.9323482240 0.7821991628 1.0000000000
0.807843 0.9337515195 0.9337515195 0.7871793795 1.0000000000
0.811765 0.9351500154 0.9351500154 0.7920885904 1.0000000000
0.815686 0.9365449109 0.9365449109 0.7969445365 1.0000000000
0.819608 0.9379398064 0.9379398064 0.8018004825 1.0000000000
0.823529 0.9393347019 0.9393347019 0.8066564285 1.0000000000
0.827451 0.9407251978 0.9407251978 0.8114522032 1.0000000000
0.831373 0.9421116933 0.9421116933 0.8161932667 1.0000000000
0.835294 0.9434981888 0.9434981888 0.8209343303 1.0000000000
0.839216 0.9448846843 0.9448846843 0.8256753939 1.0000000000
0.843137 0.9462672978 0.9462672978 0.8303651676 1.0000000000
0.847059 0.9476456404 0.9476456404 0.8349985134 1.0000000000
0.850980 0.9490239829 0.9490239829 0.8396318592 1.0000000000
0.854902 0.9504023255 0.9504023255 0.8442652050 1.0000000000
0.858824 0.9517771742 0.9517771742 0.8488555662 1.0000000000
0.862745 0.9531473638 0.9531473638 0.8533886060 1.0000000000
0.866667 0.9545175534 0.9545175534 0.8579216459 1.0000000000
0.870588 0.9558877430 0.9558877430 0.8624546857 1.0000000000
0.874510 0.9572549211 0.9572549211 0.8669519638 1.0000000000
0.878431 0.9586172048 0.9586172048 0.8713911212 1.0000000000
0.882353 0.9599794885 0.9599794885 0.8758302786 1.0000000000
0.886275 0.9613417723 0.9613417723 0.8802694360 1.0000000000
0.890196 0.9627015032 0.9627015032 0.8846789488 1.0000000000
0.894118 0.9640561281 0.9640561281 0.8890291649 1.0000000000
0.898039 0.9654107530 0.9654107530 0.8933793810 1.0000000000
0.901961 0.9667653779 0.9667653779 0.8977295971 1.0000000000
0.905882 0.9681178147 0.9681178147 0.9020560976 1.0000000000
0.909804 0.9694647808 0.9694647808 0.9063233019 1.0000000000
0.913725 0.9708117468 0.9708117468 0.9105905061 1.0000000000
0.917647 0.9721587129 0.9721587129 0.9148577104 1.0000000000
0.921569 0.9735039144 0.9735039144 0.9191060927 1.0000000000
0.925490 0.9748434687 0.9748434687 0.9232942381 1.0000000000
0.929412 0.9761830229 0.9761830229 0.9274823834 1.0000000000
0.933333 0.9775225772 0.9775225772 0.9316705288 1.0000000000
0.937255 0.9788607199 0.9788607199 0.9358444636 1.0000000000
0.941176 0.9801928624 0.9801928624 0.9399579971 1.0000000000
0.945098 0.9815250049 0.9815250049 0.9440715306 1.0000000000
0.949020 0.9828571474 0.9828571474 0.9481850642 1.0000000000
0.952941 0.9841882312 0.9841882312 0.9522885044 1.0000000000
0.956863 0.9855129619 0.9855129619 0.9563313791 1.0000000000
0.960784 0.9868376926 0.9868376926 0.9603742537 1.0000000000
0.964706 0.9881624234 0.9881624234 0.9644171283 1.0000000000
0.968627 0.9894864953 0.9894864953 0.9684536035 1.0000000000
0.972549 0.9908043084 0.9908043084 0.9724292781 1.0000000000
0.976471 0.9921221215 0.9921221215 0.9764049526 1.0000000000
0.980392 0.9934399346 0.9934399346 0.9803806272 1.0000000000
0.984314 0.9947574065 0.9947574065 0.9843532549 1.0000000000
0.988235 0.9960680549 0.9960680549 0.9882649412 1.0000000000
0.992157 0.9973787033 0.9973787033 0.9921766275 1.0000000000
0.996078 0.9986893516 0.9986893516 0.9960883137 1.0000000000
1.000000 1.0000000000 1.0000000000 1.0000000000 1.0000000000
