0.000000 0.5568627451 0.0039215686 0.3215686275 1.0000000000
0.003922 0.5653210304 0.0079200308 0.3281814687 1.0000000000
0.007843 0.5737793156 0.0119184929 0.3347943099 1.0000000000
0.011765 0.5822376009 0.0159169550 0.3414071511 1.0000000000
0.015686 0.5906958862 0.0199154171 0.3480199923 1.0000000000
0.019608 0.5991541715 0.0239138793 0.3546328335 1.0000000000
0.023529 0.6076124567 0.0279123414 0.3612456747 1.0000000000
0.027451 0.6160707420 0.0319108035 0.3678585160 1.0000000000
0.031373 0.6245290273 0.0359092657 0.3744713572 1.0000000000
0.035294 0.6329873126 0.0399077278 0.3810841984 1.0000000000
0.039216 0.6414455978 0.0439061899 0.3876970396 1.0000000000
0.043137 0.6499038831 0.0479046521 0.3943098808 1.0000000000
0.047059 0.6583621684 0.0519031142 0.4009227220 1.0000000000
0.050980 0.6668204537 0.0559015763 0.4075355632 1.0000000000
0.054902 0.6752787389 0.0599000384 0.4141484045 1.0000000000
0.058824 0.6837370242 0.0638985006 0.4207612457 1.0000000000
0.062745 0.6921953095 0.0678969627 0.4273740869 1.0000000000
0.066667 0.7006535948 0.0718954248 0.4339869281 1.0000000000
0.070588 0.7091118800 0.0758938870 0.4405997693 1.0000000000
0.074510 0.7175701653 0.0798923491 0.4472126105 1.0000000000
0.078431 0.7260284506 0.0838908112 0.4538254517 1.0000000000
0.082353 0.7344867359 0.0878892734 0.4604382930 1.0000000000
0.086275 0.7429450211 0.0918877355 0.4670511342 1.0000000000
0.090196 0.7514033064 0.0958861976 0.4736639754 1.0000000000
0.094118 0.7598615917 0.0998846597 0.4802768166 1.0000000000
0.098039 0.7683198770 0.1038831219 0.4868896578 1.0000000000
0.101961 0.7744713572 0.1129565552 0.4939638601 1.0000000000
0.105882 0.7783160323 0.1271049596 0.5014994233 1.0000000000
0.109804 0.7821607074 0.1412533641 0.5090349865 1.0000000000
0.113725 0.7860053825 0.1554017686 0.5165705498 1.0000000000
0.117647 0.7898500577 0.1695501730 0.5241061130 1.0000000000
0.121569 0.7936947328 0.1836985775 0.5316416763 1.0000000000
0.125490 0.7975394079 0.1978469819 0.5391772395 1.0000000000
0.129412 0.8013840830 0.2119953864 0.5467128028 1.0000000000
0.133333 0.8052287582 0.2261437908 0.5542483660 1.0000000000
0.137255 0.8090734333 0.2402921953 0.5617839293 1.0000000000
0.141176 0.8129181084 0.2544405998 0.5693194925 1.0000000000
0.145098 0.8167627835 0.2685890042 0.5768550557 1.0000000000
0.149020 0.8206074587 0.2827374087 0.5843906190 1.0000000000
0.152941 0.8244521338 0.2968858131 0.5919261822 1.0000000000
0.156863 0.8282968089 0.3110342176 0.5994617455 1.0000000000
0.160784 0.8321414840 0.3251826221 0.6069973087 1.0000000000
0.164706 0.8359861592 0.3393310265 0.6145328720 1.0000000000
0.168627 0.8398308343 0.3534794310 0.6220684352 1.0000000000
0.172549 0.8436755094 0.3676278354 0.6296039985 1.0000000000
0.176471 0.8475201845 0.3817762399 0.6371395617 1.0000000000
0.180392 0.8513648597 0.3959246444 0.6446751250 1.0000000000
0.184314 0.8552095348 0.4100730488 0.6522106882 1.0000000000
0.188235 0.8590542099 0.4242214533 0.6597462514 1.0000000000
0.192157 0.8628988850 0.4383698577 0.6672818147 1.0000000000
0.196078 0.8667435602 0.4525182622 0.6748173779 1.0000000000
0.200000 0.8705882353 0.4666666667 0.6823529412 1.0000000000
0.203922 0.8735101884 0.4763552480 0.6891195694 1.0000000000
0.207843 0.8764321415 0.4860438293 0.6958861976 1.0000000000
0.211765 0.8793540946 0.4957324106 0.7026528258 1.0000000000
0.215686 0.8822760477 0.5054209919 0.7094194541 1.0000000000
0.219608 0.8851980008 0.5151095732 0.7161860823 1.0000000000
0.223529 0.8881199539 0.5247981546 0.7229527105 1.0000000000
0.227451 0.8910419070 0.5344867359 0.7297193387 1.0000000000
0.231373 0.8939638601 0.5441753172 0.7364859669 1.0000000000
0.235294 0.8968858131 0.5538638985 0.7432525952 1.0000000000
0.239216 0.8998077662 0.5635524798 0.7500192234 1.0000000000
0.243137 0.9027297193 0.5732410611 0.7567858516 1.0000000000
0.247059 0.9056516724 0.5829296424 0.7635524798 1.0000000000
0.250980 0.9085736255 0.5926182238 0.7703191080 1.0000000000
0.254902 0.9114955786 0.6023068051 0.7770857363 1.0000000000
0.258824 0.9144175317 0.6119953864 0.7838523645 1.0000000000
0.262745 0.9173394848 0.6216839677 0.7906189927 1.0000000000
0.266667 0.9202614379 0.6313725490 0.7973856209 1.0000000000
0.270588 0.9231833910 0.6410611303 0.8041522491 1.0000000000
0.274510 0.9261053441 0.6507497116 0.8109188774 1.0000000000
0.278431 0.9290272972 0.6604382930 0.8176855056 1.0000000000
0.282353 0.9319492503 0.6701268743 0.8244521338 1.0000000000
0.286275 0.9348712034 0.6798154556 0.8312187620 1.0000000000
0.290196 0.9377931565 0.6895040369 0.8379853902 1.0000000000
0.294118 0.9407151096 0.6991926182 0.8447520185 1.0000000000
0.298039 0.9436370627 0.7088811995 0.8515186467 1.0000000000
0.301961 0.9460207612 0.7169550173 0.8565167243 1.0000000000
0.305882 0.9478662053 0.7234140715 0.8597462514 1.0000000000
0.309804 0.9497116494 0.7298731257 0.8629757785 1.0000000000
0.313725 0.9515570934 0.7363321799 0.8662053057 1.0000000000
0.317647 0.9534025375 0.7427912341 0.8694348328 1.0000000000
0.321569 0.9552479815 0.7492502884 0.8726643599 1.0000000000
0.325490 0.9570934256 0.7557093426 0.8758938870 1.0000000000
0.329412 0.9589388697 0.7621683968 0.8791234141 1.0000000000
0.333333 0.9607843137 0.7686274510 0.8823529412 1.0000000000
0.337255 0.9626297578 0.7750865052 0.8855824683 1.0000000000
0.341176 0.9644752018 0.7815455594 0.8888119954 1.0000000000
0.345098 0.9663206459 0.7880046136 0.8920415225 1.0000000000
0.349020 0.9681660900 0.7944636678 0.8952710496 1.0000000000
0.352941 0.9700115340 0.8009227220 0.8985005767 1.0000000000
0.356863 0.9718569781 0.8073817762 0.9017301038 1.0000000000
0.360784 0.9737024221 0.8138408304 0.9049596309 1.0000000000
0.364706 0.9755478662 0.8202998847 0.9081891580 1.0000000000
0.368627 0.9773933103 0.8267589389 0.9114186851 1.0000000000
0.372549 0.9792387543 0.8332179931 0.9146482122 1.0000000000
0.376471 0.9810841984 0.8396770473 0.9178777393 1.0000000000
0.380392 0.9829296424 0.8461361015 0.9211072664 1.0000000000
0.384314 0.9847750865 0.8525951557 0.9243367935 1.0000000000
0.388235 0.9866205306 0.8590542099 0.9275663206 1.0000000000
0.392157 0.9884659746 0.8655132641 0.9307958478 1.0000000000
0.396078 0.9903114187 0.8719723183 0.9340253749 1.0000000000
0.400000 0.9921568627 0.8784313725 0.9372549020 1.0000000000
0.403922 0.9912341407 0.8819684737 0.9384851980 1.0000000000
0.407843 0.9903114187 0.8855055748 0.9397154940 1.0000000000
0.411765 0.9893886967 0.8890426759 0.9409457901 1.0000000000
0.415686 0.9884659746 0.8925797770 0.9421760861 1.0000000000
0.419608 0.9875432526 0.8961168781 0.9434063822 1.0000000000
0.423529 0.9866205306 0.8996539792 0.9446366782 1.0000000000
0.427451 0.9856978085 0.9031910804 0.9458669742 1.0000000000
0.431373 0.9847750865 0.9067281815 0.9470972703 1.0000000000
0.435294 0.9838523645 0.9102652826 0.9483275663 1.0000000000
0.439216 0.9829296424 0.9138023837 0.9495578624 1.0000000000
0.443137 0.9820069204 0.9173394848 0.9507881584 1.0000000000
0.447059 0.9810841984 0.9208765859 0.9520184544 1.0000000000
0.450980 0.9801614764 0.9244136870 0.9532487505 1.0000000000
0.454902 0.9792387543 0.9279507882 0.9544790465 1.0000000000
0.458824 0.9783160323 0.9314878893 0.9557093426 1.0000000000
0.462745 0.9773933103 0.9350249904 0.9569396386 1.0000000000
0.466667 0.9764705882 0.9385620915 0.9581699346 1.0000000000
0.470588 0.9755478662 0.9420991926 0.9594002307 1.0000000000
0.474510 0.9746251442 0.9456362937 0.9606305267 1.0000000000
0.478431 0.9737024221 0.9491733948 0.9618608228 1.0000000000
0.482353 0.9727797001 0.9527104960 0.9630911188 1.0000000000
0.486275 0.9718569781 0.9562475971 0.9643214148 1.0000000000
0.490196 0.9709342561 0.9597846982 0.9655517109 1.0000000000
0.494118 0.9700115340 0.9633217993 0.9667820069 1.0000000000
0.498039 0.9690888120 0.9668589004 0.9680123030 1.0000000000
0.501961 0.9673202614 0.9684736640 0.9656286044 1.0000000000
0.505882 0.9647058824 0.9681660900 0.9596309112 1.0000000000
0.509804 0.9620915033 0.9678585160 0.9536332180 1.0000000000
0.513725 0.9594771242 0.9675509419 0.9476355248 1.0000000000
0.517647 0.9568627451 0.9672433679 0.9416378316 1.0000000000
0.521569 0.9542483660 0.9669357939 0.9356401384 1.0000000000
0.525490 0.9516339869 0.9666282199 0.9296424452 1.0000000000
0.529412 0.9490196078 0.9663206459 0.9236447520 1.0000000000
0.533333 0.9464052288 0.9660130719 0.9176470588 1.0000000000
0.537255 0.9437908497 0.9657054979 0.9116493656 1.0000000000
0.541176 0.9411764706 0.9653979239 0.9056516724 1.0000000000
0.545098 0.9385620915 0.9650903499 0.8996539792 1.0000000000
0.549020 0.9359477124 0.9647827759 0.8936562860 1.0000000000
0.552941 0.9333333333 0.9644752018 0.8876585928 1.0000000000
0.556863 0.9307189542 0.9641676278 0.8816608997 1.0000000000
0.560784 0.9281045752 0.9638600538 0.8756632065 1.0000000000
0.564706 0.9254901961 0.9635524798 0.8696655133 1.0000000000
0.568627 0.9228758170 0.9632449058 0.8636678201 1.0000000000
0.572549 0.9202614379 0.9629373318 0.8576701269 1.0000000000
0.576471 0.9176470588 0.9626297578 0.8516724337 1.0000000000
0.580392 0.9150326797 0.9623221838 0.8456747405 1.0000000000
0.584314 0.9124183007 0.9620146098 0.8396770473 1.0000000000
0.588235 0.9098039216 0.9617070358 0.8336793541 1.0000000000
0.592157 0.9071895425 0.9613994617 0.8276816609 1.0000000000
0.596078 0.9045751634 0.9610918877 0.8216839677 1.0000000000
0.600000 0.9019607843 0.9607843137 0.8156862745 1.0000000000
0.603922 0.8948865821 0.9577085736 0.8043060361 1.0000000000
0.607843 0.8878123799 0.9546328335 0.7929257978 1.0000000000
0.611765 0.8807381776 0.9515570934 0.7815455594 1.0000000000
0.615686 0.8736639754 0.9484813533 0.7701653210 1.0000000000
0.619608 0.8665897732 0.9454056132 0.7587850827 1.0000000000
0.623529 0.8595155709 0.9423298731 0.7474048443 1.0000000000
0.627451 0.8524413687 0.9392541330 0.7360246059 1.0000000000
0.631373 0.8453671665 0.9361783929 0.7246443676 1.0000000000
0.635294 0.8382929642 0.9331026528 0.7132641292 1.0000000000
0.639216 0.8312187620 0.9300269127 0.7018838908 1.0000000000
0.643137 0.8241445598 0.9269511726 0.6905036524 1.0000000000
0.647059 0.8170703576 0.9238754325 0.6791234141 1.0000000000
0.650980 0.8099961553 0.9207996924 0.6677431757 1.0000000000
0.654902 0.8029219531 0.9177239523 0.6563629373 1.0000000000
0.658824 0.7958477509 0.9146482122 0.6449826990 1.0000000000
0.662745 0.7887735486 0.9115724721 0.6336024606 1.0000000000
0.666667 0.7816993464 0.9084967320 0.6222222222 1.0000000000
0.670588 0.7746251442 0.9054209919 0.6108419839 1.0000000000
0.674510 0.7675509419 0.9023452518 0.5994617455 1.0000000000
0.678431 0.7604767397 0.8992695117 0.5880815071 1.0000000000
0.682353 0.7534025375 0.8961937716 0.5767012687 1.0000000000
0.686275 0.7463283353 0.8931180315 0.5653210304 1.0000000000
0.690196 0.7392541330 0.8900422914 0.5539407920 1.0000000000
0.694118 0.7321799308 0.8869665513 0.5425605536 1.0000000000
0.698039 0.7251057286 0.8838908112 0.5311803153 1.0000000000
0.701961 0.7171856978 0.8795078816 0.5201845444 1.0000000000
0.705882 0.7084198385 0.8738177624 0.5095732411 1.0000000000
0.709804 0.6996539792 0.8681276432 0.4989619377 1.0000000000
0.713725 0.6908881200 0.8624375240 0.4883506344 1.0000000000
0.717647 0.6821222607 0.8567474048 0.4777393310 1.0000000000
0.721569 0.6733564014 0.8510572857 0.4671280277 1.0000000000
0.725490 0.6645905421 0.8453671665 0.4565167243 1.0000000000
0.729412 0.6558246828 0.8396770473 0.4459054210 1.0000000000
0.733333 0.6470588235 0.8339869281 0.4352941176 1.0000000000
0.737255 0.6382929642 0.8282968089 0.4246828143 1.0000000000
0.741176 0.6295271050 0.8226066897 0.4140715110 1.0000000000
0.745098 0.6207612457 0.8169165705 0.4034602076 1.0000000000
0.749020 0.6119953864 0.8112264514 0.3928489043 1.0000000000
0.752941 0.6032295271 0.8055363322 0.3822376009 1.0000000000
0.756863 0.5944636678 0.7998462130 0.3716262976 1.0000000000
0.760784 0.5856978085 0.7941560938 0.3610149942 1.0000000000
0.764706 0.5769319493 0.7884659746 0.3504036909 1.0000000000
0.768627 0.5681660900 0.7827758554 0.3397923875 1.0000000000
0.772549 0.5594002307 0.7770857363 0.3291810842 1.0000000000
0.776471 0.5506343714 0.7713956171 0.3185697809 1.0000000000
0.780392 0.5418685121 0.7657054979 0.3079584775 1.0000000000
0.784314 0.5331026528 0.7600153787 0.2973471742 1.0000000000
0.788235 0.5243367935 0.7543252595 0.2867358708 1.0000000000
0.792157 0.5155709343 0.7486351403 0.2761245675 1.0000000000
0.796078 0.5068050750 0.7429450211 0.2655132641 1.0000000000
0.800000 0.4980392157 0.7372549020 0.2549019608 1.0000000000
0.803922 0.4903498654 0.7307958478 0.2499807766 1.0000000000
0.807843 0.4826605152 0.7243367935 0.2450595925 1.0000000000
0.811765 0.4749711649 0.7178777393 0.2401384083 1.0000000000
0.815686 0.4672818147 0.7114186851 0.2352172241 1.0000000000
0.819608 0.4595924644 0.7049596309 0.2302960400 1.0000000000
0.823529 0.4519031142 0.6985005767 0.2253748558 1.0000000000
0.827451 0.4442137639 0.6920415225 0.2204536717 1.0000000000
0.831373 0.4365244137 0.6855824683 0.2155324875 1.0000000000
0.835294 0.4288350634 0.6791234141 0.2106113033 1.0000000000
0.839216 0.4211457132 0.6726643599 0.2056901192 1.0000000000
0.843137 0.4134563629 0.6662053057 0.2007689350 1.0000000000
0.847059 0.4057670127 0.6597462514 0.1958477509 1.0000000000
0.850980 0.3980776624 0.6532871972 0.1909265667 1.0000000000
0.854902 0.3903883122 0.6468281430 0.1860053825 1.0000000000
0.858824 0.3826989619 0.6403690888 0.1810841984 1.0000000000
0.862745 0.3750096117 0.6339100346 0.1761630142 1.0000000000
0.866667 0.3673202614 0.6274509804 0.1712418301 1.0000000000
0.870588 0.3596309112 0.6209919262 0.1663206459 1.0000000000
0.874510 0.3519415609 0.6145328720 0.1613994617 1.0000000000
0.878431 0.3442522107 0.6080738178 0.1564782776 1.0000000000
0.882353 0.3365628604 0.6016147636 0.1515570934 1.0000000000
0.886275 0.3288735102 0.5951557093 0.1466359093 1.0000000000
0.890196 0.3211841599 0.5886966551 0.1417147251 1.0000000000
0.894118 0.3134948097 0.5822376009 0.1367935409 1.0000000000
0.898039 0.3058054594 0.5757785467 0.1318723568 1.0000000000
0.901961 0.2990388312 0.5690119185 0.1287966167 1.0000000000
0.905882 0.2931949250 0.5619377163 0.1275663206 1.0000000000
0.909804 0.2873510188 0.5548635140 0.1263360246 1.0000000000
0.913725 0.2815071126 0.5477893118 0.1251057286 1.0000000000
0.917647 0.2756632065 0.5407151096 0.1238754325 1.0000000000
0.921569 0.2698193003 0.5336409073 0.1226451365 1.0000000000
0.925490 0.2639753941 0.5265667051 0.1214148404 1.0000000000
0.929412 0.2581314879 0.5194925029 0.1201845444 1.0000000000
0.933333 0.2522875817 0.5124183007 0.1189542484 1.0000000000
0.937255 0.2464436755 0.5053440984 0.1177239523 1.0000000000
0.941176 0.2405997693 0.4982698962 0.1164936563 1.0000000000
0.945098 0.2347558631 0.4911956940 0.1152633602 1.0000000000
0.949020 0.2289119569 0.4841214917 0.1140330642 1.0000000000
0.952941 0.2230680507 0.4770472895 0.1128027682 1.0000000000
0.956863 0.2172241446 0.4699730873 0.1115724721 1.0000000000
0.960784 0.2113802384 0.4628988850 0.1103421761 1.0000000000
0.964706 0.2055363322 0.4558246828 0.1091118800 1.0000000000
0.968627 0.1996924260 0.4487504806 0.1078815840 1.0000000000
0.972549 0.1938485198 0.4416762784 0.1066512880 1.0000000000
0.976471 0.1880046136 0.4346020761 0.1054209919 1.0000000000
0.980392 0.1821607074 0.4275278739 0.1041906959 1.0000000000
0.984314 0.1763168012 0.4204536717 0.1029603998 1.0000000000
0.988235 0.1704728950 0.4133794694 0.1017301038 1.0000000000
0.992157 0.1646289889 0.4063052672 0.1004998078 1.0000000000
0.996078 0.1587850827 0.3992310650 0.0992695117 1.0000000000
1.000000 0.1529411765 0.3921568627 0.0980392157 1.0000000000
