0.000000 0.0503830000 0.0298030000 0.5279750000 1.0000000000
0.003922 0.0635360000 0.0284260000 0.5331240000 1.0000000000
0.007843 0.0753530000 0.0272060000 0.5380070000 1.0000000000
0.011765 0.0862220000 0.0261250000 0.5426580000 1.0000000000
0.015686 0.0963790000 0.0251650000 0.5471030000 1.0000000000
0.019608 0.1059800000 0.0243090000 0.5513680000 1.0000000000
0.023529 0.1151240000 0.0235560000 0.5554680000 1.0000000000
0.027451 0.1239030000 0.0228780000 0.5594230000 1.0000000000
0.031373 0.1323810000 0.0222580000 0.5632500000 1.0000000000
0.035294 0.1406030000 0.0216870000 0.5669590000 1.0000000000
0.039216 0.1486070000 0.0211540000 0.5705620000 1.0000000000
0.043137 0.1564210000 0.0206510000 0.5740650000 1.0000000000
0.047059 0.1640700000 0.0201710000 0.5774780000 1.0000000000
0.050980 0.1715740000 0.0197060000 0.5808060000 1.0000000000
0.054902 0.1789500000 0.0192520000 0.5840540000 1.0000000000
0.058824 0.1862130000 0.0188030000 0.5872280000 1.0000000000
0.062745 0.1933740000 0.0183540000 0.5903300000 1.0000000000
0.066667 0.2004450000 0.0179020000 0.5933640000 1.0000000000
0.070588 0.2074350000 0.0174420000 0.5963330000 1.0000000000
0.074510 0.2143500000 0.0169730000 0.5992390000 1.0000000000
0.078431 0.2211970000 0.0164970000 0.6020830000 1.0000000000
0.082353 0.2279830000 0.0160070000 0.6048670000 1.0000000000
0.086275 0.2347150000 0.0155020000 0.6075920000 1.0000000000
0.090196 0.2413960000 0.0149790000 0.6102590000 1.0000000000
0.094118 0.2480320000 0.0144390000 0.6128680000 1.0000000000
0.098039 0.2546270000 0.0138820000 0.6154190000 1.0000000000
0.101961 0.2611830000 0.0133080000 0.6179110000 1.0000000000
0.105882 0.2677030000 0.0127160000 0.6203460000 1.0000000000
0.109804 0.2741910000 0.0121090000 0.6227220000 1.0000000000
0.113725 0.2806480000 0.0114880000 0.6250380000 1.0000000000
0.117647 0.2870760000 0.0108550000 0.6272950000 1.0000000000
0.121569 0.2934780000 0.0102130000 0.6294900000 1.0000000000
0.125490 0.2998550000 0.0095610000 0.6316240000 1.0000000000
0.129412 0.3062100000 0.0089020000 0.6336940000 1.0000000000
0.133333 0.3125430000 0.0082390000 0.6357000000 1.0000000000
0.137255 0.3188560000 0.0075760000 0.6376400000 1.0000000000
0.141176 0.3251500000 0.0069150000 0.6395120000 1.0000000000
0.145098 0.3314260000 0.0062610000 0.6413160000 1.0000000000
0.149020 0.3376830000 0.0056180000 0.6430490000 1.0000000000
0.152941 0.3439250000 0.0049910000 0.6447100000 1.0000000000
0.156863 0.3501500000 0.0043820000 0.6462980000 1.0000000000
0.160784 0.3563590000 0.0037980000 0.6478100000 1.0000000000
0.164706 0.3625530000 0.0032430000 0.6492450000 1.0000000000
0.168627 0.3687330000 0.0027240000 0.6506010000 1.0000000000
0.172549 0.3748970000 0.0022450000 0.6518760000 1.0000000000
0.176471 0.3810470000 0.0018140000 0.6530680000 1.0000000000
0.180392 0.3871830000 0.0014340000 0.6541770000 1.0000000000
0.184314 0.3933040000 0.0011140000 0.6551990000 1.0000000000
0.188235 0.3994110000 0.0008590000 0.6561330000 1.0000000000
0.192157 0.4055030000 0.0006780000 0.6569770000 1.0000000000
0.196078 0.4115800000 0.0005770000 0.6577300000 1.0000000000
0.200000 0.4176420000 0.0005640000 0.6583900000 1.0000000000
0.203922 0.4236890000 0.0006460000 0.6589560000 1.0000000000
0.207843 0.4297190000 0.0008310000 0.6594250000 1.0000000000
0.211765 0.4357340000 0.0011270000 0.6597970000 1.0000000000
0.215686 0.4417320000 0.0015400000 0.6600690000 1.0000000000
0.219608 0.4477140000 0.0020800000 0.6602400000 1.0000000000
0.223529 0.4536770000 0.0027550000 0.6603100000 1.0000000000
0.227451 0.4596230000 0.0035740000 0.6602770000 1.0000000000
0.231373 0.4655500000 0.0045450000 0.6601390000 1.0000000000
0.235294 0.4714570000 0.0056780000 0.6598970000 1.0000000000
0.239216 0.4773440000 0.0069800000 0.6595490000 1.0000000000
0.243137 0.4832100000 0.0084600000 0.6590950000 1.0000000000
0.247059 0.4890550000 0.0101270000 0.6585340000 1.0000000000
0.250980 0.4948770000 0.0119900000 0.6578650000 1.0000000000
0.254902 0.5006780000 0.0140550000 0.6570880000 1.0000000000
0.258824 0.5064540000 0.0163330000 0.6562020000 1.0000000000
0.262745 0.5122060000 0.0188330000 0.6552090000 1.0000000000
0.266667 0.5179330000 0.0215630000 0.6541090000 1.0000000000
0.270588 0.5236330000 0.0245320000 0.6529010000 1.0000000000
0.274510 0.5293060000 0.0277470000 0.6515860000 1.0000000000
0.278431 0.5349520000 0.0312170000 0.6501650000 1.0000000000
0.282353 0.5405700000 0.0349500000 0.6486400000 1.0000000000
0.286275 0.5461570000 0.0389540000 0.6470100000 1.0000000000
0.290196 0.5517150000 0.0431360000 0.6452770000 1.0000000000
0.294118 0.5572430000 0.0473310000 0.6434430000 1.0000000000
0.298039 0.5627380000 0.0515450000 0.6415090000 1.0000000000
0.301961 0.5682010000 0.0557780000 0.6394770000 1.0000000000
0.305882 0.5736320000 0.0600280000 0.6373490000 1.0000000000
0.309804 0.5790290000 0.0642960000 0.6351260000 1.0000000000
0.313725 0.5843910000 0.0685790000 0.6328120000 1.0000000000
0.317647 0.5897190000 0.0728780000 0.6304080000 1.0000000000
0.321569 0.5950110000 0.0771900000 0.6279170000 1.0000000000
0.325490 0.6002660000 0.0815160000 0.6253420000 1.0000000000
0.329412 0.6054850000 0.0858540000 0.6226860000 1.0000000000
0.333333 0.6106670000 0.0902040000 0.6199510000 1.0000000000
0.337255 0.6158120000 0.0945640000 0.6171400000 1.0000000000
0.341176 0.6209190000 0.0989340000 0.6142570000 1.0000000000
0.345098 0.6259870000 0.1033120000 0.6113050000 1.0000000000
0.349020 0.6310170000 0.1076990000 0.6082870000 1.0000000000
0.352941 0.6360080000 0.1120920000 0.6052050000 1.0000000000
0.356863 0.6409590000 0.1164920000 0.6020650000 1.0000000000
0.360784 0.6458720000 0.1208980000 0.5988670000 1.0000000000
0.364706 0.6507460000 0.1253090000 0.5956170000 1.0000000000
0.368627 0.6555800000 0.1297250000 0.5923170000 1.0000000000
0.372549 0.6603740000 0.1341440000 0.5889710000 1.0000000000
0.376471 0.6651290000 0.1385660000 0.5855820000 1.0000000000
0.380392 0.6698450000 0.1429920000 0.5821540000 1.0000000000
0.384314 0.6745220000 0.1474190000 0.5786880000 1.0000000000
0.388235 0.6791600000 0.1518480000 0.5751890000 1.0000000000
0.392157 0.6837580000 0.1562780000 0.5716600000 1.0000000000
0.396078 0.6883180000 0.1607090000 0.5681030000 1.0000000000
0.400000 0.6928400000 0.1651410000 0.5645220000 1.0000000000
0.403922 0.6973240000 0.1695730000 0.5609190000 1.0000000000
0.407843 0.7017690000 0.1740050000 0.5572960000 1.0000000000
0.411765 0.7061780000 0.1784370000 0.5536570000 1.0000000000
0.415686 0.7105490000 0.1828680000 0.5500040000 1.0000000000
0.419608 0.7148830000 0.1872990000 0.5463380000 1.0000000000
0.423529 0.7191810000 0.1917290000 0.5426630000 1.0000000000
0.427451 0.7234440000 0.1961580000 0.5389810000 1.0000000000
0.431373 0.7276700000 0.2005860000 0.5352930000 1.0000000000
0.435294 0.7318620000 0.2050130000 0.5316010000 1.0000000000
0.439216 0.7360190000 0.2094390000 0.5279080000 1.0000000000
0.443137 0.7401430000 0.2138640000 0.5242160000 1.0000000000
0.447059 0.7442320000 0.2182880000 0.5205240000 1.0000000000
0.450980 0.7482890000 0.2227110000 0.5168340000 1.0000000000
0.454902 0.7523120000 0.2271330000 0.5131490000 1.0000000000
0.458824 0.7563040000 0.2315550000 0.5094680000 1.0000000000
0.462745 0.7602640000 0.2359760000 0.5057940000 1.0000000000
0.466667 0.7641930000 0.2403960000 0.5021260000 1.0000000000
0.470588 0.7680900000 0.2448170000 0.4984650000 1.0000000000
0.474510 0.7719580000 0.2492370000 0.4948130000 1.0000000000
0.478431 0.7757960000 0.2536580000 0.4911710000 1.0000000000
0.482353 0.7796040000 0.2580780000 0.4875390000 1.0000000000
0.486275 0.7833830000 0.2625000000 0.4839180000 1.0000000000
0.490196 0.7871330000 0.2669220000 0.4803070000 1.0000000000
0.494118 0.7908550000 0.2713450000 0.4767060000 1.0000000000
0.498039 0.7945490000 0.2757700000 0.4731170000 1.0000000000
0.501961 0.7982160000 0.2801970000 0.4695380000 1.0000000000
0.505882 0.8018550000 0.2846260000 0.4659710000 1.0000000000
0.509804 0.8054670000 0.2890570000 0.4624150000 1.0000000000
0.513725 0.8090520000 0.2934910000 0.4588700000 1.0000000000
0.517647 0.8126120000 0.2979280000 0.4553380000 1.0000000000
0.521569 0.8161440000 0.3023680000 0.4518160000 1.0000000000
0.525490 0.8196510000 0.3068120000 0.4483060000 1.0000000000
0.529412 0.8231320000 0.3112610000 0.4448060000 1.0000000000
0.533333 0.8265880000 0.3157140000 0.4413160000 1.0000000000
0.537255 0.8300180000 0.3201720000 0.4378360000 1.0000000000
0.541176 0.8334220000 0.3246350000 0.4343660000 1.0000000000
0.545098 0.8368010000 0.3291050000 0.4309050000 1.0000000000
0.549020 0.8401550000 0.3335800000 0.4274550000 1.0000000000
0.552941 0.8434840000 0.3380620000 0.4240130000 1.0000000000
0.556863 0.8467880000 0.3425510000 0.4205790000 1.0000000000
0.560784 0.8500660000 0.3470480000 0.4171530000 1.0000000000
0.564706 0.8533190000 0.3515530000 0.4137340000 1.0000000000
0.568627 0.8565470000 0.3560660000 0.4103220000 1.0000000000
0.572549 0.8597500000 0.3605880000 0.4069170000 1.0000000000
0.576471 0.8629270000 0.3651190000 0.4035190000 1.0000000000
0.580392 0.8660780000 0.3696600000 0.4001260000 1.0000000000
0.584314 0.8692030000 0.3742120000 0.3967380000 1.0000000000
0.588235 0.8723030000 0.3787740000 0.3933550000 1.0000000000
0.592157 0.8753760000 0.3833470000 0.3899760000 1.0000000000
0.596078 0.8784230000 0.3879320000 0.3866000000 1.0000000000
0.600000 0.8814430000 0.3925290000 0.3832290000 1.0000000000
0.603922 0.8844360000 0.3971390000 0.3798600000 1.0000000000
0.607843 0.8874020000 0.4017620000 0.3764940000 1.0000000000
0.611765 0.8903400000 0.4063980000 0.3731300000 1.0000000000
0.615686 0.8932500000 0.4110480000 0.3697680000 1.0000000000
0.619608 0.8961310000 0.4157120000 0.3664070000 1.0000000000
0.623529 0.8989840000 0.4203920000 0.3630470000 1.0000000000
0.627451 0.9018070000 0.4250870000 0.3596880000 1.0000000000
0.631373 0.9046010000 0.4297970000 0.3563290000 1.0000000000
0.635294 0.9073650000 0.4345240000 0.3529700000 1.0000000000
0.639216 0.9100980000 0.4392680000 0.3496100000 1.0000000000
0.643137 0.9128000000 0.4440290000 0.3462510000 1.0000000000
0.647059 0.9154710000 0.4488070000 0.3428900000 1.0000000000
0.650980 0.9181090000 0.4536030000 0.3395290000 1.0000000000
0.654902 0.9207140000 0.4584170000 0.3361660000 1.0000000000
0.658824 0.9232870000 0.4632510000 0.3328010000 1.0000000000
0.662745 0.9258250000 0.4681030000 0.3294350000 1.0000000000
0.666667 0.9283290000 0.4729750000 0.3260670000 1.0000000000
0.670588 0.9307980000 0.4778670000 0.3226970000 1.0000000000
0.674510 0.9332320000 0.4827800000 0.3193250000 1.0000000000
0.678431 0.9356300000 0.4877120000 0.3159520000 1.0000000000
0.682353 0.9379900000 0.4926670000 0.3125750000 1.0000000000
0.686275 0.9403130000 0.4976420000 0.3091970000 1.0000000000
0.690196 0.9425980000 0.5026390000 0.3058160000 1.0000000000
0.694118 0.9448440000 0.5076580000 0.3024330000 1.0000000000
0.698039 0.9470510000 0.5126990000 0.2990490000 1.0000000000
0.701961 0.9492170000 0.5177630000 0.2956620000 1.0000000000
0.705882 0.9513440000 0.5228500000 0.2922750000 1.0000000000
0.709804 0.9534280000 0.5279600000 0.2888830000 1.0000000000
0.713725 0.9554700000 0.5330930000 0.2854900000 1.0000000000
0.717647 0.9574690000 0.5382500000 0.2820960000 1.0000000000
0.721569 0.9594240000 0.5434310000 0.2787010000 1.0000000000
0.725490 0.9613360000 0.5486360000 0.2753050000 1.0000000000
0.729412 0.9632030000 0.5538650000 0.2719090000 1.0000000000
0.733333 0.9650240000 0.5591180000 0.2685130000 1.0000000000
0.737255 0.9667980000 0.5643960000 0.2651180000 1.0000000000
0.741176 0.9685260000 0.5697000000 0.2617210000 1.0000000000
0.745098 0.9702050000 0.5750280000 0.2583250000 1.0000000000
0.749020 0.9718350000 0.5803820000 0.2549310000 1.0000000000
0.752941 0.9734160000 0.5857610000 0.2515400000 1.0000000000
0.756863 0.9749470000 0.5911650000 0.2481510000 1.0000000000
0.760784 0.9764280000 0.5965950000 0.2447670000 1.0000000000
0.764706 0.9778560000 0.6020510000 0.2413870000 1.0000000000
0.768627 0.9792330000 0.6075320000 0.2380130000 1.0000000000
0.772549 0.9805560000 0.6130390000 0.2346460000 1.0000000000
0.776471 0.9818260000 0.6185720000 0.2312870000 1.0000000000
0.780392 0.9830410000 0.6241310000 0.2279370000 1.0000000000
0.784314 0.9841990000 0.6297180000 0.2245950000 1.0000000000
0.788235 0.9853010000 0.6353300000 0.2212650000 1.0000000000
0.792157 0.9863450000 0.6409690000 0.2179480000 1.0000000000
0.796078 0.9873320000 0.6466330000 0.2146480000 1.0000000000
0.800000 0.9882600000 0.6523250000 0.2113640000 1.0000000000
0.803922 0.9891280000 0.6580430000 0.2081000000 1.0000000000
0.807843 0.9899350000 0.6637870000 0.2048590000 1.0000000000
0.811765 0.9906810000 0.6695580000 0.2016420000 1.0000000000
0.815686 0.9913650000 0.6753550000 0.1984530000 1.0000000000
0.819608 0.9919850000 0.6811790000 0.1952950000 1.0000000000
0.823529 0.9925410000 0.6870300000 0.1921700000 1.0000000000
0.827451 0.9930320000 0.6929070000 0.1890840000 1.0000000000
0.831373 0.9934560000 0.6988100000 0.1860410000 1.0000000000
0.835294 0.9938140000 0.7047410000 0.1830430000 1.0000000000
0.839216 0.9941030000 0.7106980000 0.1800970000 1.0000000000
0.843137 0.9943240000 0.7166810000 0.1772080000 1.0000000000
0.847059 0.9944740000 0.7226910000 0.1743810000 1.0000000000
0.850980 0.9945530000 0.7287280000 0.1716220000 1.0000000000
0.854902 0.9945610000 0.7347910000 0.1689380000 1.0000000000
0.858824 0.9944950000 0.7408800000 0.1663350000 1.0000000000
0.862745 0.9943550000 0.7469950000 0.1638210000 1.0000000000
0.866667 0.9941410000 0.7531370000 0.1614040000 1.0000000000
0.870588 0.9938510000 0.7593040000 0.1590920000 1.0000000000
0.874510 0.9934820000 0.7654990000 0.1568910000 1.0000000000
0.878431 0.9930330000 0.7717200000 0.1548080000 1.0000000000
0.882353 0.9925050000 0.7779670000 0.1528550000 1.0000000000
0.886275 0.9918970000 0.7842390000 0.1510420000 1.0000000000
0.890196 0.9912090000 0.7905370000 0.1493770000 1.0000000000
0.894118 0.9904390000 0.7968590000 0.1478700000 1.0000000000
0.898039 0.9895870000 0.8032050000 0.1465290000 1.0000000000
0.901961 0.9886480000 0.8095790000 0.1453570000 1.0000000000
0.905882 0.9876210000 0.8159780000 0.1443630000 1.0000000000
0.909804 0.9865090000 0.8224010000 0.1435570000 1.0000000000
0.913725 0.9853140000 0.8288460000 0.1429450000 1.0000000000
0.917647 0.9840310000 0.8353150000 0.1425280000 1.0000000000
0.921569 0.9826530000 0.8418120000 0.1423030000 1.0000000000
0.925490 0.9811900000 0.8483290000 0.1422790000 1.0000000000
0.929412 0.9796440000 0.8548660000 0.1424530000 1.0000000000
0.933333 0.9779950000 0.8614320000 0.1428080000 1.0000000000
0.937255 0.9762650000 0.8680160000 0.1433510000 1.0000000000
0.941176 0.9744430000 0.8746220000 0.1440610000 1.0000000000
0.945098 0.9725300000 0.8812500000 0.1449230000 1.0000000000
0.949020 0.9705330000 0.8878960000 0.1459190000 1.0000000000
0.952941 0.9684430000 0.8945640000 0.1470140000 1.0000000000
0.956863 0.9662710000 0.9012490000 0.1481800000 1.0000000000
0.960784 0.9640210000 0.9079500000 0.1493700000 1.0000000000
0.964706 0.9616810000 0.9146720000 0.1505200000 1.0000000000
0.968627 0.9592760000 0.9214070000 0.1515660000 1.0000000000
0.972549 0.9568080000 0.9281520000 0.1524090000 1.0000000000
0.976471 0.9542870000 0.9349080000 0.1529210000 1.0000000000
0.980392 0.9517260000 0.9416710000 0.1529250000 1.0000000000
0.984314 0.9491510000 0.9484350000 0.1521780000 1.0000000000
0.988235 0.9466020000 0.9551900000 0.1503280000 1.0000000000
0.992157 0.9441520000 0.9619160000 0.1468610000 1.0000000000
0.996078 0.9418960000 0.9685900000 0.1409560000 1.0000000000
1.000000 0.9400150000 0.9751580000 0.1313260000 1.0000000000
