0.000000 0.2509803922 0.0000000000 0.2941176471 1.0000000000
0.003922 0.2592848904 0.0064590542 0.3027297193 1.0000000000
0.007843 0.2675893887 0.0129181084 0.3113417916 1.0000000000
0.011765 0.2758938870 0.0193771626 0.3199538639 1.0000000000
0.015686 0.2841983852 0.0258362168 0.3285659362 1.0000000000
0.019608 0.2925028835 0.0322952710 0.3371780085 1.0000000000
0.023529 0.3008073818 0.0387543253 0.3457900807 1.0000000000
0.027451 0.3091118800 0.0452133795 0.3544021530 1.0000000000
0.031373 0.3174163783 0.0516724337 0.3630142253 1.0000000000
0.035294 0.3257208766 0.0581314879 0.3716262976 1.0000000000
0.039216 0.3340253749 0.0645905421 0.3802383699 1.0000000000
0.043137 0.3423298731 0.0710495963 0.3888504421 1.0000000000
0.047059 0.3506343714 0.0775086505 0.3974625144 1.0000000000
0.050980 0.3589388697 0.0839677047 0.4060745867 1.0000000000
0.054902 0.3672433679 0.0904267589 0.4146866590 1.0000000000
0.058824 0.3755478662 0.0968858131 0.4232987313 1.0000000000
0.062745 0.3838523645 0.1033448674 0.4319108035 1.0000000000
0.066667 0.3921568627 0.1098039216 0.4405228758 1.0000000000
0.070588 0.4004613610 0.1162629758 0.4491349481 1.0000000000
0.074510 0.4087658593 0.1227220300 0.4577470204 1.0000000000
0.078431 0.4170703576 0.1291810842 0.4663590927 1.0000000000
0.082353 0.4253748558 0.1356401384 0.4749711649 1.0000000000
0.086275 0.4336793541 0.1420991926 0.4835832372 1.0000000000
0.090196 0.4419838524 0.1485582468 0.4921953095 1.0000000000
0.094118 0.4502883506 0.1550173010 0.5008073818 1.0000000000
0.098039 0.4585928489 0.1614763552 0.5094194541 1.0000000000
0.101961 0.4654363706 0.1700884275 0.5168012303 1.0000000000
0.105882 0.4708189158 0.1808535179 0.5229527105 1.0000000000
0.109804 0.4762014610 0.1916186082 0.5291041907 1.0000000000
0.113725 0.4815840062 0.2023836986 0.5352556709 1.0000000000
0.117647 0.4869665513 0.2131487889 0.5414071511 1.0000000000
0.121569 0.4923490965 0.2239138793 0.5475586313 1.0000000000
0.125490 0.4977316417 0.2346789696 0.5537101115 1.0000000000
0.129412 0.5031141869 0.2454440600 0.5598615917 1.0000000000
0.133333 0.5084967320 0.2562091503 0.5660130719 1.0000000000
0.137255 0.5138792772 0.2669742407 0.5721645521 1.0000000000
0.141176 0.5192618224 0.2777393310 0.5783160323 1.0000000000
0.145098 0.5246443676 0.2885044214 0.5844675125 1.0000000000
0.149020 0.5300269127 0.2992695117 0.5906189927 1.0000000000
0.152941 0.5354094579 0.3100346021 0.5967704729 1.0000000000
0.156863 0.5407920031 0.3207996924 0.6029219531 1.0000000000
0.160784 0.5461745483 0.3315647828 0.6090734333 1.0000000000
0.164706 0.5515570934 0.3423298731 0.6152249135 1.0000000000
0.168627 0.5569396386 0.3530949635 0.6213763937 1.0000000000
0.172549 0.5623221838 0.3638600538 0.6275278739 1.0000000000
0.176471 0.5677047290 0.3746251442 0.6336793541 1.0000000000
0.180392 0.5730872741 0.3853902345 0.6398308343 1.0000000000
0.184314 0.5784698193 0.3961553249 0.6459823145 1.0000000000
0.188235 0.5838523645 0.4069204152 0.6521337947 1.0000000000
0.192157 0.5892349097 0.4176855056 0.6582852749 1.0000000000
0.196078 0.5946174548 0.4284505959 0.6644367551 1.0000000000
0.200000 0.6000000000 0.4392156863 0.6705882353 1.0000000000
0.203922 0.6063052672 0.4473663975 0.6761245675 1.0000000000
0.207843 0.6126105344 0.4555171088 0.6816608997 1.0000000000
0.211765 0.6189158016 0.4636678201 0.6871972318 1.0000000000
0.215686 0.6252210688 0.4718185313 0.6927335640 1.0000000000
0.219608 0.6315263360 0.4799692426 0.6982698962 1.0000000000
0.223529 0.6378316032 0.4881199539 0.7038062284 1.0000000000
0.227451 0.6441368704 0.4962706651 0.7093425606 1.0000000000
0.231373 0.6504421376 0.5044213764 0.7148788927 1.0000000000
0.235294 0.6567474048 0.5125720877 0.7204152249 1.0000000000
0.239216 0.6630526720 0.5207227989 0.7259515571 1.0000000000
0.243137 0.6693579393 0.5288735102 0.7314878893 1.0000000000
0.247059 0.6756632065 0.5370242215 0.7370242215 1.0000000000
0.250980 0.6819684737 0.5451749327 0.7425605536 1.0000000000
0.254902 0.6882737409 0.5533256440 0.7480968858 1.0000000000
0.258824 0.6945790081 0.5614763552 0.7536332180 1.0000000000
0.262745 0.7008842753 0.5696270665 0.7591695502 1.0000000000
0.266667 0.7071895425 0.5777777778 0.7647058824 1.0000000000
0.270588 0.7134948097 0.5859284890 0.7702422145 1.0000000000
0.274510 0.7198000769 0.5940792003 0.7757785467 1.0000000000
0.278431 0.7261053441 0.6022299116 0.7813148789 1.0000000000
0.282353 0.7324106113 0.6103806228 0.7868512111 1.0000000000
0.286275 0.7387158785 0.6185313341 0.7923875433 1.0000000000
0.290196 0.7450211457 0.6266820454 0.7979238754 1.0000000000
0.294118 0.7513264129 0.6348327566 0.8034602076 1.0000000000
0.298039 0.7576316801 0.6429834679 0.8089965398 1.0000000000
0.301961 0.7636293733 0.6506728181 0.8136870434 1.0000000000
0.305882 0.7693194925 0.6579008074 0.8175317186 1.0000000000
0.309804 0.7750096117 0.6651287966 0.8213763937 1.0000000000
0.313725 0.7806997309 0.6723567859 0.8252210688 1.0000000000
0.317647 0.7863898501 0.6795847751 0.8290657439 1.0000000000
0.321569 0.7920799692 0.6868127643 0.8329104191 1.0000000000
0.325490 0.7977700884 0.6940407536 0.8367550942 1.0000000000
0.329412 0.8034602076 0.7012687428 0.8405997693 1.0000000000
0.333333 0.8091503268 0.7084967320 0.8444444444 1.0000000000
0.337255 0.8148404460 0.7157247213 0.8482891196 1.0000000000
0.341176 0.8205305652 0.7229527105 0.8521337947 1.0000000000
0.345098 0.8262206844 0.7301806997 0.8559784698 1.0000000000
0.349020 0.8319108035 0.7374086890 0.8598231449 1.0000000000
0.352941 0.8376009227 0.7446366782 0.8636678201 1.0000000000
0.356863 0.8432910419 0.7518646674 0.8675124952 1.0000000000
0.360784 0.8489811611 0.7590926567 0.8713571703 1.0000000000
0.364706 0.8546712803 0.7663206459 0.8752018454 1.0000000000
0.368627 0.8603613995 0.7735486351 0.8790465206 1.0000000000
0.372549 0.8660515186 0.7807766244 0.8828911957 1.0000000000
0.376471 0.8717416378 0.7880046136 0.8867358708 1.0000000000
0.380392 0.8774317570 0.7952326028 0.8905805459 1.0000000000
0.384314 0.8831218762 0.8024605921 0.8944252211 1.0000000000
0.388235 0.8888119954 0.8096885813 0.8982698962 1.0000000000
0.392157 0.8945021146 0.8169165705 0.9021145713 1.0000000000
0.396078 0.9001922338 0.8241445598 0.9059592464 1.0000000000
0.400000 0.9058823529 0.8313725490 0.9098039216 1.0000000000
0.403922 0.9083429450 0.8367550942 0.9121107266 1.0000000000
0.407843 0.9108035371 0.8421376394 0.9144175317 1.0000000000
0.411765 0.9132641292 0.8475201845 0.9167243368 1.0000000000
0.415686 0.9157247213 0.8529027297 0.9190311419 1.0000000000
0.419608 0.9181853133 0.8582852749 0.9213379469 1.0000000000
0.423529 0.9206459054 0.8636678201 0.9236447520 1.0000000000
0.427451 0.9231064975 0.8690503652 0.9259515571 1.0000000000
0.431373 0.9255670896 0.8744329104 0.9282583622 1.0000000000
0.435294 0.9280276817 0.8798154556 0.9305651672 1.0000000000
0.439216 0.9304882737 0.8851980008 0.9328719723 1.0000000000
0.443137 0.9329488658 0.8905805459 0.9351787774 1.0000000000
0.447059 0.9354094579 0.8959630911 0.9374855825 1.0000000000
0.450980 0.9378700500 0.9013456363 0.9397923875 1.0000000000
0.454902 0.9403306421 0.9067281815 0.9420991926 1.0000000000
0.458824 0.9427912341 0.9121107266 0.9444059977 1.0000000000
0.462745 0.9452518262 0.9174932718 0.9467128028 1.0000000000
0.466667 0.9477124183 0.9228758170 0.9490196078 1.0000000000
0.470588 0.9501730104 0.9282583622 0.9513264129 1.0000000000
0.474510 0.9526336025 0.9336409073 0.9536332180 1.0000000000
0.478431 0.9550941945 0.9390234525 0.9559400231 1.0000000000
0.482353 0.9575547866 0.9444059977 0.9582468281 1.0000000000
0.486275 0.9600153787 0.9497885429 0.9605536332 1.0000000000
0.490196 0.9624759708 0.9551710880 0.9628604383 1.0000000000
0.494118 0.9649365629 0.9605536332 0.9651672434 1.0000000000
0.498039 0.9673971549 0.9659361784 0.9674740484 1.0000000000
0.501961 0.9663206459 0.9680891965 0.9658592849 1.0000000000
0.505882 0.9617070358 0.9670126874 0.9603229527 1.0000000000
0.509804 0.9570934256 0.9659361784 0.9547866205 1.0000000000
0.513725 0.9524798155 0.9648596694 0.9492502884 1.0000000000
0.517647 0.9478662053 0.9637831603 0.9437139562 1.0000000000
0.521569 0.9432525952 0.9627066513 0.9381776240 1.0000000000
0.525490 0.9386389850 0.9616301423 0.9326412918 1.0000000000
0.529412 0.9340253749 0.9605536332 0.9271049596 1.0000000000
0.533333 0.9294117647 0.9594771242 0.9215686275 1.0000000000
0.537255 0.9247981546 0.9584006151 0.9160322953 1.0000000000
0.541176 0.9201845444 0.9573241061 0.9104959631 1.0000000000
0.545098 0.9155709343 0.9562475971 0.9049596309 1.0000000000
0.549020 0.9109573241 0.9551710880 0.8994232987 1.0000000000
0.552941 0.9063437140 0.9540945790 0.8938869666 1.0000000000
0.556863 0.9017301038 0.9530180700 0.8883506344 1.0000000000
0.560784 0.8971164937 0.9519415609 0.8828143022 1.0000000000
0.564706 0.8925028835 0.9508650519 0.8772779700 1.0000000000
0.568627 0.8878892734 0.9497885429 0.8717416378 1.0000000000
0.572549 0.8832756632 0.9487120338 0.8662053057 1.0000000000
0.576471 0.8786620531 0.9476355248 0.8606689735 1.0000000000
0.580392 0.8740484429 0.9465590158 0.8551326413 1.0000000000
0.584314 0.8694348328 0.9454825067 0.8495963091 1.0000000000
0.588235 0.8648212226 0.9444059977 0.8440599769 1.0000000000
0.592157 0.8602076125 0.9433294887 0.8385236448 1.0000000000
0.596078 0.8555940023 0.9422529796 0.8329873126 1.0000000000
0.600000 0.8509803922 0.9411764706 0.8274509804 1.0000000000
0.603922 0.8431372549 0.9379469435 0.8196078431 1.0000000000
0.607843 0.8352941176 0.9347174164 0.8117647059 1.0000000000
0.611765 0.8274509804 0.9314878893 0.8039215686 1.0000000000
0.615686 0.8196078431 0.9282583622 0.7960784314 1.0000000000
0.619608 0.8117647059 0.9250288351 0.7882352941 1.0000000000
0.623529 0.8039215686 0.9217993080 0.7803921569 1.0000000000
0.627451 0.7960784314 0.9185697809 0.7725490196 1.0000000000
0.631373 0.7882352941 0.9153402537 0.7647058824 1.0000000000
0.635294 0.7803921569 0.9121107266 0.7568627451 1.0000000000
0.639216 0.7725490196 0.9088811995 0.7490196078 1.0000000000
0.643137 0.7647058824 0.9056516724 0.7411764706 1.0000000000
0.647059 0.7568627451 0.9024221453 0.7333333333 1.0000000000
0.650980 0.7490196078 0.8991926182 0.7254901961 1.0000000000
0.654902 0.7411764706 0.8959630911 0.7176470588 1.0000000000
0.658824 0.7333333333 0.8927335640 0.7098039216 1.0000000000
0.662745 0.7254901961 0.8895040369 0.7019607843 1.0000000000
0.666667 0.7176470588 0.8862745098 0.6941176471 1.0000000000
0.670588 0.7098039216 0.8830449827 0.6862745098 1.0000000000
0.674510 0.7019607843 0.8798154556 0.6784313725 1.0000000000
0.678431 0.6941176471 0.8765859285 0.6705882353 1.0000000000
0.682353 0.6862745098 0.8733564014 0.6627450980 1.0000000000
0.686275 0.6784313725 0.8701268743 0.6549019608 1.0000000000
0.690196 0.6705882353 0.8668973472 0.6470588235 1.0000000000
0.694118 0.6627450980 0.8636678201 0.6392156863 1.0000000000
0.698039 0.6549019608 0.8604382930 0.6313725490 1.0000000000
0.701961 0.6451364860 0.8553633218 0.6226066897 1.0000000000
0.705882 0.6334486736 0.8484429066 0.6129181084 1.0000000000
0.709804 0.6217608612 0.8415224913 0.6032295271 1.0000000000
0.713725 0.6100730488 0.8346020761 0.5935409458 1.0000000000
0.717647 0.5983852364 0.8276816609 0.5838523645 1.0000000000
0.721569 0.5866974241 0.8207612457 0.5741637832 1.0000000000
0.725490 0.5750096117 0.8138408304 0.5644752018 1.0000000000
0.729412 0.5633217993 0.8069204152 0.5547866205 1.0000000000
0.733333 0.5516339869 0.8000000000 0.5450980392 1.0000000000
0.737255 0.5399461745 0.7930795848 0.5354094579 1.0000000000
0.741176 0.5282583622 0.7861591696 0.5257208766 1.0000000000
0.745098 0.5165705498 0.7792387543 0.5160322953 1.0000000000
0.749020 0.5048827374 0.7723183391 0.5063437140 1.0000000000
0.752941 0.4931949250 0.7653979239 0.4966551326 1.0000000000
0.756863 0.4815071126 0.7584775087 0.4869665513 1.0000000000
0.760784 0.4698193003 0.7515570934 0.4772779700 1.0000000000
0.764706 0.4581314879 0.7446366782 0.4675893887 1.0000000000
0.768627 0.4464436755 0.7377162630 0.4579008074 1.0000000000
0.772549 0.4347558631 0.7307958478 0.4482122261 1.0000000000
0.776471 0.4230680507 0.7238754325 0.4385236448 1.0000000000
0.780392 0.4113802384 0.7169550173 0.4288350634 1.0000000000
0.784314 0.3996924260 0.7100346021 0.4191464821 1.0000000000
0.788235 0.3880046136 0.7031141869 0.4094579008 1.0000000000
0.792157 0.3763168012 0.6961937716 0.3997693195 1.0000000000
0.796078 0.3646289889 0.6892733564 0.3900807382 1.0000000000
0.800000 0.3529411765 0.6823529412 0.3803921569 1.0000000000
0.803922 0.3432525952 0.6740484429 0.3739331027 1.0000000000
0.807843 0.3335640138 0.6657439446 0.3674740484 1.0000000000
0.811765 0.3238754325 0.6574394464 0.3610149942 1.0000000000
0.815686 0.3141868512 0.6491349481 0.3545559400 1.0000000000
0.819608 0.3044982699 0.6408304498 0.3480968858 1.0000000000
0.823529 0.2948096886 0.6325259516 0.3416378316 1.0000000000
0.827451 0.2851211073 0.6242214533 0.3351787774 1.0000000000
0.831373 0.2754325260 0.6159169550 0.3287197232 1.0000000000
0.835294 0.2657439446 0.6076124567 0.3222606690 1.0000000000
0.839216 0.2560553633 0.5993079585 0.3158016148 1.0000000000
0.843137 0.2463667820 0.5910034602 0.3093425606 1.0000000000
0.847059 0.2366782007 0.5826989619 0.3028835063 1.0000000000
0.850980 0.2269896194 0.5743944637 0.2964244521 1.0000000000
0.854902 0.2173010381 0.5660899654 0.2899653979 1.0000000000
0.858824 0.2076124567 0.5577854671 0.2835063437 1.0000000000
0.862745 0.1979238754 0.5494809689 0.2770472895 1.0000000000
0.866667 0.1882352941 0.5411764706 0.2705882353 1.0000000000
0.870588 0.1785467128 0.5328719723 0.2641291811 1.0000000000
0.874510 0.1688581315 0.5245674740 0.2576701269 1.0000000000
0.878431 0.1591695502 0.5162629758 0.2512110727 1.0000000000
0.882353 0.1494809689 0.5079584775 0.2447520185 1.0000000000
0.886275 0.1397923875 0.4996539792 0.2382929642 1.0000000000
0.890196 0.1301038062 0.4913494810 0.2318339100 1.0000000000
0.894118 0.1204152249 0.4830449827 0.2253748558 1.0000000000
0.898039 0.1107266436 0.4747404844 0.2189158016 1.0000000000
0.901961 0.1038062284 0.4665897732 0.2135332564 1.0000000000
0.905882 0.0996539792 0.4585928489 0.2092272203 1.0000000000
0.909804 0.0955017301 0.4505959246 0.2049211842 1.0000000000
0.913725 0.0913494810 0.4425990004 0.2006151480 1.0000000000
0.917647 0.0871972318 0.4346020761 0.1963091119 1.0000000000
0.921569 0.0830449827 0.4266051519 0.1920030757 1.0000000000
0.925490 0.0788927336 0.4186082276 0.1876970396 1.0000000000
0.929412 0.0747404844 0.4106113033 0.1833910035 1.0000000000
0.933333 0.0705882353 0.4026143791 0.1790849673 1.0000000000
0.937255 0.0664359862 0.3946174548 0.1747789312 1.0000000000
0.941176 0.0622837370 0.3866205306 0.1704728950 1.0000000000
0.945098 0.0581314879 0.3786236063 0.1661668589 1.0000000000
0.949020 0.0539792388 0.3706266820 0.1618608228 1.0000000000
0.952941 0.0498269896 0.3626297578 0.1575547866 1.0000000000
0.956863 0.0456747405 0.3546328335 0.1532487505 1.0000000000
0.960784 0.0415224913 0.3466359093 0.1489427143 1.0000000000
0.964706 0.0373702422 0.3386389850 0.1446366782 1.0000000000
0.968627 0.0332179931 0.3306420607 0.1403306421 1.0000000000
0.972549 0.0290657439 0.3226451365 0.1360246059 1.0000000000
0.976471 0.0249134948 0.3146482122 0.1317185698 1.0000000000
0.980392 0.0207612457 0.3066512880 0.1274125336 1.0000000000
0.984314 0.0166089965 0.2986543637 0.1231064975 1.0000000000
0.988235 0.0124567474 0.2906574394 0.1188004614 1.0000000000
0.992157 0.0083044983 0.2826605152 0.1144944252 1.0000000000
0.996078 0.0041522491 0.2746635909 0.1101883891 1.0000000000
1.000000 0.0000000000 0.2666666667 0.1058823529 1.0000000000
