0.000000 0.3295071252 0.9982548931 0.0000000000 1.0000000000
0.003922 0.5109043694 1.0000000000 0.0000000000 1.0000000000
0.007843 0.7027914669 1.0000000000 0.0000000000 1.0000000000
0.011765 0.8925164831 1.0000000000 0.0000000000 1.0000000000
0.015686 1.0000000000 0.9659544513 0.0000000000 1.0000000000
0.019608 1.0000000000 0.8437470147 0.0000000000 1.0000000000
0.023529 1.0000000000 0.6876660469 0.0000000000 1.0000000000
0.027451 1.0000000000 0.5080026317 0.0000000000 1.0000000000
0.031373 1.0000000000 0.3166027439 0.0000000000 1.0000000000
0.035294 1.0000000000 0.1260861944 0.0000000000 1.0000000000
0.039216 1.0000000000 0.0000000000 0.0000000000 1.0000000000
0.043137 1.0000000000 0.0000000000 0.0054207654 1.0000000000
0.047059 1.0000000000 0.0000000000 0.2853554054 1.0000000000
0.050980 0.8667904920 0.0000000000 0.5464753468 1.0000000000
0.054902 0.6760059218 0.0000000000 0.7715638385 1.0000000000
0.058824 0.4848253555 0.0000000000 0.9457798366 1.0000000000
0.062745 0.3058541430 0.0000000000 1.0000000000 1.0000000000
0.066667 0.1508926196 0.0000000000 1.0000000000 1.0000000000
0.070588 0.0301580591 0.0000000000 1.0000000000 1.0000000000
0.074510 0.0000000000 0.1145533634 0.9684715435 1.0000000000
0.078431 0.0000000000 0.3045949203 0.8037184463 1.0000000000
0.082353 0.0000000000 0.4963115424 0.5859727649 1.0000000000
0.086275 0.0051333994 0.6770625353 0.3295914008 1.0000000000
0.090196 0.1154321706 0.8349302156 0.0514786702 1.0000000000
0.094118 0.2622959633 0.9595056938 0.0000000000 1.0000000000
0.098039 0.4360414216 1.0000000000 0.0000000000 1.0000000000
0.101961 0.6252127664 1.0000000000 0.0000000000 1.0000000000
0.105882 0.8173371246 1.0000000000 0.0000000000 1.0000000000
0.109804 0.9997469179 1.0000000000 0.0000000000 1.0000000000
0.113725 1.0000000000 0.8974443044 0.0000000000 1.0000000000
0.117647 1.0000000000 0.7538523108 0.0000000000 1.0000000000
0.121569 1.0000000000 0.5823139271 0.0000000000 1.0000000000
0.125490 1.0000000000 0.3941394104 0.0000000000 1.0000000000
0.129412 1.0000000000 0.2017359089 0.0000000000 1.0000000000
0.133333 1.0000000000 0.0177894058 0.0000000000 1.0000000000
0.137255 1.0000000000 0.0000000000 0.0000000000 1.0000000000
0.141176 1.0000000000 0.0000000000 0.1740853847 1.0000000000
0.145098 0.9405003971 0.0000000000 0.4449328839 1.0000000000
0.149020 0.7534486575 0.0000000000 0.6864440609 1.0000000000
0.152941 0.5608947921 0.0000000000 0.8826950542 1.0000000000
0.156863 0.3755346982 0.0000000000 1.0000000000 1.0000000000
0.160784 0.2095899573 0.0000000000 1.0000000000 1.0000000000
0.164706 0.0740020135 0.0000000000 1.0000000000 1.0000000000
0.168627 0.0000000000 0.0414941842 1.0000000000 1.0000000000
0.172549 0.0000000000 0.2272979493 0.8770015955 1.0000000000
0.176471 0.0000000000 0.4198732984 0.6790060434 1.0000000000
0.180392 0.0000000000 0.6065229178 0.4362407278 1.0000000000
0.184314 0.0662382784 0.7749402022 0.1647122009 1.0000000000
0.188235 0.1994473004 0.9140206819 0.0000000000 1.0000000000
0.192157 0.3636818683 1.0000000000 0.0000000000 1.0000000000
0.196078 0.5481132966 1.0000000000 0.0000000000 1.0000000000
0.200000 0.7405812350 1.0000000000 0.0000000000 1.0000000000
0.203922 0.9283954516 1.0000000000 0.0000000000 1.0000000000
0.207843 1.0000000000 0.9450698485 0.0000000000 1.0000000000
0.211765 1.0000000000 0.8155032866 0.0000000000 1.0000000000
0.215686 1.0000000000 0.6539254229 0.0000000000 1.0000000000
0.219608 1.0000000000 0.4709897749 0.0000000000 1.0000000000
0.223529 1.0000000000 0.2787580699 0.0000000000 1.0000000000
0.227451 1.0000000000 0.0899049638 0.0000000000 1.0000000000
0.231373 1.0000000000 0.0000000000 0.0000000000 1.0000000000
0.235294 1.0000000000 0.0000000000 0.0609526224 1.0000000000
0.239216 1.0000000000 0.0000000000 0.3386295674 1.0000000000
0.243137 0.8299984791 0.0000000000 0.5939792212 1.0000000000
0.247059 0.6381316720 0.0000000000 0.8101652923 1.0000000000
0.250980 0.4483660797 0.0000000000 0.9729337113 1.0000000000
0.254902 0.2732137567 0.0000000000 1.0000000000 1.0000000000
0.258824 0.1242232425 0.0000000000 1.0000000000 1.0000000000
0.262745 0.0112181171 0.0000000000 1.0000000000 1.0000000000
0.266667 0.0000000000 0.1510999068 0.9409006862 1.0000000000
0.270588 0.0000000000 0.3424733957 0.7647738477 1.0000000000
0.274510 0.0000000000 0.5330244605 0.5382222086 1.0000000000
0.278431 0.0235047340 0.7101892569 0.2761832845 1.0000000000
0.282353 0.1416336273 0.8622865546 0.0000000000 1.0000000000
0.286275 0.2945999684 0.9792879302 0.0000000000 1.0000000000
0.290196 0.4723180342 1.0000000000 0.0000000000 1.0000000000
0.294118 0.6630701148 1.0000000000 0.0000000000 1.0000000000
0.298039 0.8542791124 1.0000000000 0.0000000000 1.0000000000
0.301961 1.0000000000 0.9861140461 0.0000000000 1.0000000000
0.305882 1.0000000000 0.8719592989 0.0000000000 1.0000000000
0.309804 1.0000000000 0.7220708644 0.0000000000 1.0000000000
0.313725 1.0000000000 0.5463315260 0.0000000000 1.0000000000
0.317647 1.0000000000 0.3563285278 0.0000000000 1.0000000000
0.321569 1.0000000000 0.1645895775 0.0000000000 1.0000000000
0.325490 1.0000000000 0.0000000000 0.0000000000 1.0000000000
0.329412 1.0000000000 0.0000000000 0.0000000000 1.0000000000
0.333333 1.0000000000 0.0000000000 0.2287028599 1.0000000000
0.337255 0.9048362912 0.0000000000 0.4951587079 1.0000000000
0.341176 0.7157095482 0.0000000000 0.7289666311 1.0000000000
0.345098 0.5235689798 0.0000000000 0.9147106761 1.0000000000
0.349020 0.3410832329 0.0000000000 1.0000000000 1.0000000000
0.352941 0.1802843709 0.0000000000 1.0000000000 1.0000000000
0.356863 0.0517745483 0.0000000000 1.0000000000 1.0000000000
0.360784 0.0000000000 0.0768161242 0.9947319878 1.0000000000
0.364706 0.0000000000 0.2649400257 0.8423584485 1.0000000000
0.368627 0.0000000000 0.4573536087 0.6344446250 1.0000000000
0.372549 0.0000000000 0.6413702253 0.3846991623 1.0000000000
0.376471 0.0894735596 0.8048568753 0.1095888436 1.0000000000
0.380392 0.2295349094 0.9370341868 0.0000000000 1.0000000000
0.384314 0.3986380006 1.0000000000 0.0000000000 1.0000000000
0.388235 0.5856331455 1.0000000000 0.0000000000 1.0000000000
0.392157 0.7781909569 1.0000000000 0.0000000000 1.0000000000
0.396078 0.9636152771 1.0000000000 0.0000000000 1.0000000000
0.400000 1.0000000000 0.9226162593 0.0000000000 1.0000000000
0.403922 1.0000000000 0.7860210844 0.0000000000 1.0000000000
0.407843 1.0000000000 0.6193584950 0.0000000000 1.0000000000
0.411765 1.0000000000 0.4336172662 0.0000000000 1.0000000000
0.415686 1.0000000000 0.2410441093 0.0000000000 1.0000000000
0.419608 1.0000000000 0.0543361936 0.0000000000 1.0000000000
0.423529 1.0000000000 0.0000000000 0.0000000000 1.0000000000
0.427451 1.0000000000 0.0000000000 0.1163289949 1.0000000000
0.431373 0.9771613171 0.0000000000 0.3910399166 1.0000000000
0.435294 0.7927983249 0.0000000000 0.6399679093 1.0000000000
0.439216 0.6003387154 0.0000000000 0.8467000891 1.0000000000
0.443137 0.4124721715 0.0000000000 0.9976057218 1.0000000000
0.447059 0.2415855354 0.0000000000 1.0000000000 1.0000000000
0.450980 0.0989460916 0.0000000000 1.0000000000 1.0000000000
0.454902 0.0000000000 0.0052414499 1.0000000000 1.0000000000
0.458824 0.0000000000 0.1881028079 0.9109296780 1.0000000000
0.462745 0.0000000000 0.3803200527 0.7238783816 1.0000000000
0.466667 0.0000000000 0.5692194820 0.4890986971 1.0000000000
0.470588 0.0435252184 0.7423461508 0.2220706501 1.0000000000
0.474510 0.1691828979 0.8882850797 0.0000000000 1.0000000000
0.478431 0.3278615843 0.9974138929 0.0000000000 1.0000000000
0.482353 0.5090989152 1.0000000000 0.0000000000 1.0000000000
0.486275 0.7009451407 1.0000000000 0.0000000000 1.0000000000
0.490196 0.8907510211 1.0000000000 0.0000000000 1.0000000000
0.494118 1.0000000000 0.9669321301 0.0000000000 1.0000000000
0.498039 1.0000000000 0.8450918052 0.0000000000 1.0000000000
0.501961 1.0000000000 0.6892892813 0.0000000000 1.0000000000
0.505882 1.0000000000 0.5097972832 0.0000000000 1.0000000000
0.509804 1.0000000000 0.3184504835 0.0000000000 1.0000000000
0.513725 1.0000000000 0.1278651928 0.0000000000 1.0000000000
0.517647 1.0000000000 0.0000000000 0.0000000000 1.0000000000
0.521569 1.0000000000 0.0000000000 0.0027103909 1.0000000000
0.525490 1.0000000000 0.0000000000 0.2827369352 1.0000000000
0.529412 0.8685731396 0.0000000000 0.5441214277 1.0000000000
0.533333 0.6778538381 0.0000000000 0.7696296746 1.0000000000
0.537255 0.4866166995 0.0000000000 0.9443929554 1.0000000000
0.541176 0.3074708039 0.0000000000 1.0000000000 1.0000000000
0.545098 0.1522280038 0.0000000000 1.0000000000 1.0000000000
0.549020 0.0311241192 0.0000000000 1.0000000000 1.0000000000
0.552941 0.0000000000 0.1127839129 0.9697538130 1.0000000000
0.556863 0.0000000000 0.3027480641 0.8055665228 1.0000000000
0.560784 0.0000000000 0.4945090516 0.5882647969 1.0000000000
0.564706 0.0042802585 0.6754232560 0.3321762648 1.0000000000
0.568627 0.1141897102 0.8335622322 0.0541859352 1.0000000000
0.572549 0.2607461041 0.9584992034 0.0000000000 1.0000000000
0.576471 0.4342863524 1.0000000000 0.0000000000 1.0000000000
0.580392 0.6233682065 1.0000000000 0.0000000000 1.0000000000
0.584314 0.8155246936 1.0000000000 0.0000000000 1.0000000000
0.588235 0.9980861171 1.0000000000 0.0000000000 1.0000000000
0.592157 1.0000000000 0.8986509606 0.0000000000 1.0000000000
0.596078 1.0000000000 0.7553756144 0.0000000000 1.0000000000
0.600000 1.0000000000 0.5840534402 0.0000000000 1.0000000000
0.603922 1.0000000000 0.3959804394 0.0000000000 1.0000000000
0.607843 1.0000000000 0.2035570670 0.0000000000 1.0000000000
0.611765 1.0000000000 0.0194706163 0.0000000000 1.0000000000
0.615686 1.0000000000 0.0000000000 0.0000000000 1.0000000000
0.619608 1.0000000000 0.0000000000 0.1714086229 1.0000000000
0.623529 0.9422231898 0.0000000000 0.4424527591 1.0000000000
0.627451 0.7552849234 0.0000000000 0.6843240984 1.0000000000
0.631373 0.5627234584 0.0000000000 0.8810750321 1.0000000000
0.635294 0.3772351932 0.0000000000 1.0000000000 1.0000000000
0.639216 0.2110501600 0.0000000000 1.0000000000 1.0000000000
0.643137 0.0751256466 0.0000000000 1.0000000000 1.0000000000
0.647059 0.0000000000 0.0397892651 1.0000000000 1.0000000000
0.650980 0.0000000000 0.2254676756 0.8786349722 1.0000000000
0.654902 0.0000000000 0.4180383479 0.6811363685 1.0000000000
0.658824 0.0000000000 0.6048042766 0.4387275399 1.0000000000
0.662745 0.0651437822 0.7734511876 0.1673915339 1.0000000000
0.666667 0.1980097067 0.9128594711 0.0000000000 1.0000000000
0.670588 0.3619959637 1.0000000000 0.0000000000 1.0000000000
0.674510 0.5462902401 1.0000000000 0.0000000000 1.0000000000
0.678431 0.7387412284 1.0000000000 0.0000000000 1.0000000000
0.682353 0.9266598144 1.0000000000 0.0000000000 1.0000000000
0.686275 1.0000000000 0.9461254590 0.0000000000 1.0000000000
0.690196 1.0000000000 0.8169103598 0.0000000000 1.0000000000
0.694118 1.0000000000 0.6555911844 0.0000000000 1.0000000000
0.698039 1.0000000000 0.4728043940 0.0000000000 1.0000000000
0.701961 1.0000000000 0.2806019010 0.0000000000 1.0000000000
0.705882 1.0000000000 0.0916564353 0.0000000000 1.0000000000
0.709804 1.0000000000 0.0000000000 0.0000000000 1.0000000000
0.713725 1.0000000000 0.0000000000 0.0582462107 1.0000000000
0.717647 1.0000000000 0.0000000000 0.3360497746 1.0000000000
0.721569 0.8318034463 0.0000000000 0.5916961440 1.0000000000
0.725490 0.6399780935 0.0000000000 0.8083294638 1.0000000000
0.729412 0.4501322131 0.0000000000 0.9716661754 1.0000000000
0.733333 0.2747831534 0.0000000000 1.0000000000 1.0000000000
0.737255 0.1254924254 0.0000000000 1.0000000000 1.0000000000
0.741176 0.0121034036 0.0000000000 1.0000000000 1.0000000000
0.745098 0.0000000000 0.1493057998 0.9423018857 1.0000000000
0.749020 0.0000000000 0.3406256197 0.7667196711 1.0000000000
0.752941 0.0000000000 0.5312448472 0.5405843596 1.0000000000
0.756863 0.0225699134 0.7085951438 0.2788060163 1.0000000000
0.760784 0.1403236816 0.8609830484 0.0000000000 1.0000000000
0.764706 0.2930012678 0.9783609766 0.0000000000 1.0000000000
0.768627 0.4705359880 1.0000000000 0.0000000000 1.0000000000
0.772549 0.6612222209 1.0000000000 0.0000000000 1.0000000000
0.776471 0.8524872103 1.0000000000 0.0000000000 1.0000000000
0.780392 1.0000000000 0.9870073157 0.0000000000 1.0000000000
0.784314 1.0000000000 0.8732350858 0.0000000000 1.0000000000
0.788235 1.0000000000 0.7236450505 0.0000000000 1.0000000000
0.792157 1.0000000000 0.5481003185 0.0000000000 1.0000000000
0.796078 1.0000000000 0.3581753027 0.0000000000 1.0000000000
0.800000 1.0000000000 0.1663925690 0.0000000000 1.0000000000
0.803922 1.0000000000 0.0000000000 0.0000000000 1.0000000000
0.807843 1.0000000000 0.0000000000 0.0000000000 1.0000000000
0.811765 1.0000000000 0.0000000000 0.2260510033 1.0000000000
0.815686 0.9065906462 0.0000000000 0.4927369454 1.0000000000
0.819608 0.7175539680 0.0000000000 0.7269346398 1.0000000000
0.823529 0.5253818539 0.0000000000 0.9132024339 1.0000000000
0.827451 0.3427450308 0.0000000000 1.0000000000 1.0000000000
0.831373 0.1816855232 0.0000000000 1.0000000000 1.0000000000
0.835294 0.0528226711 0.0000000000 1.0000000000 1.0000000000
0.839216 0.0000000000 0.0750773810 0.9958860170 1.0000000000
0.843137 0.0000000000 0.2630991956 0.8440989496 1.0000000000
0.847059 0.0000000000 0.4555320654 0.6366568394 1.0000000000
0.850980 0.0000000000 0.6396880709 0.3872372292 1.0000000000
0.854902 0.0883052784 0.8034250214 0.1122854174 1.0000000000
0.858824 0.2280405192 0.9359470417 0.0000000000 1.0000000000
0.862745 0.3969160330 1.0000000000 0.0000000000 1.0000000000
0.866667 0.5837971371 1.0000000000 0.0000000000 1.0000000000
0.870588 0.7763619635 1.0000000000 0.0000000000 1.0000000000
0.874510 0.9619138922 1.0000000000 0.0000000000 1.0000000000
0.878431 1.0000000000 0.9237471088 0.0000000000 1.0000000000
0.882353 1.0000000000 0.7874868510 0.0000000000 1.0000000000
0.886275 1.0000000000 0.6210625345 0.0000000000 1.0000000000
0.890196 1.0000000000 0.4354472240 0.0000000000 1.0000000000
0.894118 1.0000000000 0.2428793285 0.0000000000 1.0000000000
0.898039 1.0000000000 0.0560556703 0.0000000000 1.0000000000
0.901961 1.0000000000 0.0000000000 0.0000000000 1.0000000000
0.905882 1.0000000000 0.0000000000 0.1136334498 1.0000000000
0.909804 0.9788462880 0.0000000000 0.3885053820 1.0000000000
0.913725 0.7946210072 0.0000000000 0.6377614979 1.0000000000
0.917647 0.6021789321 0.0000000000 0.8449672790 1.0000000000
0.921569 0.4142085892 0.0000000000 0.9964607646 1.0000000000
0.925490 0.2431036646 0.0000000000 1.0000000000 1.0000000000
0.929412 0.1001458356 0.0000000000 1.0000000000 1.0000000000
0.933333 0.0000000000 0.0035766755 1.0000000000 1.0000000000
0.937255 0.0000000000 0.1862886209 0.9124462331 1.0000000000
0.941176 0.0000000000 0.3784760703 0.7259169884 1.0000000000
0.945098 0.0000000000 0.5674672856 0.4915249414 1.0000000000
0.949020 0.0425111027 0.7408012704 0.2247245593 1.0000000000
0.952941 0.1678088084 0.8870493758 0.0000000000 1.0000000000
0.956863 0.3262181206 0.9965688407 0.0000000000 1.0000000000
0.960784 0.5072944379 1.0000000000 0.0000000000 1.0000000000
0.964706 0.6990986266 1.0000000000 0.0000000000 1.0000000000
0.968627 0.8889842189 1.0000000000 0.0000000000 1.0000000000
0.972549 1.0000000000 0.9679059419 0.0000000000 1.0000000000
0.976471 1.0000000000 0.8464334684 0.0000000000 1.0000000000
0.980392 1.0000000000 0.6909103343 0.0000000000 1.0000000000
0.984314 1.0000000000 0.5115908431 0.0000000000 1.0000000000
0.988235 1.0000000000 0.3202982933 0.0000000000 1.0000000000
0.992157 1.0000000000 0.1296454184 0.0000000000 1.0000000000
0.996078 1.0000000000 0.0000000000 0.0000000000 1.0000000000
1.000000 1.0000000000 0.0000000000 -0.0000000000 1.0000000000
