0.000000 0.0078431373 0.2196078431 0.3450980392 1.0000000000
0.003922 0.0080891965 0.2237908497 0.3516186082 1.0000000000
0.007843 0.0083352557 0.2279738562 0.3581391772 1.0000000000
0.011765 0.0085813149 0.2321568627 0.3646597463 1.0000000000
0.015686 0.0088273741 0.2363398693 0.3711803153 1.0000000000
0.019608 0.0090734333 0.2405228758 0.3777008843 1.0000000000
0.023529 0.0093194925 0.2447058824 0.3842214533 1.0000000000
0.027451 0.0095655517 0.2488888889 0.3907420223 1.0000000000
0.031373 0.0098116109 0.2530718954 0.3972625913 1.0000000000
0.035294 0.0100576701 0.2572549020 0.4037831603 1.0000000000
0.039216 0.0103037293 0.2614379085 0.4103037293 1.0000000000
0.043137 0.0105497885 0.2656209150 0.4168242983 1.0000000000
0.047059 0.0107958478 0.2698039216 0.4233448674 1.0000000000
0.050980 0.0110419070 0.2739869281 0.4298654364 1.0000000000
0.054902 0.0112879662 0.2781699346 0.4363860054 1.0000000000
0.058824 0.0115340254 0.2823529412 0.4429065744 1.0000000000
0.062745 0.0117800846 0.2865359477 0.4494271434 1.0000000000
0.066667 0.0120261438 0.2907189542 0.4559477124 1.0000000000
0.070588 0.0122722030 0.2949019608 0.4624682814 1.0000000000
0.074510 0.0125182622 0.2990849673 0.4689888504 1.0000000000
0.078431 0.0127643214 0.3032679739 0.4755094195 1.0000000000
0.082353 0.0130103806 0.3074509804 0.4820299885 1.0000000000
0.086275 0.0132564398 0.3116339869 0.4885505575 1.0000000000
0.090196 0.0135024990 0.3158169935 0.4950711265 1.0000000000
0.094118 0.0137485582 0.3200000000 0.5015916955 1.0000000000
0.098039 0.0139946175 0.3241830065 0.5081122645 1.0000000000
0.101961 0.0142406767 0.3283660131 0.5146328335 1.0000000000
0.105882 0.0144867359 0.3325490196 0.5211534025 1.0000000000
0.109804 0.0147327951 0.3367320261 0.5276739715 1.0000000000
0.113725 0.0149788543 0.3409150327 0.5341945406 1.0000000000
0.117647 0.0152249135 0.3450980392 0.5407151096 1.0000000000
0.121569 0.0154709727 0.3492810458 0.5472356786 1.0000000000
0.125490 0.0157016532 0.3532795079 0.5534794310 1.0000000000
0.129412 0.0158246828 0.3559861592 0.5577854671 1.0000000000
0.133333 0.0159477124 0.3586928105 0.5620915033 1.0000000000
0.137255 0.0160707420 0.3613994617 0.5663975394 1.0000000000
0.141176 0.0161937716 0.3641061130 0.5707035755 1.0000000000
0.145098 0.0163168012 0.3668127643 0.5750096117 1.0000000000
0.149020 0.0164398308 0.3695194156 0.5793156478 1.0000000000
0.152941 0.0165628604 0.3722260669 0.5836216840 1.0000000000
0.156863 0.0166858900 0.3749327182 0.5879277201 1.0000000000
0.160784 0.0168089196 0.3776393695 0.5922337562 1.0000000000
0.164706 0.0169319493 0.3803460208 0.5965397924 1.0000000000
0.168627 0.0170549789 0.3830526720 0.6008458285 1.0000000000
0.172549 0.0171780085 0.3857593233 0.6051518647 1.0000000000
0.176471 0.0173010381 0.3884659746 0.6094579008 1.0000000000
0.180392 0.0174240677 0.3911726259 0.6137639369 1.0000000000
0.184314 0.0175470973 0.3938792772 0.6180699731 1.0000000000
0.188235 0.0176701269 0.3965859285 0.6223760092 1.0000000000
0.192157 0.0177931565 0.3992925798 0.6266820454 1.0000000000
0.196078 0.0179161861 0.4019992311 0.6309880815 1.0000000000
0.200000 0.0180392157 0.4047058824 0.6352941176 1.0000000000
0.203922 0.0181622453 0.4074125336 0.6396001538 1.0000000000
0.207843 0.0182852749 0.4101191849 0.6439061899 1.0000000000
0.211765 0.0184083045 0.4128258362 0.6482122261 1.0000000000
0.215686 0.0185313341 0.4155324875 0.6525182622 1.0000000000
0.219608 0.0186543637 0.4182391388 0.6568242983 1.0000000000
0.223529 0.0187773933 0.4209457901 0.6611303345 1.0000000000
0.227451 0.0189004229 0.4236524414 0.6654363706 1.0000000000
0.231373 0.0190234525 0.4263590927 0.6697424068 1.0000000000
0.235294 0.0191464821 0.4290657439 0.6740484429 1.0000000000
0.239216 0.0192695117 0.4317723952 0.6783544790 1.0000000000
0.243137 0.0193925413 0.4344790465 0.6826605152 1.0000000000
0.247059 0.0195155709 0.4371856978 0.6869665513 1.0000000000
0.250980 0.0211149558 0.4401999231 0.6906881968 1.0000000000
0.254902 0.0271434064 0.4441368704 0.6926566705 1.0000000000
0.258824 0.0331718570 0.4480738178 0.6946251442 1.0000000000
0.262745 0.0392003076 0.4520107651 0.6965936178 1.0000000000
0.266667 0.0452287582 0.4559477124 0.6985620915 1.0000000000
0.270588 0.0512572088 0.4598846597 0.7005305652 1.0000000000
0.274510 0.0572856594 0.4638216071 0.7024990388 1.0000000000
0.278431 0.0633141100 0.4677585544 0.7044675125 1.0000000000
0.282353 0.0693425606 0.4716955017 0.7064359862 1.0000000000
0.286275 0.0753710111 0.4756324491 0.7084044598 1.0000000000
0.290196 0.0813994617 0.4795693964 0.7103729335 1.0000000000
0.294118 0.0874279123 0.4835063437 0.7123414072 1.0000000000
0.298039 0.0934563629 0.4874432910 0.7143098808 1.0000000000
0.301961 0.0994848135 0.4913802384 0.7162783545 1.0000000000
0.305882 0.1055132641 0.4953171857 0.7182468281 1.0000000000
0.309804 0.1115417147 0.4992541330 0.7202153018 1.0000000000
0.313725 0.1175701653 0.5031910804 0.7221837755 1.0000000000
0.317647 0.1235986159 0.5071280277 0.7241522491 1.0000000000
0.321569 0.1296270665 0.5110649750 0.7261207228 1.0000000000
0.325490 0.1356555171 0.5150019223 0.7280891965 1.0000000000
0.329412 0.1416839677 0.5189388697 0.7300576701 1.0000000000
0.333333 0.1477124183 0.5228758170 0.7320261438 1.0000000000
0.337255 0.1537408689 0.5268127643 0.7339946175 1.0000000000
0.341176 0.1597693195 0.5307497116 0.7359630911 1.0000000000
0.345098 0.1657977701 0.5346866590 0.7379315648 1.0000000000
0.349020 0.1718262207 0.5386236063 0.7399000384 1.0000000000
0.352941 0.1778546713 0.5425605536 0.7418685121 1.0000000000
0.356863 0.1838831219 0.5464975010 0.7438369858 1.0000000000
0.360784 0.1899115725 0.5504344483 0.7458054594 1.0000000000
0.364706 0.1959400231 0.5543713956 0.7477739331 1.0000000000
0.368627 0.2019684737 0.5583083429 0.7497424068 1.0000000000
0.372549 0.2079969243 0.5622452903 0.7517108804 1.0000000000
0.376471 0.2146251442 0.5658592849 0.7536332180 1.0000000000
0.380392 0.2222529796 0.5689350250 0.7554786621 1.0000000000
0.384314 0.2298808151 0.5720107651 0.7573241061 1.0000000000
0.388235 0.2375086505 0.5750865052 0.7591695502 1.0000000000
0.392157 0.2451364860 0.5781622453 0.7610149942 1.0000000000
0.396078 0.2527643214 0.5812379854 0.7628604383 1.0000000000
0.400000 0.2603921569 0.5843137255 0.7647058824 1.0000000000
0.403922 0.2680199923 0.5873894656 0.7665513264 1.0000000000
0.407843 0.2756478278 0.5904652057 0.7683967705 1.0000000000
0.411765 0.2832756632 0.5935409458 0.7702422145 1.0000000000
0.415686 0.2909034987 0.5966166859 0.7720876586 1.0000000000
0.419608 0.2985313341 0.5996924260 0.7739331027 1.0000000000
0.423529 0.3061591696 0.6027681661 0.7757785467 1.0000000000
0.427451 0.3137870050 0.6058439062 0.7776239908 1.0000000000
0.431373 0.3214148404 0.6089196463 0.7794694348 1.0000000000
0.435294 0.3290426759 0.6119953864 0.7813148789 1.0000000000
0.439216 0.3366705113 0.6150711265 0.7831603230 1.0000000000
0.443137 0.3442983468 0.6181468666 0.7850057670 1.0000000000
0.447059 0.3519261822 0.6212226067 0.7868512111 1.0000000000
0.450980 0.3595540177 0.6242983468 0.7886966551 1.0000000000
0.454902 0.3671818531 0.6273740869 0.7905420992 1.0000000000
0.458824 0.3748096886 0.6304498270 0.7923875433 1.0000000000
0.462745 0.3824375240 0.6335255671 0.7942329873 1.0000000000
0.466667 0.3900653595 0.6366013072 0.7960784314 1.0000000000
0.470588 0.3976931949 0.6396770473 0.7979238754 1.0000000000
0.474510 0.4053210304 0.6427527874 0.7997693195 1.0000000000
0.478431 0.4129488658 0.6458285275 0.8016147636 1.0000000000
0.482353 0.4205767013 0.6489042676 0.8034602076 1.0000000000
0.486275 0.4282045367 0.6519800077 0.8053056517 1.0000000000
0.490196 0.4358323722 0.6550557478 0.8071510957 1.0000000000
0.494118 0.4434602076 0.6581314879 0.8089965398 1.0000000000
0.498039 0.4510880431 0.6612072280 0.8108419839 1.0000000000
0.501961 0.4579777009 0.6639753941 0.8125028835 1.0000000000
0.505882 0.4641291811 0.6664359862 0.8139792388 1.0000000000
0.509804 0.4702806613 0.6688965782 0.8154555940 1.0000000000
0.513725 0.4764321415 0.6713571703 0.8169319493 1.0000000000
0.517647 0.4825836217 0.6738177624 0.8184083045 1.0000000000
0.521569 0.4887351019 0.6762783545 0.8198846597 1.0000000000
0.525490 0.4948865821 0.6787389466 0.8213610150 1.0000000000
0.529412 0.5010380623 0.6811995386 0.8228373702 1.0000000000
0.533333 0.5071895425 0.6836601307 0.8243137255 1.0000000000
0.537255 0.5133410227 0.6861207228 0.8257900807 1.0000000000
0.541176 0.5194925029 0.6885813149 0.8272664360 1.0000000000
0.545098 0.5256439831 0.6910419070 0.8287427912 1.0000000000
0.549020 0.5317954633 0.6935024990 0.8302191465 1.0000000000
0.552941 0.5379469435 0.6959630911 0.8316955017 1.0000000000
0.556863 0.5440984237 0.6984236832 0.8331718570 1.0000000000
0.560784 0.5502499039 0.7008842753 0.8346482122 1.0000000000
0.564706 0.5564013841 0.7033448674 0.8361245675 1.0000000000
0.568627 0.5625528643 0.7058054594 0.8376009227 1.0000000000
0.572549 0.5687043445 0.7082660515 0.8390772780 1.0000000000
0.576471 0.5748558247 0.7107266436 0.8405536332 1.0000000000
0.580392 0.5810073049 0.7131872357 0.8420299885 1.0000000000
0.584314 0.5871587851 0.7156478278 0.8435063437 1.0000000000
0.588235 0.5933102653 0.7181084198 0.8449826990 1.0000000000
0.592157 0.5994617455 0.7205690119 0.8464590542 1.0000000000
0.596078 0.6056132257 0.7230296040 0.8479354095 1.0000000000
0.600000 0.6117647059 0.7254901961 0.8494117647 1.0000000000
0.603922 0.6179161861 0.7279507882 0.8508881200 1.0000000000
0.607843 0.6240676663 0.7304113802 0.8523644752 1.0000000000
0.611765 0.6302191465 0.7328719723 0.8538408304 1.0000000000
0.615686 0.6363706267 0.7353325644 0.8553171857 1.0000000000
0.619608 0.6425221069 0.7377931565 0.8567935409 1.0000000000
0.623529 0.6486735871 0.7402537486 0.8582698962 1.0000000000
0.627451 0.6542099193 0.7427143406 0.8596693579 1.0000000000
0.631373 0.6593771626 0.7451749327 0.8610226836 1.0000000000
0.635294 0.6645444060 0.7476355248 0.8623760092 1.0000000000
0.639216 0.6697116494 0.7500961169 0.8637293349 1.0000000000
0.643137 0.6748788927 0.7525567090 0.8650826605 1.0000000000
0.647059 0.6800461361 0.7550173010 0.8664359862 1.0000000000
0.650980 0.6852133795 0.7574778931 0.8677893118 1.0000000000
0.654902 0.6903806228 0.7599384852 0.8691426374 1.0000000000
0.658824 0.6955478662 0.7623990773 0.8704959631 1.0000000000
0.662745 0.7007151096 0.7648596694 0.8718492887 1.0000000000
0.666667 0.7058823529 0.7673202614 0.8732026144 1.0000000000
0.670588 0.7110495963 0.7697808535 0.8745559400 1.0000000000
0.674510 0.7162168397 0.7722414456 0.8759092657 1.0000000000
0.678431 0.7213840830 0.7747020377 0.8772625913 1.0000000000
0.682353 0.7265513264 0.7771626298 0.8786159170 1.0000000000
0.686275 0.7317185698 0.7796232218 0.8799692426 1.0000000000
0.690196 0.7368858131 0.7820838139 0.8813225682 1.0000000000
0.694118 0.7420530565 0.7845444060 0.8826758939 1.0000000000
0.698039 0.7472202999 0.7870049981 0.8840292195 1.0000000000
0.701961 0.7523875433 0.7894655902 0.8853825452 1.0000000000
0.705882 0.7575547866 0.7919261822 0.8867358708 1.0000000000
0.709804 0.7627220300 0.7943867743 0.8880891965 1.0000000000
0.713725 0.7678892734 0.7968473664 0.8894425221 1.0000000000
0.717647 0.7730565167 0.7993079585 0.8907958478 1.0000000000
0.721569 0.7782237601 0.8017685506 0.8921491734 1.0000000000
0.725490 0.7833910035 0.8042291426 0.8935024990 1.0000000000
0.729412 0.7885582468 0.8066897347 0.8948558247 1.0000000000
0.733333 0.7937254902 0.8091503268 0.8962091503 1.0000000000
0.737255 0.7988927336 0.8116109189 0.8975624760 1.0000000000
0.741176 0.8040599769 0.8140715110 0.8989158016 1.0000000000
0.745098 0.8092272203 0.8165321030 0.9002691273 1.0000000000
0.749020 0.8143944637 0.8189926951 0.9016224529 1.0000000000
0.752941 0.8182698962 0.8216378316 0.9030680507 1.0000000000
0.756863 0.8217147251 0.8243444829 0.9045444060 1.0000000000
0.760784 0.8251595540 0.8270511342 0.9060207612 1.0000000000
0.764706 0.8286043829 0.8297577855 0.9074971165 1.0000000000
0.768627 0.8320492118 0.8324644368 0.9089734717 1.0000000000
0.772549 0.8354940408 0.8351710880 0.9104498270 1.0000000000
0.776471 0.8389388697 0.8378777393 0.9119261822 1.0000000000
0.780392 0.8423836986 0.8405843906 0.9134025375 1.0000000000
0.784314 0.8458285275 0.8432910419 0.9148788927 1.0000000000
0.788235 0.8492733564 0.8459976932 0.9163552480 1.0000000000
0.792157 0.8527181853 0.8487043445 0.9178316032 1.0000000000
0.796078 0.8561630142 0.8514109958 0.9193079585 1.0000000000
0.800000 0.8596078431 0.8541176471 0.9207843137 1.0000000000
0.803922 0.8630526720 0.8568242983 0.9222606690 1.0000000000
0.807843 0.8664975010 0.8595309496 0.9237370242 1.0000000000
0.811765 0.8699423299 0.8622376009 0.9252133795 1.0000000000
0.815686 0.8733871588 0.8649442522 0.9266897347 1.0000000000
0.819608 0.8768319877 0.8676509035 0.9281660900 1.0000000000
0.823529 0.8802768166 0.8703575548 0.9296424452 1.0000000000
0.827451 0.8837216455 0.8730642061 0.9311188005 1.0000000000
0.831373 0.8871664744 0.8757708574 0.9325951557 1.0000000000
0.835294 0.8906113033 0.8784775087 0.9340715110 1.0000000000
0.839216 0.8940561323 0.8811841599 0.9355478662 1.0000000000
0.843137 0.8975009612 0.8838908112 0.9370242215 1.0000000000
0.847059 0.9009457901 0.8865974625 0.9385005767 1.0000000000
0.850980 0.9043906190 0.8893041138 0.9399769319 1.0000000000
0.854902 0.9078354479 0.8920107651 0.9414532872 1.0000000000
0.858824 0.9112802768 0.8947174164 0.9429296424 1.0000000000
0.862745 0.9147251057 0.8974240677 0.9444059977 1.0000000000
0.866667 0.9181699346 0.9001307190 0.9458823529 1.0000000000
0.870588 0.9216147636 0.9028373702 0.9473587082 1.0000000000
0.874510 0.9250595925 0.9055440215 0.9488350634 1.0000000000
0.878431 0.9275355632 0.9076047674 0.9499884660 1.0000000000
0.882353 0.9298731257 0.9095732411 0.9510957324 1.0000000000
0.886275 0.9322106882 0.9115417147 0.9522029988 1.0000000000
0.890196 0.9345482507 0.9135101884 0.9533102653 1.0000000000
0.894118 0.9368858131 0.9154786621 0.9544175317 1.0000000000
0.898039 0.9392233756 0.9174471357 0.9555247982 1.0000000000
0.901961 0.9415609381 0.9194156094 0.9566320646 1.0000000000
0.905882 0.9438985006 0.9213840830 0.9577393310 1.0000000000
0.909804 0.9462360631 0.9233525567 0.9588465975 1.0000000000
0.913725 0.9485736255 0.9253210304 0.9599538639 1.0000000000
0.917647 0.9509111880 0.9272895040 0.9610611303 1.0000000000
0.921569 0.9532487505 0.9292579777 0.9621683968 1.0000000000
0.925490 0.9555863130 0.9312264514 0.9632756632 1.0000000000
0.929412 0.9579238754 0.9331949250 0.9643829296 1.0000000000
0.933333 0.9602614379 0.9351633987 0.9654901961 1.0000000000
0.937255 0.9625990004 0.9371318724 0.9665974625 1.0000000000
0.941176 0.9649365629 0.9391003460 0.9677047290 1.0000000000
0.945098 0.9672741253 0.9410688197 0.9688119954 1.0000000000
0.949020 0.9696116878 0.9430372933 0.9699192618 1.0000000000
0.952941 0.9719492503 0.9450057670 0.9710265283 1.0000000000
0.956863 0.9742868128 0.9469742407 0.9721337947 1.0000000000
0.960784 0.9766243752 0.9489427143 0.9732410611 1.0000000000
0.964706 0.9789619377 0.9509111880 0.9743483276 1.0000000000
0.968627 0.9812995002 0.9528796617 0.9754555940 1.0000000000
0.972549 0.9836370627 0.9548481353 0.9765628604 1.0000000000
0.976471 0.9859746251 0.9568166090 0.9776701269 1.0000000000
0.980392 0.9883121876 0.9587850827 0.9787773933 1.0000000000
0.984314 0.9906497501 0.9607535563 0.9798846597 1.0000000000
0.988235 0.9929873126 0.9627220300 0.9809919262 1.0000000000
0.992157 0.9953248750 0.9646905037 0.9820991926 1.0000000000
0.996078 0.9976624375 0.9666589773 0.9832064591 1.0000000000
1.000000 1.0000000000 0.9686274510 0.9843137255 1.0000000000
