0.000000 1.0000000000 0.9686274510 0.9843137255 1.0000000000
0.003922 0.9976624375 0.9660438293 0.9829603998 1.0000000000
0.007843 0.9953248750 0.9634602076 0.9816070742 1.0000000000
0.011765 0.9929873126 0.9608765859 0.9802537486 1.0000000000
0.015686 0.9906497501 0.9582929642 0.9789004229 1.0000000000
0.019608 0.9883121876 0.9557093426 0.9775470973 1.0000000000
0.023529 0.9859746251 0.9531257209 0.9761937716 1.0000000000
0.027451 0.9836370627 0.9505420992 0.9748404460 1.0000000000
0.031373 0.9812995002 0.9479584775 0.9734871203 1.0000000000
0.035294 0.9789619377 0.9453748558 0.9721337947 1.0000000000
0.039216 0.9766243752 0.9427912341 0.9707804691 1.0000000000
0.043137 0.9742868128 0.9402076125 0.9694271434 1.0000000000
0.047059 0.9719492503 0.9376239908 0.9680738178 1.0000000000
0.050980 0.9696116878 0.9350403691 0.9667204921 1.0000000000
0.054902 0.9672741253 0.9324567474 0.9653671665 1.0000000000
0.058824 0.9649365629 0.9298731257 0.9640138408 1.0000000000
0.062745 0.9625990004 0.9272895040 0.9626605152 1.0000000000
0.066667 0.9602614379 0.9247058824 0.9613071895 1.0000000000
0.070588 0.9579238754 0.9221222607 0.9599538639 1.0000000000
0.074510 0.9555863130 0.9195386390 0.9586005383 1.0000000000
0.078431 0.9532487505 0.9169550173 0.9572472126 1.0000000000
0.082353 0.9509111880 0.9143713956 0.9558938870 1.0000000000
0.086275 0.9485736255 0.9117877739 0.9545405613 1.0000000000
0.090196 0.9462360631 0.9092041522 0.9531872357 1.0000000000
0.094118 0.9438985006 0.9066205306 0.9518339100 1.0000000000
0.098039 0.9415609381 0.9040369089 0.9504805844 1.0000000000
0.101961 0.9392233756 0.9014532872 0.9491272587 1.0000000000
0.105882 0.9368858131 0.8988696655 0.9477739331 1.0000000000
0.109804 0.9345482507 0.8962860438 0.9464206075 1.0000000000
0.113725 0.9322106882 0.8937024221 0.9450672818 1.0000000000
0.117647 0.9298731257 0.8911188005 0.9437139562 1.0000000000
0.121569 0.9275355632 0.8885351788 0.9423606305 1.0000000000
0.125490 0.9250595925 0.8860130719 0.9410226836 1.0000000000
0.129412 0.9216147636 0.8839215686 0.9397923875 1.0000000000
0.133333 0.9181699346 0.8818300654 0.9385620915 1.0000000000
0.137255 0.9147251057 0.8797385621 0.9373317955 1.0000000000
0.141176 0.9112802768 0.8776470588 0.9361014994 1.0000000000
0.145098 0.9078354479 0.8755555556 0.9348712034 1.0000000000
0.149020 0.9043906190 0.8734640523 0.9336409073 1.0000000000
0.152941 0.9009457901 0.8713725490 0.9324106113 1.0000000000
0.156863 0.8975009612 0.8692810458 0.9311803153 1.0000000000
0.160784 0.8940561323 0.8671895425 0.9299500192 1.0000000000
0.164706 0.8906113033 0.8650980392 0.9287197232 1.0000000000
0.168627 0.8871664744 0.8630065359 0.9274894271 1.0000000000
0.172549 0.8837216455 0.8609150327 0.9262591311 1.0000000000
0.176471 0.8802768166 0.8588235294 0.9250288351 1.0000000000
0.180392 0.8768319877 0.8567320261 0.9237985390 1.0000000000
0.184314 0.8733871588 0.8546405229 0.9225682430 1.0000000000
0.188235 0.8699423299 0.8525490196 0.9213379469 1.0000000000
0.192157 0.8664975010 0.8504575163 0.9201076509 1.0000000000
0.196078 0.8630526720 0.8483660131 0.9188773549 1.0000000000
0.200000 0.8596078431 0.8462745098 0.9176470588 1.0000000000
0.203922 0.8561630142 0.8441830065 0.9164167628 1.0000000000
0.207843 0.8527181853 0.8420915033 0.9151864667 1.0000000000
0.211765 0.8492733564 0.8400000000 0.9139561707 1.0000000000
0.215686 0.8458285275 0.8379084967 0.9127258747 1.0000000000
0.219608 0.8423836986 0.8358169935 0.9114955786 1.0000000000
0.223529 0.8389388697 0.8337254902 0.9102652826 1.0000000000
0.227451 0.8354940408 0.8316339869 0.9090349865 1.0000000000
0.231373 0.8320492118 0.8295424837 0.9078046905 1.0000000000
0.235294 0.8286043829 0.8274509804 0.9065743945 1.0000000000
0.239216 0.8251595540 0.8253594771 0.9053440984 1.0000000000
0.243137 0.8217147251 0.8232679739 0.9041138024 1.0000000000
0.247059 0.8182698962 0.8211764706 0.9028835063 1.0000000000
0.250980 0.8143944637 0.8189926951 0.9016224529 1.0000000000
0.254902 0.8092272203 0.8165321030 0.9002691273 1.0000000000
0.258824 0.8040599769 0.8140715110 0.8989158016 1.0000000000
0.262745 0.7988927336 0.8116109189 0.8975624760 1.0000000000
0.266667 0.7937254902 0.8091503268 0.8962091503 1.0000000000
0.270588 0.7885582468 0.8066897347 0.8948558247 1.0000000000
0.274510 0.7833910035 0.8042291426 0.8935024990 1.0000000000
0.278431 0.7782237601 0.8017685506 0.8921491734 1.0000000000
0.282353 0.7730565167 0.7993079585 0.8907958478 1.0000000000
0.286275 0.7678892734 0.7968473664 0.8894425221 1.0000000000
0.290196 0.7627220300 0.7943867743 0.8880891965 1.0000000000
0.294118 0.7575547866 0.7919261822 0.8867358708 1.0000000000
0.298039 0.7523875433 0.7894655902 0.8853825452 1.0000000000
0.301961 0.7472202999 0.7870049981 0.8840292195 1.0000000000
0.305882 0.7420530565 0.7845444060 0.8826758939 1.0000000000
0.309804 0.7368858131 0.7820838139 0.8813225682 1.0000000000
0.313725 0.7317185698 0.7796232218 0.8799692426 1.0000000000
0.317647 0.7265513264 0.7771626298 0.8786159170 1.0000000000
0.321569 0.7213840830 0.7747020377 0.8772625913 1.0000000000
0.325490 0.7162168397 0.7722414456 0.8759092657 1.0000000000
0.329412 0.7110495963 0.7697808535 0.8745559400 1.0000000000
0.333333 0.7058823529 0.7673202614 0.8732026144 1.0000000000
0.337255 0.7007151096 0.7648596694 0.8718492887 1.0000000000
0.341176 0.6955478662 0.7623990773 0.8704959631 1.0000000000
0.345098 0.6903806228 0.7599384852 0.8691426374 1.0000000000
0.349020 0.6852133795 0.7574778931 0.8677893118 1.0000000000
0.352941 0.6800461361 0.7550173010 0.8664359862 1.0000000000
0.356863 0.6748788927 0.7525567090 0.8650826605 1.0000000000
0.360784 0.6697116494 0.7500961169 0.8637293349 1.0000000000
0.364706 0.6645444060 0.7476355248 0.8623760092 1.0000000000
0.368627 0.6593771626 0.7451749327 0.8610226836 1.0000000000
0.372549 0.6542099193 0.7427143406 0.8596693579 1.0000000000
0.376471 0.6480738178 0.7402537486 0.8582698962 1.0000000000
0.380392 0.6403229527 0.7377931565 0.8567935409 1.0000000000
0.384314 0.6325720877 0.7353325644 0.8553171857 1.0000000000
0.388235 0.6248212226 0.7328719723 0.8538408304 1.0000000000
0.392157 0.6170703576 0.7304113802 0.8523644752 1.0000000000
0.396078 0.6093194925 0.7279507882 0.8508881200 1.0000000000
0.400000 0.6015686275 0.7254901961 0.8494117647 1.0000000000
0.403922 0.5938177624 0.7230296040 0.8479354095 1.0000000000
0.407843 0.5860668973 0.7205690119 0.8464590542 1.0000000000
0.411765 0.5783160323 0.7181084198 0.8449826990 1.0000000000
0.415686 0.5705651672 0.7156478278 0.8435063437 1.0000000000
0.419608 0.5628143022 0.7131872357 0.8420299885 1.0000000000
0.423529 0.5550634371 0.7107266436 0.8405536332 1.0000000000
0.427451 0.5473125721 0.7082660515 0.8390772780 1.0000000000
0.431373 0.5395617070 0.7058054594 0.8376009227 1.0000000000
0.435294 0.5318108420 0.7033448674 0.8361245675 1.0000000000
0.439216 0.5240599769 0.7008842753 0.8346482122 1.0000000000
0.443137 0.5163091119 0.6984236832 0.8331718570 1.0000000000
0.447059 0.5085582468 0.6959630911 0.8316955017 1.0000000000
0.450980 0.5008073818 0.6935024990 0.8302191465 1.0000000000
0.454902 0.4930565167 0.6910419070 0.8287427912 1.0000000000
0.458824 0.4853056517 0.6885813149 0.8272664360 1.0000000000
0.462745 0.4775547866 0.6861207228 0.8257900807 1.0000000000
0.466667 0.4698039216 0.6836601307 0.8243137255 1.0000000000
0.470588 0.4620530565 0.6811995386 0.8228373702 1.0000000000
0.474510 0.4543021915 0.6787389466 0.8213610150 1.0000000000
0.478431 0.4465513264 0.6762783545 0.8198846597 1.0000000000
0.482353 0.4388004614 0.6738177624 0.8184083045 1.0000000000
0.486275 0.4310495963 0.6713571703 0.8169319493 1.0000000000
0.490196 0.4232987313 0.6688965782 0.8154555940 1.0000000000
0.494118 0.4155478662 0.6664359862 0.8139792388 1.0000000000
0.498039 0.4077970012 0.6639753941 0.8125028835 1.0000000000
0.501961 0.4009073433 0.6612072280 0.8108419839 1.0000000000
0.505882 0.3948788927 0.6581314879 0.8089965398 1.0000000000
0.509804 0.3888504421 0.6550557478 0.8071510957 1.0000000000
0.513725 0.3828219915 0.6519800077 0.8053056517 1.0000000000
0.517647 0.3767935409 0.6489042676 0.8034602076 1.0000000000
0.521569 0.3707650903 0.6458285275 0.8016147636 1.0000000000
0.525490 0.3647366398 0.6427527874 0.7997693195 1.0000000000
0.529412 0.3587081892 0.6396770473 0.7979238754 1.0000000000
0.533333 0.3526797386 0.6366013072 0.7960784314 1.0000000000
0.537255 0.3466512880 0.6335255671 0.7942329873 1.0000000000
0.541176 0.3406228374 0.6304498270 0.7923875433 1.0000000000
0.545098 0.3345943868 0.6273740869 0.7905420992 1.0000000000
0.549020 0.3285659362 0.6242983468 0.7886966551 1.0000000000
0.552941 0.3225374856 0.6212226067 0.7868512111 1.0000000000
0.556863 0.3165090350 0.6181468666 0.7850057670 1.0000000000
0.560784 0.3104805844 0.6150711265 0.7831603230 1.0000000000
0.564706 0.3044521338 0.6119953864 0.7813148789 1.0000000000
0.568627 0.2984236832 0.6089196463 0.7794694348 1.0000000000
0.572549 0.2923952326 0.6058439062 0.7776239908 1.0000000000
0.576471 0.2863667820 0.6027681661 0.7757785467 1.0000000000
0.580392 0.2803383314 0.5996924260 0.7739331027 1.0000000000
0.584314 0.2743098808 0.5966166859 0.7720876586 1.0000000000
0.588235 0.2682814302 0.5935409458 0.7702422145 1.0000000000
0.592157 0.2622529796 0.5904652057 0.7683967705 1.0000000000
0.596078 0.2562245290 0.5873894656 0.7665513264 1.0000000000
0.600000 0.2501960784 0.5843137255 0.7647058824 1.0000000000
0.603922 0.2441676278 0.5812379854 0.7628604383 1.0000000000
0.607843 0.2381391772 0.5781622453 0.7610149942 1.0000000000
0.611765 0.2321107266 0.5750865052 0.7591695502 1.0000000000
0.615686 0.2260822760 0.5720107651 0.7573241061 1.0000000000
0.619608 0.2200538255 0.5689350250 0.7554786621 1.0000000000
0.623529 0.2140253749 0.5658592849 0.7536332180 1.0000000000
0.627451 0.2077662438 0.5635524798 0.7487889273 1.0000000000
0.631373 0.2013687043 0.5617070358 0.7421453287 1.0000000000
0.635294 0.1949711649 0.5598615917 0.7355017301 1.0000000000
0.639216 0.1885736255 0.5580161476 0.7288581315 1.0000000000
0.643137 0.1821760861 0.5561707036 0.7222145329 1.0000000000
0.647059 0.1757785467 0.5543252595 0.7155709343 1.0000000000
0.650980 0.1693810073 0.5524798155 0.7089273356 1.0000000000
0.654902 0.1629834679 0.5506343714 0.7022837370 1.0000000000
0.658824 0.1565859285 0.5487889273 0.6956401384 1.0000000000
0.662745 0.1501883891 0.5469434833 0.6889965398 1.0000000000
0.666667 0.1437908497 0.5450980392 0.6823529412 1.0000000000
0.670588 0.1373933103 0.5432525952 0.6757093426 1.0000000000
0.674510 0.1309957709 0.5414071511 0.6690657439 1.0000000000
0.678431 0.1245982314 0.5395617070 0.6624221453 1.0000000000
0.682353 0.1182006920 0.5377162630 0.6557785467 1.0000000000
0.686275 0.1118031526 0.5358708189 0.6491349481 1.0000000000
0.690196 0.1054056132 0.5340253749 0.6424913495 1.0000000000
0.694118 0.0990080738 0.5321799308 0.6358477509 1.0000000000
0.698039 0.0926105344 0.5303344867 0.6292041522 1.0000000000
0.701961 0.0862129950 0.5284890427 0.6225605536 1.0000000000
0.705882 0.0798154556 0.5266435986 0.6159169550 1.0000000000
0.709804 0.0734179162 0.5247981546 0.6092733564 1.0000000000
0.713725 0.0670203768 0.5229527105 0.6026297578 1.0000000000
0.717647 0.0606228374 0.5211072664 0.5959861592 1.0000000000
0.721569 0.0542252980 0.5192618224 0.5893425606 1.0000000000
0.725490 0.0478277586 0.5174163783 0.5826989619 1.0000000000
0.729412 0.0414302191 0.5155709343 0.5760553633 1.0000000000
0.733333 0.0350326797 0.5137254902 0.5694117647 1.0000000000
0.737255 0.0286351403 0.5118800461 0.5627681661 1.0000000000
0.741176 0.0222376009 0.5100346021 0.5561245675 1.0000000000
0.745098 0.0158400615 0.5081891580 0.5494809689 1.0000000000
0.749020 0.0094425221 0.5063437140 0.5428373702 1.0000000000
0.752941 0.0077508651 0.5039446367 0.5366551326 1.0000000000
0.756863 0.0076278354 0.5013610150 0.5306266820 1.0000000000
0.760784 0.0075048058 0.4987773933 0.5245982314 1.0000000000
0.764706 0.0073817762 0.4961937716 0.5185697809 1.0000000000
0.768627 0.0072587466 0.4936101499 0.5125413303 1.0000000000
0.772549 0.0071357170 0.4910265283 0.5065128797 1.0000000000
0.776471 0.0070126874 0.4884429066 0.5004844291 1.0000000000
0.780392 0.0068896578 0.4858592849 0.4944559785 1.0000000000
0.784314 0.0067666282 0.4832756632 0.4884275279 1.0000000000
0.788235 0.0066435986 0.4806920415 0.4823990773 1.0000000000
0.792157 0.0065205690 0.4781084198 0.4763706267 1.0000000000
0.796078 0.0063975394 0.4755247982 0.4703421761 1.0000000000
0.800000 0.0062745098 0.4729411765 0.4643137255 1.0000000000
0.803922 0.0061514802 0.4703575548 0.4582852749 1.0000000000
0.807843 0.0060284506 0.4677739331 0.4522568243 1.0000000000
0.811765 0.0059054210 0.4651903114 0.4462283737 1.0000000000
0.815686 0.0057823914 0.4626066897 0.4401999231 1.0000000000
0.819608 0.0056593618 0.4600230681 0.4341714725 1.0000000000
0.823529 0.0055363322 0.4574394464 0.4281430219 1.0000000000
0.827451 0.0054133026 0.4548558247 0.4221145713 1.0000000000
0.831373 0.0052902730 0.4522722030 0.4160861207 1.0000000000
0.835294 0.0051672434 0.4496885813 0.4100576701 1.0000000000
0.839216 0.0050442138 0.4471049596 0.4040292195 1.0000000000
0.843137 0.0049211842 0.4445213379 0.3980007689 1.0000000000
0.847059 0.0047981546 0.4419377163 0.3919723183 1.0000000000
0.850980 0.0046751250 0.4393540946 0.3859438677 1.0000000000
0.854902 0.0045520953 0.4367704729 0.3799154171 1.0000000000
0.858824 0.0044290657 0.4341868512 0.3738869666 1.0000000000
0.862745 0.0043060361 0.4316032295 0.3678585160 1.0000000000
0.866667 0.0041830065 0.4290196078 0.3618300654 1.0000000000
0.870588 0.0040599769 0.4264359862 0.3558016148 1.0000000000
0.874510 0.0039369473 0.4238523645 0.3497731642 1.0000000000
0.878431 0.0039215686 0.4194386774 0.3452518262 1.0000000000
0.882353 0.0039215686 0.4147635525 0.3409457901 1.0000000000
0.886275 0.0039215686 0.4100884275 0.3366397539 1.0000000000
0.890196 0.0039215686 0.4054133026 0.3323337178 1.0000000000
0.894118 0.0039215686 0.4007381776 0.3280276817 1.0000000000
0.898039 0.0039215686 0.3960630527 0.3237216455 1.0000000000
0.901961 0.0039215686 0.3913879277 0.3194156094 1.0000000000
0.905882 0.0039215686 0.3867128028 0.3151095732 1.0000000000
0.909804 0.0039215686 0.3820376778 0.3108035371 1.0000000000
0.913725 0.0039215686 0.3773625529 0.3064975010 1.0000000000
0.917647 0.0039215686 0.3726874279 0.3021914648 1.0000000000
0.921569 0.0039215686 0.3680123030 0.2978854287 1.0000000000
0.925490 0.0039215686 0.3633371780 0.2935793925 1.0000000000
0.929412 0.0039215686 0.3586620531 0.2892733564 1.0000000000
0.933333 0.0039215686 0.3539869281 0.2849673203 1.0000000000
0.937255 0.0039215686 0.3493118032 0.2806612841 1.0000000000
0.941176 0.0039215686 0.3446366782 0.2763552480 1.0000000000
0.945098 0.0039215686 0.3399615532 0.2720492118 1.0000000000
0.949020 0.0039215686 0.3352864283 0.2677431757 1.0000000000
0.952941 0.0039215686 0.3306113033 0.2634371396 1.0000000000
0.956863 0.0039215686 0.3259361784 0.2591311034 1.0000000000
0.960784 0.0039215686 0.3212610534 0.2548250673 1.0000000000
0.964706 0.0039215686 0.3165859285 0.2505190311 1.0000000000
0.968627 0.0039215686 0.3119108035 0.2462129950 1.0000000000
0.972549 0.0039215686 0.3072356786 0.2419069589 1.0000000000
0.976471 0.0039215686 0.3025605536 0.2376009227 1.0000000000
0.980392 0.0039215686 0.2978854287 0.2332948866 1.0000000000
0.984314 0.0039215686 0.2932103037 0.2289888504 1.0000000000
0.988235 0.0039215686 0.2885351788 0.2246828143 1.0000000000
0.992157 0.0039215686 0.2838600538 0.2203767782 1.0000000000
0.996078 0.0039215686 0.2791849289 0.2160707420 1.0000000000
1.000000 0.0039215686 0.2745098039 0.2117647059 1.0000000000
