0.000000 0.1764705882 0.0000000000 0.2941176471 1.0000000000
0.003922 0.1824682814 0.0059976932 0.3034986544 1.0000000000
0.007843 0.1884659746 0.0119953864 0.3128796617 1.0000000000
0.011765 0.1944636678 0.0179930796 0.3222606690 1.0000000000
0.015686 0.2004613610 0.0239907728 0.3316416763 1.0000000000
0.019608 0.2064590542 0.0299884660 0.3410226836 1.0000000000
0.023529 0.2124567474 0.0359861592 0.3504036909 1.0000000000
0.027451 0.2184544406 0.0419838524 0.3597846982 1.0000000000
0.031373 0.2244521338 0.0479815456 0.3691657055 1.0000000000
0.035294 0.2304498270 0.0539792388 0.3785467128 1.0000000000
0.039216 0.2364475202 0.0599769319 0.3879277201 1.0000000000
0.043137 0.2424452134 0.0659746251 0.3973087274 1.0000000000
0.047059 0.2484429066 0.0719723183 0.4066897347 1.0000000000
0.050980 0.2544405998 0.0779700115 0.4160707420 1.0000000000
0.054902 0.2604382930 0.0839677047 0.4254517493 1.0000000000
0.058824 0.2664359862 0.0899653979 0.4348327566 1.0000000000
0.062745 0.2724336794 0.0959630911 0.4442137639 1.0000000000
0.066667 0.2784313725 0.1019607843 0.4535947712 1.0000000000
0.070588 0.2844290657 0.1079584775 0.4629757785 1.0000000000
0.074510 0.2904267589 0.1139561707 0.4723567859 1.0000000000
0.078431 0.2964244521 0.1199538639 0.4817377932 1.0000000000
0.082353 0.3024221453 0.1259515571 0.4911188005 1.0000000000
0.086275 0.3084198385 0.1319492503 0.5004998078 1.0000000000
0.090196 0.3144175317 0.1379469435 0.5098808151 1.0000000000
0.094118 0.3204152249 0.1439446367 0.5192618224 1.0000000000
0.098039 0.3264129181 0.1499423299 0.5286428297 1.0000000000
0.101961 0.3327950788 0.1587850827 0.5361014994 1.0000000000
0.105882 0.3395617070 0.1704728950 0.5416378316 1.0000000000
0.109804 0.3463283353 0.1821607074 0.5471741638 1.0000000000
0.113725 0.3530949635 0.1938485198 0.5527104960 1.0000000000
0.117647 0.3598615917 0.2055363322 0.5582468281 1.0000000000
0.121569 0.3666282199 0.2172241446 0.5637831603 1.0000000000
0.125490 0.3733948481 0.2289119569 0.5693194925 1.0000000000
0.129412 0.3801614764 0.2405997693 0.5748558247 1.0000000000
0.133333 0.3869281046 0.2522875817 0.5803921569 1.0000000000
0.137255 0.3936947328 0.2639753941 0.5859284890 1.0000000000
0.141176 0.4004613610 0.2756632065 0.5914648212 1.0000000000
0.145098 0.4072279892 0.2873510188 0.5970011534 1.0000000000
0.149020 0.4139946175 0.2990388312 0.6025374856 1.0000000000
0.152941 0.4207612457 0.3107266436 0.6080738178 1.0000000000
0.156863 0.4275278739 0.3224144560 0.6136101499 1.0000000000
0.160784 0.4342945021 0.3341022684 0.6191464821 1.0000000000
0.164706 0.4410611303 0.3457900807 0.6246828143 1.0000000000
0.168627 0.4478277586 0.3574778931 0.6302191465 1.0000000000
0.172549 0.4545943868 0.3691657055 0.6357554787 1.0000000000
0.176471 0.4613610150 0.3808535179 0.6412918108 1.0000000000
0.180392 0.4681276432 0.3925413303 0.6468281430 1.0000000000
0.184314 0.4748942714 0.4042291426 0.6523644752 1.0000000000
0.188235 0.4816608997 0.4159169550 0.6579008074 1.0000000000
0.192157 0.4884275279 0.4276047674 0.6634371396 1.0000000000
0.196078 0.4951941561 0.4392925798 0.6689734717 1.0000000000
0.200000 0.5019607843 0.4509803922 0.6745098039 1.0000000000
0.203922 0.5096501346 0.4595924644 0.6803537101 1.0000000000
0.207843 0.5173394848 0.4682045367 0.6861976163 1.0000000000
0.211765 0.5250288351 0.4768166090 0.6920415225 1.0000000000
0.215686 0.5327181853 0.4854286813 0.6978854287 1.0000000000
0.219608 0.5404075356 0.4940407536 0.7037293349 1.0000000000
0.223529 0.5480968858 0.5026528258 0.7095732411 1.0000000000
0.227451 0.5557862361 0.5112648981 0.7154171473 1.0000000000
0.231373 0.5634755863 0.5198769704 0.7212610534 1.0000000000
0.235294 0.5711649366 0.5284890427 0.7271049596 1.0000000000
0.239216 0.5788542868 0.5371011150 0.7329488658 1.0000000000
0.243137 0.5865436371 0.5457131872 0.7387927720 1.0000000000
0.247059 0.5942329873 0.5543252595 0.7446366782 1.0000000000
0.250980 0.6019223376 0.5629373318 0.7504805844 1.0000000000
0.254902 0.6096116878 0.5715494041 0.7563244906 1.0000000000
0.258824 0.6173010381 0.5801614764 0.7621683968 1.0000000000
0.262745 0.6249903883 0.5887735486 0.7680123030 1.0000000000
0.266667 0.6326797386 0.5973856209 0.7738562092 1.0000000000
0.270588 0.6403690888 0.6059976932 0.7797001153 1.0000000000
0.274510 0.6480584391 0.6146097655 0.7855440215 1.0000000000
0.278431 0.6557477893 0.6232218378 0.7913879277 1.0000000000
0.282353 0.6634371396 0.6318339100 0.7972318339 1.0000000000
0.286275 0.6711264898 0.6404459823 0.8030757401 1.0000000000
0.290196 0.6788158401 0.6490580546 0.8089196463 1.0000000000
0.294118 0.6865051903 0.6576701269 0.8147635525 1.0000000000
0.298039 0.6941945406 0.6662821992 0.8206074587 1.0000000000
0.301961 0.7009611688 0.6742022299 0.8254517493 1.0000000000
0.305882 0.7068050750 0.6814302191 0.8292964245 1.0000000000
0.309804 0.7126489812 0.6886582084 0.8331410996 1.0000000000
0.313725 0.7184928874 0.6958861976 0.8369857747 1.0000000000
0.317647 0.7243367935 0.7031141869 0.8408304498 1.0000000000
0.321569 0.7301806997 0.7103421761 0.8446751250 1.0000000000
0.325490 0.7360246059 0.7175701653 0.8485198001 1.0000000000
0.329412 0.7418685121 0.7247981546 0.8523644752 1.0000000000
0.333333 0.7477124183 0.7320261438 0.8562091503 1.0000000000
0.337255 0.7535563245 0.7392541330 0.8600538255 1.0000000000
0.341176 0.7594002307 0.7464821223 0.8638985006 1.0000000000
0.345098 0.7652441369 0.7537101115 0.8677431757 1.0000000000
0.349020 0.7710880431 0.7609381007 0.8715878508 1.0000000000
0.352941 0.7769319493 0.7681660900 0.8754325260 1.0000000000
0.356863 0.7827758554 0.7753940792 0.8792772011 1.0000000000
0.360784 0.7886197616 0.7826220684 0.8831218762 1.0000000000
0.364706 0.7944636678 0.7898500577 0.8869665513 1.0000000000
0.368627 0.8003075740 0.7970780469 0.8908112265 1.0000000000
0.372549 0.8061514802 0.8043060361 0.8946559016 1.0000000000
0.376471 0.8119953864 0.8115340254 0.8985005767 1.0000000000
0.380392 0.8178392926 0.8187620146 0.9023452518 1.0000000000
0.384314 0.8236831988 0.8259900038 0.9061899270 1.0000000000
0.388235 0.8295271050 0.8332179931 0.9100346021 1.0000000000
0.392157 0.8353710111 0.8404459823 0.9138792772 1.0000000000
0.396078 0.8412149173 0.8476739715 0.9177239523 1.0000000000
0.400000 0.8470588235 0.8549019608 0.9215686275 1.0000000000
0.403922 0.8518262207 0.8593617839 0.9234140715 1.0000000000
0.407843 0.8565936178 0.8638216071 0.9252595156 1.0000000000
0.411765 0.8613610150 0.8682814302 0.9271049596 1.0000000000
0.415686 0.8661284121 0.8727412534 0.9289504037 1.0000000000
0.419608 0.8708958093 0.8772010765 0.9307958478 1.0000000000
0.423529 0.8756632065 0.8816608997 0.9326412918 1.0000000000
0.427451 0.8804306036 0.8861207228 0.9344867359 1.0000000000
0.431373 0.8851980008 0.8905805459 0.9363321799 1.0000000000
0.435294 0.8899653979 0.8950403691 0.9381776240 1.0000000000
0.439216 0.8947327951 0.8995001922 0.9400230681 1.0000000000
0.443137 0.8995001922 0.9039600154 0.9418685121 1.0000000000
0.447059 0.9042675894 0.9084198385 0.9437139562 1.0000000000
0.450980 0.9090349865 0.9128796617 0.9455594002 1.0000000000
0.454902 0.9138023837 0.9173394848 0.9474048443 1.0000000000
0.458824 0.9185697809 0.9217993080 0.9492502884 1.0000000000
0.462745 0.9233371780 0.9262591311 0.9510957324 1.0000000000
0.466667 0.9281045752 0.9307189542 0.9529411765 1.0000000000
0.470588 0.9328719723 0.9351787774 0.9547866205 1.0000000000
0.474510 0.9376393695 0.9396386005 0.9566320646 1.0000000000
0.478431 0.9424067666 0.9440984237 0.9584775087 1.0000000000
0.482353 0.9471741638 0.9485582468 0.9603229527 1.0000000000
0.486275 0.9519415609 0.9530180700 0.9621683968 1.0000000000
0.490196 0.9567089581 0.9574778931 0.9640138408 1.0000000000
0.494118 0.9614763552 0.9619377163 0.9658592849 1.0000000000
0.498039 0.9662437524 0.9663975394 0.9677047290 1.0000000000
0.501961 0.9691657055 0.9668589004 0.9636293733 1.0000000000
0.505882 0.9702422145 0.9633217993 0.9536332180 1.0000000000
0.509804 0.9713187236 0.9597846982 0.9436370627 1.0000000000
0.513725 0.9723952326 0.9562475971 0.9336409073 1.0000000000
0.517647 0.9734717416 0.9527104960 0.9236447520 1.0000000000
0.521569 0.9745482507 0.9491733948 0.9136485967 1.0000000000
0.525490 0.9756247597 0.9456362937 0.9036524414 1.0000000000
0.529412 0.9767012687 0.9420991926 0.8936562860 1.0000000000
0.533333 0.9777777778 0.9385620915 0.8836601307 1.0000000000
0.537255 0.9788542868 0.9350249904 0.8736639754 1.0000000000
0.541176 0.9799307958 0.9314878893 0.8636678201 1.0000000000
0.545098 0.9810073049 0.9279507882 0.8536716647 1.0000000000
0.549020 0.9820838139 0.9244136870 0.8436755094 1.0000000000
0.552941 0.9831603230 0.9208765859 0.8336793541 1.0000000000
0.556863 0.9842368320 0.9173394848 0.8236831988 1.0000000000
0.560784 0.9853133410 0.9138023837 0.8136870434 1.0000000000
0.564706 0.9863898501 0.9102652826 0.8036908881 1.0000000000
0.568627 0.9874663591 0.9067281815 0.7936947328 1.0000000000
0.572549 0.9885428681 0.9031910804 0.7836985775 1.0000000000
0.576471 0.9896193772 0.8996539792 0.7737024221 1.0000000000
0.580392 0.9906958862 0.8961168781 0.7637062668 1.0000000000
0.584314 0.9917723952 0.8925797770 0.7537101115 1.0000000000
0.588235 0.9928489043 0.8890426759 0.7437139562 1.0000000000
0.592157 0.9939254133 0.8855055748 0.7337178008 1.0000000000
0.596078 0.9950019223 0.8819684737 0.7237216455 1.0000000000
0.600000 0.9960784314 0.8784313725 0.7137254902 1.0000000000
0.603922 0.9959246444 0.8722798923 0.7009611688 1.0000000000
0.607843 0.9957708574 0.8661284121 0.6881968474 1.0000000000
0.611765 0.9956170704 0.8599769319 0.6754325260 1.0000000000
0.615686 0.9954632834 0.8538254517 0.6626682045 1.0000000000
0.619608 0.9953094963 0.8476739715 0.6499038831 1.0000000000
0.623529 0.9951557093 0.8415224913 0.6371395617 1.0000000000
0.627451 0.9950019223 0.8353710111 0.6243752403 1.0000000000
0.631373 0.9948481353 0.8292195309 0.6116109189 1.0000000000
0.635294 0.9946943483 0.8230680507 0.5988465975 1.0000000000
0.639216 0.9945405613 0.8169165705 0.5860822760 1.0000000000
0.643137 0.9943867743 0.8107650903 0.5733179546 1.0000000000
0.647059 0.9942329873 0.8046136101 0.5605536332 1.0000000000
0.650980 0.9940792003 0.7984621300 0.5477893118 1.0000000000
0.654902 0.9939254133 0.7923106498 0.5350249904 1.0000000000
0.658824 0.9937716263 0.7861591696 0.5222606690 1.0000000000
0.662745 0.9936178393 0.7800076894 0.5094963476 1.0000000000
0.666667 0.9934640523 0.7738562092 0.4967320261 1.0000000000
0.670588 0.9933102653 0.7677047290 0.4839677047 1.0000000000
0.674510 0.9931564783 0.7615532488 0.4712033833 1.0000000000
0.678431 0.9930026913 0.7554017686 0.4584390619 1.0000000000
0.682353 0.9928489043 0.7492502884 0.4456747405 1.0000000000
0.686275 0.9926951173 0.7430988082 0.4329104191 1.0000000000
0.690196 0.9925413303 0.7369473280 0.4201460977 1.0000000000
0.694118 0.9923875433 0.7307958478 0.4073817762 1.0000000000
0.698039 0.9922337562 0.7246443676 0.3946174548 1.0000000000
0.701961 0.9899269512 0.7174163783 0.3821607074 1.0000000000
0.705882 0.9854671280 0.7091118800 0.3700115340 1.0000000000
0.709804 0.9810073049 0.7008073818 0.3578623606 1.0000000000
0.713725 0.9765474817 0.6925028835 0.3457131872 1.0000000000
0.717647 0.9720876586 0.6841983852 0.3335640138 1.0000000000
0.721569 0.9676278354 0.6758938870 0.3214148404 1.0000000000
0.725490 0.9631680123 0.6675893887 0.3092656671 1.0000000000
0.729412 0.9587081892 0.6592848904 0.2971164937 1.0000000000
0.733333 0.9542483660 0.6509803922 0.2849673203 1.0000000000
0.737255 0.9497885429 0.6426758939 0.2728181469 1.0000000000
0.741176 0.9453287197 0.6343713956 0.2606689735 1.0000000000
0.745098 0.9408688966 0.6260668973 0.2485198001 1.0000000000
0.749020 0.9364090734 0.6177623991 0.2363706267 1.0000000000
0.752941 0.9319492503 0.6094579008 0.2242214533 1.0000000000
0.756863 0.9274894271 0.6011534025 0.2120722799 1.0000000000
0.760784 0.9230296040 0.5928489043 0.1999231065 1.0000000000
0.764706 0.9185697809 0.5845444060 0.1877739331 1.0000000000
0.768627 0.9141099577 0.5762399077 0.1756247597 1.0000000000
0.772549 0.9096501346 0.5679354095 0.1634755863 1.0000000000
0.776471 0.9051903114 0.5596309112 0.1513264129 1.0000000000
0.780392 0.9007304883 0.5513264129 0.1391772395 1.0000000000
0.784314 0.8962706651 0.5430219146 0.1270280661 1.0000000000
0.788235 0.8918108420 0.5347174164 0.1148788927 1.0000000000
0.792157 0.8873510188 0.5264129181 0.1027297193 1.0000000000
0.796078 0.8828911957 0.5181084198 0.0905805459 1.0000000000
0.800000 0.8784313725 0.5098039216 0.0784313725 1.0000000000
0.803922 0.8715109573 0.5033448674 0.0762783545 1.0000000000
0.807843 0.8645905421 0.4968858131 0.0741253364 1.0000000000
0.811765 0.8576701269 0.4904267589 0.0719723183 1.0000000000
0.815686 0.8507497116 0.4839677047 0.0698193003 1.0000000000
0.819608 0.8438292964 0.4775086505 0.0676662822 1.0000000000
0.823529 0.8369088812 0.4710495963 0.0655132641 1.0000000000
0.827451 0.8299884660 0.4645905421 0.0633602461 1.0000000000
0.831373 0.8230680507 0.4581314879 0.0612072280 1.0000000000
0.835294 0.8161476355 0.4516724337 0.0590542099 1.0000000000
0.839216 0.8092272203 0.4452133795 0.0569011918 1.0000000000
0.843137 0.8023068051 0.4387543253 0.0547481738 1.0000000000
0.847059 0.7953863899 0.4322952710 0.0525951557 1.0000000000
0.850980 0.7884659746 0.4258362168 0.0504421376 1.0000000000
0.854902 0.7815455594 0.4193771626 0.0482891196 1.0000000000
0.858824 0.7746251442 0.4129181084 0.0461361015 1.0000000000
0.862745 0.7677047290 0.4064590542 0.0439830834 1.0000000000
0.866667 0.7607843137 0.4000000000 0.0418300654 1.0000000000
0.870588 0.7538638985 0.3935409458 0.0396770473 1.0000000000
0.874510 0.7469434833 0.3870818916 0.0375240292 1.0000000000
0.878431 0.7400230681 0.3806228374 0.0353710111 1.0000000000
0.882353 0.7331026528 0.3741637832 0.0332179931 1.0000000000
0.886275 0.7261822376 0.3677047290 0.0310649750 1.0000000000
0.890196 0.7192618224 0.3612456747 0.0289119569 1.0000000000
0.894118 0.7123414072 0.3547866205 0.0267589389 1.0000000000
0.898039 0.7054209919 0.3483275663 0.0246059208 1.0000000000
0.901961 0.6979623222 0.3428681276 0.0236831988 1.0000000000
0.905882 0.6899653979 0.3384083045 0.0239907728 1.0000000000
0.909804 0.6819684737 0.3339484814 0.0242983468 1.0000000000
0.913725 0.6739715494 0.3294886582 0.0246059208 1.0000000000
0.917647 0.6659746251 0.3250288351 0.0249134948 1.0000000000
0.921569 0.6579777009 0.3205690119 0.0252210688 1.0000000000
0.925490 0.6499807766 0.3161091888 0.0255286428 1.0000000000
0.929412 0.6419838524 0.3116493656 0.0258362168 1.0000000000
0.933333 0.6339869281 0.3071895425 0.0261437908 1.0000000000
0.937255 0.6259900038 0.3027297193 0.0264513649 1.0000000000
0.941176 0.6179930796 0.2982698962 0.0267589389 1.0000000000
0.945098 0.6099961553 0.2938100730 0.0270665129 1.0000000000
0.949020 0.6019992311 0.2893502499 0.0273740869 1.0000000000
0.952941 0.5940023068 0.2848904268 0.0276816609 1.0000000000
0.956863 0.5860053825 0.2804306036 0.0279892349 1.0000000000
0.960784 0.5780084583 0.2759707805 0.0282968089 1.0000000000
0.964706 0.5700115340 0.2715109573 0.0286043829 1.0000000000
0.968627 0.5620146098 0.2670511342 0.0289119569 1.0000000000
0.972549 0.5540176855 0.2625913110 0.0292195309 1.0000000000
0.976471 0.5460207612 0.2581314879 0.0295271050 1.0000000000
0.980392 0.5380238370 0.2536716647 0.0298346790 1.0000000000
0.984314 0.5300269127 0.2492118416 0.0301422530 1.0000000000
0.988235 0.5220299885 0.2447520185 0.0304498270 1.0000000000
0.992157 0.5140330642 0.2402921953 0.0307574010 1.0000000000
0.996078 0.5060361399 0.2358323722 0.0310649750 1.0000000000
1.000000 0.4980392157 0.2313725490 0.0313725490 1.0000000000
