0.000000 0.4039215686 0.0000000000 0.1215686275 1.0000000000
0.003922 0.4099500192 0.0000000000 0.1259976932 1.0000000000
0.007843 0.4159784698 0.0000000000 0.1304267589 1.0000000000
0.011765 0.4220069204 0.0000000000 0.1348558247 1.0000000000
0.015686 0.4280353710 0.0000000000 0.1392848904 1.0000000000
0.019608 0.4340638216 0.0000000000 0.1437139562 1.0000000000
0.023529 0.4400922722 0.0000000000 0.1481430219 1.0000000000
0.027451 0.4461207228 0.0000000000 0.1525720877 1.0000000000
0.031373 0.4521491734 0.0000000000 0.1570011534 1.0000000000
0.035294 0.4581776240 0.0000000000 0.1614302191 1.0000000000
0.039216 0.4642060746 0.0000000000 0.1658592849 1.0000000000
0.043137 0.4702345252 0.0000000000 0.1702883506 1.0000000000
0.047059 0.4762629758 0.0000000000 0.1747174164 1.0000000000
0.050980 0.4822914264 0.0000000000 0.1791464821 1.0000000000
0.054902 0.4883198770 0.0000000000 0.1835755479 1.0000000000
0.058824 0.4943483276 0.0000000000 0.1880046136 1.0000000000
0.062745 0.5003767782 0.0000000000 0.1924336794 1.0000000000
0.066667 0.5064052288 0.0000000000 0.1968627451 1.0000000000
0.070588 0.5124336794 0.0000000000 0.2012918108 1.0000000000
0.074510 0.5184621300 0.0000000000 0.2057208766 1.0000000000
0.078431 0.5244905805 0.0000000000 0.2101499423 1.0000000000
0.082353 0.5305190311 0.0000000000 0.2145790081 1.0000000000
0.086275 0.5365474817 0.0000000000 0.2190080738 1.0000000000
0.090196 0.5425759323 0.0000000000 0.2234371396 1.0000000000
0.094118 0.5486043829 0.0000000000 0.2278662053 1.0000000000
0.098039 0.5546328335 0.0000000000 0.2322952710 1.0000000000
0.101961 0.5606612841 0.0000000000 0.2367243368 1.0000000000
0.105882 0.5666897347 0.0000000000 0.2411534025 1.0000000000
0.109804 0.5727181853 0.0000000000 0.2455824683 1.0000000000
0.113725 0.5787466359 0.0000000000 0.2500115340 1.0000000000
0.117647 0.5847750865 0.0000000000 0.2544405998 1.0000000000
0.121569 0.5908035371 0.0000000000 0.2588696655 1.0000000000
0.125490 0.5969088812 0.0002768166 0.2630372933 1.0000000000
0.129412 0.6035524798 0.0024913495 0.2653748558 1.0000000000
0.133333 0.6101960784 0.0047058824 0.2677124183 1.0000000000
0.137255 0.6168396770 0.0069204152 0.2700499808 1.0000000000
0.141176 0.6234832757 0.0091349481 0.2723875433 1.0000000000
0.145098 0.6301268743 0.0113494810 0.2747251057 1.0000000000
0.149020 0.6367704729 0.0135640138 0.2770626682 1.0000000000
0.152941 0.6434140715 0.0157785467 0.2794002307 1.0000000000
0.156863 0.6500576701 0.0179930796 0.2817377932 1.0000000000
0.160784 0.6567012687 0.0202076125 0.2840753556 1.0000000000
0.164706 0.6633448674 0.0224221453 0.2864129181 1.0000000000
0.168627 0.6699884660 0.0246366782 0.2887504806 1.0000000000
0.172549 0.6766320646 0.0268512111 0.2910880431 1.0000000000
0.176471 0.6832756632 0.0290657439 0.2934256055 1.0000000000
0.180392 0.6899192618 0.0312802768 0.2957631680 1.0000000000
0.184314 0.6965628604 0.0334948097 0.2981007305 1.0000000000
0.188235 0.7032064591 0.0357093426 0.3004382930 1.0000000000
0.192157 0.7098500577 0.0379238754 0.3027758554 1.0000000000
0.196078 0.7164936563 0.0401384083 0.3051134179 1.0000000000
0.200000 0.7231372549 0.0423529412 0.3074509804 1.0000000000
0.203922 0.7297808535 0.0445674740 0.3097885429 1.0000000000
0.207843 0.7364244521 0.0467820069 0.3121261053 1.0000000000
0.211765 0.7430680507 0.0489965398 0.3144636678 1.0000000000
0.215686 0.7497116494 0.0512110727 0.3168012303 1.0000000000
0.219608 0.7563552480 0.0534256055 0.3191387928 1.0000000000
0.223529 0.7629988466 0.0556401384 0.3214763552 1.0000000000
0.227451 0.7696424452 0.0578546713 0.3238139177 1.0000000000
0.231373 0.7762860438 0.0600692042 0.3261514802 1.0000000000
0.235294 0.7829296424 0.0622837370 0.3284890427 1.0000000000
0.239216 0.7895732411 0.0644982699 0.3308266052 1.0000000000
0.243137 0.7962168397 0.0667128028 0.3331641676 1.0000000000
0.247059 0.8028604383 0.0689273356 0.3355017301 1.0000000000
0.250980 0.8086120723 0.0712956555 0.3388542868 1.0000000000
0.254902 0.8116878124 0.0741253364 0.3452518262 1.0000000000
0.258824 0.8147635525 0.0769550173 0.3516493656 1.0000000000
0.262745 0.8178392926 0.0797846982 0.3580469050 1.0000000000
0.266667 0.8209150327 0.0826143791 0.3644444444 1.0000000000
0.270588 0.8239907728 0.0854440600 0.3708419839 1.0000000000
0.274510 0.8270665129 0.0882737409 0.3772395233 1.0000000000
0.278431 0.8301422530 0.0911034218 0.3836370627 1.0000000000
0.282353 0.8332179931 0.0939331027 0.3900346021 1.0000000000
0.286275 0.8362937332 0.0967627835 0.3964321415 1.0000000000
0.290196 0.8393694733 0.0995924644 0.4028296809 1.0000000000
0.294118 0.8424452134 0.1024221453 0.4092272203 1.0000000000
0.298039 0.8455209535 0.1052518262 0.4156247597 1.0000000000
0.301961 0.8485966936 0.1080815071 0.4220222991 1.0000000000
0.305882 0.8516724337 0.1109111880 0.4284198385 1.0000000000
0.309804 0.8547481738 0.1137408689 0.4348173779 1.0000000000
0.313725 0.8578239139 0.1165705498 0.4412149173 1.0000000000
0.317647 0.8608996540 0.1194002307 0.4476124567 1.0000000000
0.321569 0.8639753941 0.1222299116 0.4540099962 1.0000000000
0.325490 0.8670511342 0.1250595925 0.4604075356 1.0000000000
0.329412 0.8701268743 0.1278892734 0.4668050750 1.0000000000
0.333333 0.8732026144 0.1307189542 0.4732026144 1.0000000000
0.337255 0.8762783545 0.1335486351 0.4796001538 1.0000000000
0.341176 0.8793540946 0.1363783160 0.4859976932 1.0000000000
0.345098 0.8824298347 0.1392079969 0.4923952326 1.0000000000
0.349020 0.8855055748 0.1420376778 0.4987927720 1.0000000000
0.352941 0.8885813149 0.1448673587 0.5051903114 1.0000000000
0.356863 0.8916570550 0.1476970396 0.5115878508 1.0000000000
0.360784 0.8947327951 0.1505267205 0.5179853902 1.0000000000
0.364706 0.8978085352 0.1533564014 0.5243829296 1.0000000000
0.368627 0.9008842753 0.1561860823 0.5307804691 1.0000000000
0.372549 0.9039600154 0.1590157632 0.5371780085 1.0000000000
0.376471 0.9055132641 0.1635524798 0.5429296424 1.0000000000
0.380392 0.9045290273 0.1709342561 0.5476047674 1.0000000000
0.384314 0.9035447905 0.1783160323 0.5522798923 1.0000000000
0.388235 0.9025605536 0.1856978085 0.5569550173 1.0000000000
0.392157 0.9015763168 0.1930795848 0.5616301423 1.0000000000
0.396078 0.9005920800 0.2004613610 0.5663052672 1.0000000000
0.400000 0.8996078431 0.2078431373 0.5709803922 1.0000000000
0.403922 0.8986236063 0.2152249135 0.5756555171 1.0000000000
0.407843 0.8976393695 0.2226066897 0.5803306421 1.0000000000
0.411765 0.8966551326 0.2299884660 0.5850057670 1.0000000000
0.415686 0.8956708958 0.2373702422 0.5896808920 1.0000000000
0.419608 0.8946866590 0.2447520185 0.5943560169 1.0000000000
0.423529 0.8937024221 0.2521337947 0.5990311419 1.0000000000
0.427451 0.8927181853 0.2595155709 0.6037062668 1.0000000000
0.431373 0.8917339485 0.2668973472 0.6083813918 1.0000000000
0.435294 0.8907497116 0.2742791234 0.6130565167 1.0000000000
0.439216 0.8897654748 0.2816608997 0.6177316417 1.0000000000
0.443137 0.8887812380 0.2890426759 0.6224067666 1.0000000000
0.447059 0.8877970012 0.2964244521 0.6270818916 1.0000000000
0.450980 0.8868127643 0.3038062284 0.6317570165 1.0000000000
0.454902 0.8858285275 0.3111880046 0.6364321415 1.0000000000
0.458824 0.8848442907 0.3185697809 0.6411072664 1.0000000000
0.462745 0.8838600538 0.3259515571 0.6457823914 1.0000000000
0.466667 0.8828758170 0.3333333333 0.6504575163 1.0000000000
0.470588 0.8818915802 0.3407151096 0.6551326413 1.0000000000
0.474510 0.8809073433 0.3480968858 0.6598077662 1.0000000000
0.478431 0.8799231065 0.3554786621 0.6644828912 1.0000000000
0.482353 0.8789388697 0.3628604383 0.6691580161 1.0000000000
0.486275 0.8779546328 0.3702422145 0.6738331411 1.0000000000
0.490196 0.8769703960 0.3776239908 0.6785082661 1.0000000000
0.494118 0.8759861592 0.3850057670 0.6831833910 1.0000000000
0.498039 0.8750019223 0.3923875433 0.6878585160 1.0000000000
0.501961 0.8731564783 0.3989696271 0.6916109189 1.0000000000
0.505882 0.8704498270 0.4047520185 0.6944405998 1.0000000000
0.509804 0.8677431757 0.4105344098 0.6972702807 1.0000000000
0.513725 0.8650365244 0.4163168012 0.7000999616 1.0000000000
0.517647 0.8623298731 0.4220991926 0.7029296424 1.0000000000
0.521569 0.8596232218 0.4278815840 0.7057593233 1.0000000000
0.525490 0.8569165705 0.4336639754 0.7085890042 1.0000000000
0.529412 0.8542099193 0.4394463668 0.7114186851 1.0000000000
0.533333 0.8515032680 0.4452287582 0.7142483660 1.0000000000
0.537255 0.8487966167 0.4510111496 0.7170780469 1.0000000000
0.541176 0.8460899654 0.4567935409 0.7199077278 1.0000000000
0.545098 0.8433833141 0.4625759323 0.7227374087 1.0000000000
0.549020 0.8406766628 0.4683583237 0.7255670896 1.0000000000
0.552941 0.8379700115 0.4741407151 0.7283967705 1.0000000000
0.556863 0.8352633602 0.4799231065 0.7312264514 1.0000000000
0.560784 0.8325567090 0.4857054979 0.7340561323 1.0000000000
0.564706 0.8298500577 0.4914878893 0.7368858131 1.0000000000
0.568627 0.8271434064 0.4972702807 0.7397154940 1.0000000000
0.572549 0.8244367551 0.5030526720 0.7425451749 1.0000000000
0.576471 0.8217301038 0.5088350634 0.7453748558 1.0000000000
0.580392 0.8190234525 0.5146174548 0.7482045367 1.0000000000
0.584314 0.8163168012 0.5203998462 0.7510342176 1.0000000000
0.588235 0.8136101499 0.5261822376 0.7538638985 1.0000000000
0.592157 0.8109034987 0.5319646290 0.7566935794 1.0000000000
0.596078 0.8081968474 0.5377470204 0.7595232603 1.0000000000
0.600000 0.8054901961 0.5435294118 0.7623529412 1.0000000000
0.603922 0.8027835448 0.5493118032 0.7651826221 1.0000000000
0.607843 0.8000768935 0.5550941945 0.7680123030 1.0000000000
0.611765 0.7973702422 0.5608765859 0.7708419839 1.0000000000
0.615686 0.7946635909 0.5666589773 0.7736716647 1.0000000000
0.619608 0.7919569396 0.5724413687 0.7765013456 1.0000000000
0.623529 0.7892502884 0.5782237601 0.7793310265 1.0000000000
0.627451 0.7890811226 0.5832372165 0.7818531334 1.0000000000
0.631373 0.7904344483 0.5877893118 0.7841906959 1.0000000000
0.635294 0.7917877739 0.5923414072 0.7865282584 1.0000000000
0.639216 0.7931410996 0.5968935025 0.7888658208 1.0000000000
0.643137 0.7944944252 0.6014455978 0.7912033833 1.0000000000
0.647059 0.7958477509 0.6059976932 0.7935409458 1.0000000000
0.650980 0.7972010765 0.6105497885 0.7958785083 1.0000000000
0.654902 0.7985544022 0.6151018839 0.7982160707 1.0000000000
0.658824 0.7999077278 0.6196539792 0.8005536332 1.0000000000
0.662745 0.8012610534 0.6242060746 0.8028911957 1.0000000000
0.666667 0.8026143791 0.6287581699 0.8052287582 1.0000000000
0.670588 0.8039677047 0.6333102653 0.8075663206 1.0000000000
0.674510 0.8053210304 0.6378623606 0.8099038831 1.0000000000
0.678431 0.8066743560 0.6424144560 0.8122414456 1.0000000000
0.682353 0.8080276817 0.6469665513 0.8145790081 1.0000000000
0.686275 0.8093810073 0.6515186467 0.8169165705 1.0000000000
0.690196 0.8107343329 0.6560707420 0.8192541330 1.0000000000
0.694118 0.8120876586 0.6606228374 0.8215916955 1.0000000000
0.698039 0.8134409842 0.6651749327 0.8239292580 1.0000000000
0.701961 0.8147943099 0.6697270281 0.8262668205 1.0000000000
0.705882 0.8161476355 0.6742791234 0.8286043829 1.0000000000
0.709804 0.8175009612 0.6788312188 0.8309419454 1.0000000000
0.713725 0.8188542868 0.6833833141 0.8332795079 1.0000000000
0.717647 0.8202076125 0.6879354095 0.8356170704 1.0000000000
0.721569 0.8215609381 0.6924875048 0.8379546328 1.0000000000
0.725490 0.8229142637 0.6970396002 0.8402921953 1.0000000000
0.729412 0.8242675894 0.7015916955 0.8426297578 1.0000000000
0.733333 0.8256209150 0.7061437908 0.8449673203 1.0000000000
0.737255 0.8269742407 0.7106958862 0.8473048827 1.0000000000
0.741176 0.8283275663 0.7152479815 0.8496424452 1.0000000000
0.745098 0.8296808920 0.7198000769 0.8519800077 1.0000000000
0.749020 0.8310342176 0.7243521722 0.8543175702 1.0000000000
0.752941 0.8331257209 0.7291810842 0.8568396770 1.0000000000
0.756863 0.8354632834 0.7341022684 0.8594232987 1.0000000000
0.760784 0.8378008458 0.7390234525 0.8620069204 1.0000000000
0.764706 0.8401384083 0.7439446367 0.8645905421 1.0000000000
0.768627 0.8424759708 0.7488658208 0.8671741638 1.0000000000
0.772549 0.8448135333 0.7537870050 0.8697577855 1.0000000000
0.776471 0.8471510957 0.7587081892 0.8723414072 1.0000000000
0.780392 0.8494886582 0.7636293733 0.8749250288 1.0000000000
0.784314 0.8518262207 0.7685505575 0.8775086505 1.0000000000
0.788235 0.8541637832 0.7734717416 0.8800922722 1.0000000000
0.792157 0.8565013456 0.7783929258 0.8826758939 1.0000000000
0.796078 0.8588389081 0.7833141100 0.8852595156 1.0000000000
0.800000 0.8611764706 0.7882352941 0.8878431373 1.0000000000
0.803922 0.8635140331 0.7931564783 0.8904267589 1.0000000000
0.807843 0.8658515955 0.7980776624 0.8930103806 1.0000000000
0.811765 0.8681891580 0.8029988466 0.8955940023 1.0000000000
0.815686 0.8705267205 0.8079200308 0.8981776240 1.0000000000
0.819608 0.8728642830 0.8128412149 0.9007612457 1.0000000000
0.823529 0.8752018454 0.8177623991 0.9033448674 1.0000000000
0.827451 0.8775394079 0.8226835832 0.9059284890 1.0000000000
0.831373 0.8798769704 0.8276047674 0.9085121107 1.0000000000
0.835294 0.8822145329 0.8325259516 0.9110957324 1.0000000000
0.839216 0.8845520953 0.8374471357 0.9136793541 1.0000000000
0.843137 0.8868896578 0.8423683199 0.9162629758 1.0000000000
0.847059 0.8892272203 0.8472895040 0.9188465975 1.0000000000
0.850980 0.8915647828 0.8522106882 0.9214302191 1.0000000000
0.854902 0.8939023453 0.8571318724 0.9240138408 1.0000000000
0.858824 0.8962399077 0.8620530565 0.9265974625 1.0000000000
0.862745 0.8985774702 0.8669742407 0.9291810842 1.0000000000
0.866667 0.9009150327 0.8718954248 0.9317647059 1.0000000000
0.870588 0.9032525952 0.8768166090 0.9343483276 1.0000000000
0.874510 0.9055901576 0.8817377932 0.9369319493 1.0000000000
0.878431 0.9076047674 0.8843983083 0.9383314110 1.0000000000
0.882353 0.9095732411 0.8867358708 0.9395617070 1.0000000000
0.886275 0.9115417147 0.8890734333 0.9407920031 1.0000000000
0.890196 0.9135101884 0.8914109958 0.9420222991 1.0000000000
0.894118 0.9154786621 0.8937485582 0.9432525952 1.0000000000
0.898039 0.9174471357 0.8960861207 0.9444828912 1.0000000000
0.901961 0.9194156094 0.8984236832 0.9457131872 1.0000000000
0.905882 0.9213840830 0.9007612457 0.9469434833 1.0000000000
0.909804 0.9233525567 0.9030988082 0.9481737793 1.0000000000
0.913725 0.9253210304 0.9054363706 0.9494040754 1.0000000000
0.917647 0.9272895040 0.9077739331 0.9506343714 1.0000000000
0.921569 0.9292579777 0.9101114956 0.9518646674 1.0000000000
0.925490 0.9312264514 0.9124490581 0.9530949635 1.0000000000
0.929412 0.9331949250 0.9147866205 0.9543252595 1.0000000000
0.933333 0.9351633987 0.9171241830 0.9555555556 1.0000000000
0.937255 0.9371318724 0.9194617455 0.9567858516 1.0000000000
0.941176 0.9391003460 0.9217993080 0.9580161476 1.0000000000
0.945098 0.9410688197 0.9241368704 0.9592464437 1.0000000000
0.949020 0.9430372933 0.9264744329 0.9604767397 1.0000000000
0.952941 0.9450057670 0.9288119954 0.9617070358 1.0000000000
0.956863 0.9469742407 0.9311495579 0.9629373318 1.0000000000
0.960784 0.9489427143 0.9334871203 0.9641676278 1.0000000000
0.964706 0.9509111880 0.9358246828 0.9653979239 1.0000000000
0.968627 0.9528796617 0.9381622453 0.9666282199 1.0000000000
0.972549 0.9548481353 0.9404998078 0.9678585160 1.0000000000
0.976471 0.9568166090 0.9428373702 0.9690888120 1.0000000000
0.980392 0.9587850827 0.9451749327 0.9703191080 1.0000000000
0.984314 0.9607535563 0.9475124952 0.9715494041 1.0000000000
0.988235 0.9627220300 0.9498500577 0.9727797001 1.0000000000
0.992157 0.9646905037 0.9521876201 0.9740099962 1.0000000000
0.996078 0.9666589773 0.9545251826 0.9752402922 1.0000000000
1.000000 0.9686274510 0.9568627451 0.9764705882 1.0000000000
