0.000000 0.2470588235 0.0000000000 0.4901960784 1.0000000000
0.003922 0.2496424452 0.0047981546 0.4924106113 1.0000000000
0.007843 0.2522260669 0.0095963091 0.4946251442 1.0000000000
0.011765 0.2548096886 0.0143944637 0.4968396770 1.0000000000
0.015686 0.2573933103 0.0191926182 0.4990542099 1.0000000000
0.019608 0.2599769319 0.0239907728 0.5012687428 1.0000000000
0.023529 0.2625605536 0.0287889273 0.5034832757 1.0000000000
0.027451 0.2651441753 0.0335870819 0.5056978085 1.0000000000
0.031373 0.2677277970 0.0383852364 0.5079123414 1.0000000000
0.035294 0.2703114187 0.0431833910 0.5101268743 1.0000000000
0.039216 0.2728950404 0.0479815456 0.5123414072 1.0000000000
0.043137 0.2754786621 0.0527797001 0.5145559400 1.0000000000
0.047059 0.2780622837 0.0575778547 0.5167704729 1.0000000000
0.050980 0.2806459054 0.0623760092 0.5189850058 1.0000000000
0.054902 0.2832295271 0.0671741638 0.5211995386 1.0000000000
0.058824 0.2858131488 0.0719723183 0.5234140715 1.0000000000
0.062745 0.2883967705 0.0767704729 0.5256286044 1.0000000000
0.066667 0.2909803922 0.0815686275 0.5278431373 1.0000000000
0.070588 0.2935640138 0.0863667820 0.5300576701 1.0000000000
0.074510 0.2961476355 0.0911649366 0.5322722030 1.0000000000
0.078431 0.2987312572 0.0959630911 0.5344867359 1.0000000000
0.082353 0.3013148789 0.1007612457 0.5367012687 1.0000000000
0.086275 0.3038985006 0.1055594002 0.5389158016 1.0000000000
0.090196 0.3064821223 0.1103575548 0.5411303345 1.0000000000
0.094118 0.3090657439 0.1151557093 0.5433448674 1.0000000000
0.098039 0.3116493656 0.1199538639 0.5455594002 1.0000000000
0.101961 0.3142329873 0.1247520185 0.5477739331 1.0000000000
0.105882 0.3168166090 0.1295501730 0.5499884660 1.0000000000
0.109804 0.3194002307 0.1343483276 0.5522029988 1.0000000000
0.113725 0.3219838524 0.1391464821 0.5544175317 1.0000000000
0.117647 0.3245674740 0.1439446367 0.5566320646 1.0000000000
0.121569 0.3271510957 0.1487427912 0.5588465975 1.0000000000
0.125490 0.3297500961 0.1535870819 0.5610918877 1.0000000000
0.129412 0.3324567474 0.1587543253 0.5635524798 1.0000000000
0.133333 0.3351633987 0.1639215686 0.5660130719 1.0000000000
0.137255 0.3378700500 0.1690888120 0.5684736640 1.0000000000
0.141176 0.3405767013 0.1742560554 0.5709342561 1.0000000000
0.145098 0.3432833526 0.1794232987 0.5733948481 1.0000000000
0.149020 0.3459900038 0.1845905421 0.5758554402 1.0000000000
0.152941 0.3486966551 0.1897577855 0.5783160323 1.0000000000
0.156863 0.3514033064 0.1949250288 0.5807766244 1.0000000000
0.160784 0.3541099577 0.2000922722 0.5832372165 1.0000000000
0.164706 0.3568166090 0.2052595156 0.5856978085 1.0000000000
0.168627 0.3595232603 0.2104267589 0.5881584006 1.0000000000
0.172549 0.3622299116 0.2155940023 0.5906189927 1.0000000000
0.176471 0.3649365629 0.2207612457 0.5930795848 1.0000000000
0.180392 0.3676432141 0.2259284890 0.5955401769 1.0000000000
0.184314 0.3703498654 0.2310957324 0.5980007689 1.0000000000
0.188235 0.3730565167 0.2362629758 0.6004613610 1.0000000000
0.192157 0.3757631680 0.2414302191 0.6029219531 1.0000000000
0.196078 0.3784698193 0.2465974625 0.6053825452 1.0000000000
0.200000 0.3811764706 0.2517647059 0.6078431373 1.0000000000
0.203922 0.3838831219 0.2569319493 0.6103037293 1.0000000000
0.207843 0.3865897732 0.2620991926 0.6127643214 1.0000000000
0.211765 0.3892964245 0.2672664360 0.6152249135 1.0000000000
0.215686 0.3920030757 0.2724336794 0.6176855056 1.0000000000
0.219608 0.3947097270 0.2776009227 0.6201460977 1.0000000000
0.223529 0.3974163783 0.2827681661 0.6226066897 1.0000000000
0.227451 0.4001230296 0.2879354095 0.6250672818 1.0000000000
0.231373 0.4028296809 0.2931026528 0.6275278739 1.0000000000
0.235294 0.4055363322 0.2982698962 0.6299884660 1.0000000000
0.239216 0.4082429835 0.3034371396 0.6324490581 1.0000000000
0.243137 0.4109496348 0.3086043829 0.6349096501 1.0000000000
0.247059 0.4136562860 0.3137716263 0.6373702422 1.0000000000
0.250980 0.4163629373 0.3190003845 0.6399231065 1.0000000000
0.254902 0.4190695886 0.3244136870 0.6427527874 1.0000000000
0.258824 0.4217762399 0.3298269896 0.6455824683 1.0000000000
0.262745 0.4244828912 0.3352402922 0.6484121492 1.0000000000
0.266667 0.4271895425 0.3406535948 0.6512418301 1.0000000000
0.270588 0.4298961938 0.3460668973 0.6540715110 1.0000000000
0.274510 0.4326028451 0.3514801999 0.6569011918 1.0000000000
0.278431 0.4353094963 0.3568935025 0.6597308727 1.0000000000
0.282353 0.4380161476 0.3623068051 0.6625605536 1.0000000000
0.286275 0.4407227989 0.3677201077 0.6653902345 1.0000000000
0.290196 0.4434294502 0.3731334102 0.6682199154 1.0000000000
0.294118 0.4461361015 0.3785467128 0.6710495963 1.0000000000
0.298039 0.4488427528 0.3839600154 0.6738792772 1.0000000000
0.301961 0.4515494041 0.3893733180 0.6767089581 1.0000000000
0.305882 0.4542560554 0.3947866205 0.6795386390 1.0000000000
0.309804 0.4569627067 0.4001999231 0.6823683199 1.0000000000
0.313725 0.4596693579 0.4056132257 0.6851980008 1.0000000000
0.317647 0.4623760092 0.4110265283 0.6880276817 1.0000000000
0.321569 0.4650826605 0.4164398308 0.6908573626 1.0000000000
0.325490 0.4677893118 0.4218531334 0.6936870434 1.0000000000
0.329412 0.4704959631 0.4272664360 0.6965167243 1.0000000000
0.333333 0.4732026144 0.4326797386 0.6993464052 1.0000000000
0.337255 0.4759092657 0.4380930411 0.7021760861 1.0000000000
0.341176 0.4786159170 0.4435063437 0.7050057670 1.0000000000
0.345098 0.4813225682 0.4489196463 0.7078354479 1.0000000000
0.349020 0.4840292195 0.4543329489 0.7106651288 1.0000000000
0.352941 0.4867358708 0.4597462514 0.7134948097 1.0000000000
0.356863 0.4894425221 0.4651595540 0.7163244906 1.0000000000
0.360784 0.4921491734 0.4705728566 0.7191541715 1.0000000000
0.364706 0.4948558247 0.4759861592 0.7219838524 1.0000000000
0.368627 0.4975624760 0.4813994617 0.7248135333 1.0000000000
0.372549 0.5002691273 0.4868127643 0.7276432141 1.0000000000
0.376471 0.5033448674 0.4915340254 0.7300576701 1.0000000000
0.380392 0.5070357555 0.4951018839 0.7317800846 1.0000000000
0.384314 0.5107266436 0.4986697424 0.7335024990 1.0000000000
0.388235 0.5144175317 0.5022376009 0.7352249135 1.0000000000
0.392157 0.5181084198 0.5058054594 0.7369473280 1.0000000000
0.396078 0.5217993080 0.5093733180 0.7386697424 1.0000000000
0.400000 0.5254901961 0.5129411765 0.7403921569 1.0000000000
0.403922 0.5291810842 0.5165090350 0.7421145713 1.0000000000
0.407843 0.5328719723 0.5200768935 0.7438369858 1.0000000000
0.411765 0.5365628604 0.5236447520 0.7455594002 1.0000000000
0.415686 0.5402537486 0.5272126105 0.7472818147 1.0000000000
0.419608 0.5439446367 0.5307804691 0.7490042291 1.0000000000
0.423529 0.5476355248 0.5343483276 0.7507266436 1.0000000000
0.427451 0.5513264129 0.5379161861 0.7524490581 1.0000000000
0.431373 0.5550173010 0.5414840446 0.7541714725 1.0000000000
0.435294 0.5587081892 0.5450519031 0.7558938870 1.0000000000
0.439216 0.5623990773 0.5486197616 0.7576163014 1.0000000000
0.443137 0.5660899654 0.5521876201 0.7593387159 1.0000000000
0.447059 0.5697808535 0.5557554787 0.7610611303 1.0000000000
0.450980 0.5734717416 0.5593233372 0.7627835448 1.0000000000
0.454902 0.5771626298 0.5628911957 0.7645059592 1.0000000000
0.458824 0.5808535179 0.5664590542 0.7662283737 1.0000000000
0.462745 0.5845444060 0.5700269127 0.7679507882 1.0000000000
0.466667 0.5882352941 0.5735947712 0.7696732026 1.0000000000
0.470588 0.5919261822 0.5771626298 0.7713956171 1.0000000000
0.474510 0.5956170704 0.5807304883 0.7731180315 1.0000000000
0.478431 0.5993079585 0.5842983468 0.7748404460 1.0000000000
0.482353 0.6029988466 0.5878662053 0.7765628604 1.0000000000
0.486275 0.6066897347 0.5914340638 0.7782852749 1.0000000000
0.490196 0.6103806228 0.5950019223 0.7800076894 1.0000000000
0.494118 0.6140715110 0.5985697809 0.7817301038 1.0000000000
0.498039 0.6177623991 0.6021376394 0.7834525183 1.0000000000
0.501961 0.6214532872 0.6060745867 0.7855440215 1.0000000000
0.505882 0.6251441753 0.6103806228 0.7880046136 1.0000000000
0.509804 0.6288350634 0.6146866590 0.7904652057 1.0000000000
0.513725 0.6325259516 0.6189926951 0.7929257978 1.0000000000
0.517647 0.6362168397 0.6232987313 0.7953863899 1.0000000000
0.521569 0.6399077278 0.6276047674 0.7978469819 1.0000000000
0.525490 0.6435986159 0.6319108035 0.8003075740 1.0000000000
0.529412 0.6472895040 0.6362168397 0.8027681661 1.0000000000
0.533333 0.6509803922 0.6405228758 0.8052287582 1.0000000000
0.537255 0.6546712803 0.6448289120 0.8076893502 1.0000000000
0.541176 0.6583621684 0.6491349481 0.8101499423 1.0000000000
0.545098 0.6620530565 0.6534409842 0.8126105344 1.0000000000
0.549020 0.6657439446 0.6577470204 0.8150711265 1.0000000000
0.552941 0.6694348328 0.6620530565 0.8175317186 1.0000000000
0.556863 0.6731257209 0.6663590927 0.8199923106 1.0000000000
0.560784 0.6768166090 0.6706651288 0.8224529027 1.0000000000
0.564706 0.6805074971 0.6749711649 0.8249134948 1.0000000000
0.568627 0.6841983852 0.6792772011 0.8273740869 1.0000000000
0.572549 0.6878892734 0.6835832372 0.8298346790 1.0000000000
0.576471 0.6915801615 0.6878892734 0.8322952710 1.0000000000
0.580392 0.6952710496 0.6921953095 0.8347558631 1.0000000000
0.584314 0.6989619377 0.6965013456 0.8372164552 1.0000000000
0.588235 0.7026528258 0.7008073818 0.8396770473 1.0000000000
0.592157 0.7063437140 0.7051134179 0.8421376394 1.0000000000
0.596078 0.7100346021 0.7094194541 0.8445982314 1.0000000000
0.600000 0.7137254902 0.7137254902 0.8470588235 1.0000000000
0.603922 0.7174163783 0.7180315263 0.8495194156 1.0000000000
0.607843 0.7211072664 0.7223375625 0.8519800077 1.0000000000
0.611765 0.7247981546 0.7266435986 0.8544405998 1.0000000000
0.615686 0.7284890427 0.7309496348 0.8569011918 1.0000000000
0.619608 0.7321799308 0.7352556709 0.8593617839 1.0000000000
0.623529 0.7358708189 0.7395617070 0.8618223760 1.0000000000
0.627451 0.7395617070 0.7434063822 0.8638985006 1.0000000000
0.631373 0.7432525952 0.7469742407 0.8657439446 1.0000000000
0.635294 0.7469434833 0.7505420992 0.8675893887 1.0000000000
0.639216 0.7506343714 0.7541099577 0.8694348328 1.0000000000
0.643137 0.7543252595 0.7576778162 0.8712802768 1.0000000000
0.647059 0.7580161476 0.7612456747 0.8731257209 1.0000000000
0.650980 0.7617070358 0.7648135333 0.8749711649 1.0000000000
0.654902 0.7653979239 0.7683813918 0.8768166090 1.0000000000
0.658824 0.7690888120 0.7719492503 0.8786620531 1.0000000000
0.662745 0.7727797001 0.7755171088 0.8805074971 1.0000000000
0.666667 0.7764705882 0.7790849673 0.8823529412 1.0000000000
0.670588 0.7801614764 0.7826528258 0.8841983852 1.0000000000
0.674510 0.7838523645 0.7862206844 0.8860438293 1.0000000000
0.678431 0.7875432526 0.7897885429 0.8878892734 1.0000000000
0.682353 0.7912341407 0.7933564014 0.8897347174 1.0000000000
0.686275 0.7949250288 0.7969242599 0.8915801615 1.0000000000
0.690196 0.7986159170 0.8004921184 0.8934256055 1.0000000000
0.694118 0.8023068051 0.8040599769 0.8952710496 1.0000000000
0.698039 0.8059976932 0.8076278354 0.8971164937 1.0000000000
0.701961 0.8096885813 0.8111956940 0.8989619377 1.0000000000
0.705882 0.8133794694 0.8147635525 0.9008073818 1.0000000000
0.709804 0.8170703576 0.8183314110 0.9026528258 1.0000000000
0.713725 0.8207612457 0.8218992695 0.9044982699 1.0000000000
0.717647 0.8244521338 0.8254671280 0.9063437140 1.0000000000
0.721569 0.8281430219 0.8290349865 0.9081891580 1.0000000000
0.725490 0.8318339100 0.8326028451 0.9100346021 1.0000000000
0.729412 0.8355247982 0.8361707036 0.9118800461 1.0000000000
0.733333 0.8392156863 0.8397385621 0.9137254902 1.0000000000
0.737255 0.8429065744 0.8433064206 0.9155709343 1.0000000000
0.741176 0.8465974625 0.8468742791 0.9174163783 1.0000000000
0.745098 0.8502883506 0.8504421376 0.9192618224 1.0000000000
0.749020 0.8539792388 0.8540099962 0.9211072664 1.0000000000
0.752941 0.8568396770 0.8566551326 0.9224913495 1.0000000000
0.756863 0.8594232987 0.8589926951 0.9237216455 1.0000000000
0.760784 0.8620069204 0.8613302576 0.9249519416 1.0000000000
0.764706 0.8645905421 0.8636678201 0.9261822376 1.0000000000
0.768627 0.8671741638 0.8660053825 0.9274125336 1.0000000000
0.772549 0.8697577855 0.8683429450 0.9286428297 1.0000000000
0.776471 0.8723414072 0.8706805075 0.9298731257 1.0000000000
0.780392 0.8749250288 0.8730180700 0.9311034218 1.0000000000
0.784314 0.8775086505 0.8753556324 0.9323337178 1.0000000000
0.788235 0.8800922722 0.8776931949 0.9335640138 1.0000000000
0.792157 0.8826758939 0.8800307574 0.9347943099 1.0000000000
0.796078 0.8852595156 0.8823683199 0.9360246059 1.0000000000
0.800000 0.8878431373 0.8847058824 0.9372549020 1.0000000000
0.803922 0.8904267589 0.8870434448 0.9384851980 1.0000000000
0.807843 0.8930103806 0.8893810073 0.9397154940 1.0000000000
0.811765 0.8955940023 0.8917185698 0.9409457901 1.0000000000
0.815686 0.8981776240 0.8940561323 0.9421760861 1.0000000000
0.819608 0.9007612457 0.8963936947 0.9434063822 1.0000000000
0.823529 0.9033448674 0.8987312572 0.9446366782 1.0000000000
0.827451 0.9059284890 0.9010688197 0.9458669742 1.0000000000
0.831373 0.9085121107 0.9034063822 0.9470972703 1.0000000000
0.835294 0.9110957324 0.9057439446 0.9483275663 1.0000000000
0.839216 0.9136793541 0.9080815071 0.9495578624 1.0000000000
0.843137 0.9162629758 0.9104190696 0.9507881584 1.0000000000
0.847059 0.9188465975 0.9127566321 0.9520184544 1.0000000000
0.850980 0.9214302191 0.9150941945 0.9532487505 1.0000000000
0.854902 0.9240138408 0.9174317570 0.9544790465 1.0000000000
0.858824 0.9265974625 0.9197693195 0.9557093426 1.0000000000
0.862745 0.9291810842 0.9221068820 0.9569396386 1.0000000000
0.866667 0.9317647059 0.9244444444 0.9581699346 1.0000000000
0.870588 0.9343483276 0.9267820069 0.9594002307 1.0000000000
0.874510 0.9369319493 0.9291195694 0.9606305267 1.0000000000
0.878431 0.9386543637 0.9309188774 0.9616455210 1.0000000000
0.882353 0.9402537486 0.9326412918 0.9626297578 1.0000000000
0.886275 0.9418531334 0.9343637063 0.9636139946 1.0000000000
0.890196 0.9434525183 0.9360861207 0.9645982314 1.0000000000
0.894118 0.9450519031 0.9378085352 0.9655824683 1.0000000000
0.898039 0.9466512880 0.9395309496 0.9665667051 1.0000000000
0.901961 0.9482506728 0.9412533641 0.9675509419 1.0000000000
0.905882 0.9498500577 0.9429757785 0.9685351788 1.0000000000
0.909804 0.9514494425 0.9446981930 0.9695194156 1.0000000000
0.913725 0.9530488274 0.9464206075 0.9705036524 1.0000000000
0.917647 0.9546482122 0.9481430219 0.9714878893 1.0000000000
0.921569 0.9562475971 0.9498654364 0.9724721261 1.0000000000
0.925490 0.9578469819 0.9515878508 0.9734563629 1.0000000000
0.929412 0.9594463668 0.9533102653 0.9744405998 1.0000000000
0.933333 0.9610457516 0.9550326797 0.9754248366 1.0000000000
0.937255 0.9626451365 0.9567550942 0.9764090734 1.0000000000
0.941176 0.9642445213 0.9584775087 0.9773933103 1.0000000000
0.945098 0.9658439062 0.9601999231 0.9783775471 1.0000000000
0.949020 0.9674432910 0.9619223376 0.9793617839 1.0000000000
0.952941 0.9690426759 0.9636447520 0.9803460208 1.0000000000
0.956863 0.9706420607 0.9653671665 0.9813302576 1.0000000000
0.960784 0.9722414456 0.9670895809 0.9823144944 1.0000000000
0.964706 0.9738408304 0.9688119954 0.9832987313 1.0000000000
0.968627 0.9754402153 0.9705344098 0.9842829681 1.0000000000
0.972549 0.9770396002 0.9722568243 0.9852672049 1.0000000000
0.976471 0.9786389850 0.9739792388 0.9862514418 1.0000000000
0.980392 0.9802383699 0.9757016532 0.9872356786 1.0000000000
0.984314 0.9818377547 0.9774240677 0.9882199154 1.0000000000
0.988235 0.9834371396 0.9791464821 0.9892041522 1.0000000000
0.992157 0.9850365244 0.9808688966 0.9901883891 1.0000000000
0.996078 0.9866359093 0.9825913110 0.9911726259 1.0000000000
1.000000 0.9882352941 0.9843137255 0.9921568627 1.0000000000
