0.000000 0.5000000000 0.0000000000 1.0000000000 1.0000000000
0.003922 0.4921568627 0.0123196595 0.9999810273 1.0000000000
0.007843 0.4843137255 0.0246374492 0.9999241101 1.0000000000
0.011765 0.4764705882 0.0369514994 0.9998292505 1.0000000000
0.015686 0.4686274510 0.0492599411 0.9996964520 1.0000000000
0.019608 0.4607843137 0.0615609061 0.9995257197 1.0000000000
0.023529 0.4529411765 0.0738525275 0.9993170601 1.0000000000
0.027451 0.4450980392 0.0861329395 0.9990704812 1.0000000000
0.031373 0.4372549020 0.0984002783 0.9987859922 1.0000000000
0.035294 0.4294117647 0.1106526819 0.9984636040 1.0000000000
0.039216 0.4215686275 0.1228882907 0.9981033287 1.0000000000
0.043137 0.4137254902 0.1351052475 0.9977051802 1.0000000000
0.047059 0.4058823529 0.1473016981 0.9972691734 1.0000000000
0.050980 0.3980392157 0.1594757912 0.9967953249 1.0000000000
0.054902 0.3901960784 0.1716256792 0.9962836527 1.0000000000
0.058824 0.3823529412 0.1837495178 0.9957341763 1.0000000000
0.062745 0.3745098039 0.1958454670 0.9951469164 1.0000000000
0.066667 0.3666666667 0.2079116908 0.9945218954 1.0000000000
0.070588 0.3588235294 0.2199463578 0.9938591369 1.0000000000
0.074510 0.3509803922 0.2319476415 0.9931586661 1.0000000000
0.078431 0.3431372549 0.2439137201 0.9924205097 1.0000000000
0.082353 0.3352941176 0.2558427776 0.9916446955 1.0000000000
0.086275 0.3274509804 0.2677330033 0.9908312531 1.0000000000
0.090196 0.3196078431 0.2795825926 0.9899802133 1.0000000000
0.094118 0.3117647059 0.2913897469 0.9890916084 1.0000000000
0.098039 0.3039215686 0.3031526741 0.9881654721 1.0000000000
0.101961 0.2960784314 0.3148695889 0.9872018396 1.0000000000
0.105882 0.2882352941 0.3265387128 0.9862007474 1.0000000000
0.109804 0.2803921569 0.3381582748 0.9851622335 1.0000000000
0.113725 0.2725490196 0.3497265112 0.9840863373 1.0000000000
0.117647 0.2647058824 0.3612416662 0.9829730997 1.0000000000
0.121569 0.2568627451 0.3727019920 0.9818225629 1.0000000000
0.125490 0.2490196078 0.3841057492 0.9806347705 1.0000000000
0.129412 0.2411764706 0.3954512069 0.9794097676 1.0000000000
0.133333 0.2333333333 0.4067366431 0.9781476007 1.0000000000
0.137255 0.2254901961 0.4179603449 0.9768483178 1.0000000000
0.141176 0.2176470588 0.4291206088 0.9755119680 1.0000000000
0.145098 0.2098039216 0.4402157408 0.9741386021 1.0000000000
0.149020 0.2019607843 0.4512440570 0.9727282722 1.0000000000
0.152941 0.1941176471 0.4622038835 0.9712810319 1.0000000000
0.156863 0.1862745098 0.4730935568 0.9697969360 1.0000000000
0.160784 0.1784313725 0.4839114241 0.9682760409 1.0000000000
0.164706 0.1705882353 0.4946558434 0.9667184043 1.0000000000
0.168627 0.1627450980 0.5053251839 0.9651240852 1.0000000000
0.172549 0.1549019608 0.5159178264 0.9634931442 1.0000000000
0.176471 0.1470588235 0.5264321629 0.9618256432 1.0000000000
0.180392 0.1392156863 0.5368665976 0.9601216454 1.0000000000
0.184314 0.1313725490 0.5472195469 0.9583812155 1.0000000000
0.188235 0.1235294118 0.5574894393 0.9566044195 1.0000000000
0.192157 0.1156862745 0.5676747161 0.9547913249 1.0000000000
0.196078 0.1078431373 0.5777738314 0.9529420004 1.0000000000
0.200000 0.1000000000 0.5877852523 0.9510565163 1.0000000000
0.203922 0.0921568627 0.5977074593 0.9491349440 1.0000000000
0.207843 0.0843137255 0.6075389463 0.9471773566 1.0000000000
0.211765 0.0764705882 0.6172782213 0.9451838282 1.0000000000
0.215686 0.0686274510 0.6269238059 0.9431544345 1.0000000000
0.219608 0.0607843137 0.6364742361 0.9410892525 1.0000000000
0.223529 0.0529411765 0.6459280625 0.9389883606 1.0000000000
0.227451 0.0450980392 0.6552838500 0.9368518385 1.0000000000
0.231373 0.0372549020 0.6645401787 0.9346797673 1.0000000000
0.235294 0.0294117647 0.6736956436 0.9324722294 1.0000000000
0.239216 0.0215686275 0.6827488552 0.9302293085 1.0000000000
0.243137 0.0137254902 0.6916984393 0.9279510899 1.0000000000
0.247059 0.0058823529 0.7005430376 0.9256376598 1.0000000000
0.250980 0.0019607843 0.7092813076 0.9232891061 1.0000000000
0.254902 0.0098039216 0.7179119231 0.9209055179 1.0000000000
0.258824 0.0176470588 0.7264335740 0.9184869857 1.0000000000
0.262745 0.0254901961 0.7348449670 0.9160336013 1.0000000000
0.266667 0.0333333333 0.7431448255 0.9135454576 1.0000000000
0.270588 0.0411764706 0.7513318896 0.9110226492 1.0000000000
0.274510 0.0490196078 0.7594049167 0.9084652718 1.0000000000
0.278431 0.0568627451 0.7673626814 0.9058734224 1.0000000000
0.282353 0.0647058824 0.7752039761 0.9032471993 1.0000000000
0.286275 0.0725490196 0.7829276105 0.9005867023 1.0000000000
0.290196 0.0803921569 0.7905324123 0.8978920322 1.0000000000
0.294118 0.0882352941 0.7980172273 0.8951632914 1.0000000000
0.298039 0.0960784314 0.8053809194 0.8924005832 1.0000000000
0.301961 0.1039215686 0.8126223710 0.8896040127 1.0000000000
0.305882 0.1117647059 0.8197404829 0.8867736859 1.0000000000
0.309804 0.1196078431 0.8267341748 0.8839097102 1.0000000000
0.313725 0.1274509804 0.8336023852 0.8810121943 1.0000000000
0.317647 0.1352941176 0.8403440716 0.8780812481 1.0000000000
0.321569 0.1431372549 0.8469582108 0.8751169828 1.0000000000
0.325490 0.1509803922 0.8534437989 0.8721195110 1.0000000000
0.329412 0.1588235294 0.8597998514 0.8690889463 1.0000000000
0.333333 0.1666666667 0.8660254038 0.8660254038 1.0000000000
0.337255 0.1745098039 0.8721195110 0.8629289997 1.0000000000
0.341176 0.1823529412 0.8780812481 0.8597998514 1.0000000000
0.345098 0.1901960784 0.8839097102 0.8566380779 1.0000000000
0.349020 0.1980392157 0.8896040127 0.8534437989 1.0000000000
0.352941 0.2058823529 0.8951632914 0.8502171357 1.0000000000
0.356863 0.2137254902 0.9005867023 0.8469582108 1.0000000000
0.360784 0.2215686275 0.9058734224 0.8436671478 1.0000000000
0.364706 0.2294117647 0.9110226492 0.8403440716 1.0000000000
0.368627 0.2372549020 0.9160336013 0.8369891083 1.0000000000
0.372549 0.2450980392 0.9209055179 0.8336023852 1.0000000000
0.376471 0.2529411765 0.9256376598 0.8301840308 1.0000000000
0.380392 0.2607843137 0.9302293085 0.8267341748 1.0000000000
0.384314 0.2686274510 0.9346797673 0.8232529482 1.0000000000
0.388235 0.2764705882 0.9389883606 0.8197404829 1.0000000000
0.392157 0.2843137255 0.9431544345 0.8161969124 1.0000000000
0.396078 0.2921568627 0.9471773566 0.8126223710 1.0000000000
0.400000 0.3000000000 0.9510565163 0.8090169944 1.0000000000
0.403922 0.3078431373 0.9547913249 0.8053809194 1.0000000000
0.407843 0.3156862745 0.9583812155 0.8017142840 1.0000000000
0.411765 0.3235294118 0.9618256432 0.7980172273 1.0000000000
0.415686 0.3313725490 0.9651240852 0.7942898896 1.0000000000
0.419608 0.3392156863 0.9682760409 0.7905324123 1.0000000000
0.423529 0.3470588235 0.9712810319 0.7867449380 1.0000000000
0.427451 0.3549019608 0.9741386021 0.7829276105 1.0000000000
0.431373 0.3627450980 0.9768483178 0.7790805745 1.0000000000
0.435294 0.3705882353 0.9794097676 0.7752039761 1.0000000000
0.439216 0.3784313725 0.9818225629 0.7712979623 1.0000000000
0.443137 0.3862745098 0.9840863373 0.7673626814 1.0000000000
0.447059 0.3941176471 0.9862007474 0.7633982827 1.0000000000
0.450980 0.4019607843 0.9881654721 0.7594049167 1.0000000000
0.454902 0.4098039216 0.9899802133 0.7553827347 1.0000000000
0.458824 0.4176470588 0.9916446955 0.7513318896 1.0000000000
0.462745 0.4254901961 0.9931586661 0.7472525349 1.0000000000
0.466667 0.4333333333 0.9945218954 0.7431448255 1.0000000000
0.470588 0.4411764706 0.9957341763 0.7390089172 1.0000000000
0.474510 0.4490196078 0.9967953249 0.7348449670 1.0000000000
0.478431 0.4568627451 0.9977051802 0.7306531330 1.0000000000
0.482353 0.4647058824 0.9984636040 0.7264335740 1.0000000000
0.486275 0.4725490196 0.9990704812 0.7221864503 1.0000000000
0.490196 0.4803921569 0.9995257197 0.7179119231 1.0000000000
0.494118 0.4882352941 0.9998292505 0.7136101544 1.0000000000
0.498039 0.4960784314 0.9999810273 0.7092813076 1.0000000000
0.501961 0.5039215686 0.9999810273 0.7049255469 1.0000000000
0.505882 0.5117647059 0.9998292505 0.7005430376 1.0000000000
0.509804 0.5196078431 0.9995257197 0.6961339460 1.0000000000
0.513725 0.5274509804 0.9990704812 0.6916984393 1.0000000000
0.517647 0.5352941176 0.9984636040 0.6872366860 1.0000000000
0.521569 0.5431372549 0.9977051802 0.6827488552 1.0000000000
0.525490 0.5509803922 0.9967953249 0.6782351173 1.0000000000
0.529412 0.5588235294 0.9957341763 0.6736956436 1.0000000000
0.533333 0.5666666667 0.9945218954 0.6691306064 1.0000000000
0.537255 0.5745098039 0.9931586661 0.6645401787 1.0000000000
0.541176 0.5823529412 0.9916446955 0.6599245349 1.0000000000
0.545098 0.5901960784 0.9899802133 0.6552838500 1.0000000000
0.549020 0.5980392157 0.9881654721 0.6506183002 1.0000000000
0.552941 0.6058823529 0.9862007474 0.6459280625 1.0000000000
0.556863 0.6137254902 0.9840863373 0.6412133148 1.0000000000
0.560784 0.6215686275 0.9818225629 0.6364742361 1.0000000000
0.564706 0.6294117647 0.9794097676 0.6317110063 1.0000000000
0.568627 0.6372549020 0.9768483178 0.6269238059 1.0000000000
0.572549 0.6450980392 0.9741386021 0.6221128167 1.0000000000
0.576471 0.6529411765 0.9712810319 0.6172782213 1.0000000000
0.580392 0.6607843137 0.9682760409 0.6124202030 1.0000000000
0.584314 0.6686274510 0.9651240852 0.6075389463 1.0000000000
0.588235 0.6764705882 0.9618256432 0.6026346364 1.0000000000
0.592157 0.6843137255 0.9583812155 0.5977074593 1.0000000000
0.596078 0.6921568627 0.9547913249 0.5927576020 1.0000000000
0.600000 0.7000000000 0.9510565163 0.5877852523 1.0000000000
0.603922 0.7078431373 0.9471773566 0.5827905989 1.0000000000
0.607843 0.7156862745 0.9431544345 0.5777738314 1.0000000000
0.611765 0.7235294118 0.9389883606 0.5727351401 1.0000000000
0.615686 0.7313725490 0.9346797673 0.5676747161 1.0000000000
0.619608 0.7392156863 0.9302293085 0.5625927516 1.0000000000
0.623529 0.7470588235 0.9256376598 0.5574894393 1.0000000000
0.627451 0.7549019608 0.9209055179 0.5523649730 1.0000000000
0.631373 0.7627450980 0.9160336013 0.5472195469 1.0000000000
0.635294 0.7705882353 0.9110226492 0.5420533565 1.0000000000
0.639216 0.7784313725 0.9058734224 0.5368665976 1.0000000000
0.643137 0.7862745098 0.9005867023 0.5316594673 1.0000000000
0.647059 0.7941176471 0.8951632914 0.5264321629 1.0000000000
0.650980 0.8019607843 0.8896040127 0.5211848829 1.0000000000
0.654902 0.8098039216 0.8839097102 0.5159178264 1.0000000000
0.658824 0.8176470588 0.8780812481 0.5106311932 1.0000000000
0.662745 0.8254901961 0.8721195110 0.5053251839 1.0000000000
0.666667 0.8333333333 0.8660254038 0.5000000000 1.0000000000
0.670588 0.8411764706 0.8597998514 0.4946558434 1.0000000000
0.674510 0.8490196078 0.8534437989 0.4892929169 1.0000000000
0.678431 0.8568627451 0.8469582108 0.4839114241 1.0000000000
0.682353 0.8647058824 0.8403440716 0.4785115691 1.0000000000
0.686275 0.8725490196 0.8336023852 0.4730935568 1.0000000000
0.690196 0.8803921569 0.8267341748 0.4676575929 1.0000000000
0.694118 0.8882352941 0.8197404829 0.4622038835 1.0000000000
0.698039 0.8960784314 0.8126223710 0.4567326357 1.0000000000
0.701961 0.9039215686 0.8053809194 0.4512440570 1.0000000000
0.705882 0.9117647059 0.7980172273 0.4457383558 1.0000000000
0.709804 0.9196078431 0.7905324123 0.4402157408 1.0000000000
0.713725 0.9274509804 0.7829276105 0.4346764218 1.0000000000
0.717647 0.9352941176 0.7752039761 0.4291206088 1.0000000000
0.721569 0.9431372549 0.7673626814 0.4235485127 1.0000000000
0.725490 0.9509803922 0.7594049167 0.4179603449 1.0000000000
0.729412 0.9588235294 0.7513318896 0.4123563175 1.0000000000
0.733333 0.9666666667 0.7431448255 0.4067366431 1.0000000000
0.737255 0.9745098039 0.7348449670 0.4011015349 1.0000000000
0.741176 0.9823529412 0.7264335740 0.3954512069 1.0000000000
0.745098 0.9901960784 0.7179119231 0.3897858733 1.0000000000
0.749020 0.9980392157 0.7092813076 0.3841057492 1.0000000000
0.752941 1.0000000000 0.7005430376 0.3784110500 1.0000000000
0.756863 1.0000000000 0.6916984393 0.3727019920 1.0000000000
0.760784 1.0000000000 0.6827488552 0.3669787916 1.0000000000
0.764706 1.0000000000 0.6736956436 0.3612416662 1.0000000000
0.768627 1.0000000000 0.6645401787 0.3554908333 1.0000000000
0.772549 1.0000000000 0.6552838500 0.3497265112 1.0000000000
0.776471 1.0000000000 0.6459280625 0.3439489186 1.0000000000
0.780392 1.0000000000 0.6364742361 0.3381582748 1.0000000000
0.784314 1.0000000000 0.6269238059 0.3323547995 1.0000000000
0.788235 1.0000000000 0.6172782213 0.3265387128 1.0000000000
0.792157 1.0000000000 0.6075389463 0.3207102356 1.0000000000
0.796078 1.0000000000 0.5977074593 0.3148695889 1.0000000000
0.800000 1.0000000000 0.5877852523 0.3090169944 1.0000000000
0.803922 1.0000000000 0.5777738314 0.3031526741 1.0000000000
0.807843 1.0000000000 0.5676747161 0.2972768506 1.0000000000
0.811765 1.0000000000 0.5574894393 0.2913897469 1.0000000000
0.815686 1.0000000000 0.5472195469 0.2854915863 1.0000000000
0.819608 1.0000000000 0.5368665976 0.2795825926 1.0000000000
0.823529 1.0000000000 0.5264321629 0.2736629901 1.0000000000
0.827451 1.0000000000 0.5159178264 0.2677330033 1.0000000000
0.831373 1.0000000000 0.5053251839 0.2617928574 1.0000000000
0.835294 1.0000000000 0.4946558434 0.2558427776 1.0000000000
0.839216 1.0000000000 0.4839114241 0.2498829898 1.0000000000
0.843137 1.0000000000 0.4730935568 0.2439137201 1.0000000000
0.847059 1.0000000000 0.4622038835 0.2379351950 1.0000000000
0.850980 1.0000000000 0.4512440570 0.2319476415 1.0000000000
0.854902 1.0000000000 0.4402157408 0.2259512865 1.0000000000
0.858824 1.0000000000 0.4291206088 0.2199463578 1.0000000000
0.862745 1.0000000000 0.4179603449 0.2139330832 1.0000000000
0.866667 1.0000000000 0.4067366431 0.2079116908 1.0000000000
0.870588 1.0000000000 0.3954512069 0.2018824092 1.0000000000
0.874510 1.0000000000 0.3841057492 0.1958454670 1.0000000000
0.878431 1.0000000000 0.3727019920 0.1898010934 1.0000000000
0.882353 1.0000000000 0.3612416662 0.1837495178 1.0000000000
0.886275 1.0000000000 0.3497265112 0.1776909698 1.0000000000
0.890196 1.0000000000 0.3381582748 0.1716256792 1.0000000000
0.894118 1.0000000000 0.3265387128 0.1655538762 1.0000000000
0.898039 1.0000000000 0.3148695889 0.1594757912 1.0000000000
0.901961 1.0000000000 0.3031526741 0.1533916549 1.0000000000
0.905882 1.0000000000 0.2913897469 0.1473016981 1.0000000000
0.909804 1.0000000000 0.2795825926 0.1412061518 1.0000000000
0.913725 1.0000000000 0.2677330033 0.1351052475 1.0000000000
0.917647 1.0000000000 0.2558427776 0.1289992165 1.0000000000
0.921569 1.0000000000 0.2439137201 0.1228882907 1.0000000000
0.925490 1.0000000000 0.2319476415 0.1167727018 1.0000000000
0.929412 1.0000000000 0.2199463578 0.1106526819 1.0000000000
0.933333 1.0000000000 0.2079116908 0.1045284633 1.0000000000
0.937255 1.0000000000 0.1958454670 0.0984002783 1.0000000000
0.941176 1.0000000000 0.1837495178 0.0922683595 1.0000000000
0.945098 1.0000000000 0.1716256792 0.0861329395 1.0000000000
0.949020 1.0000000000 0.1594757912 0.0799942512 1.0000000000
0.952941 1.0000000000 0.1473016981 0.0738525275 1.0000000000
0.956863 1.0000000000 0.1351052475 0.0677080014 1.0000000000
0.960784 1.0000000000 0.1228882907 0.0615609061 1.0000000000
0.964706 1.0000000000 0.1106526819 0.0554114749 1.0000000000
0.968627 1.0000000000 0.0984002783 0.0492599411 1.0000000000
0.972549 1.0000000000 0.0861329395 0.0431065381 1.0000000000
0.976471 1.0000000000 0.0738525275 0.0369514994 1.0000000000
0.980392 1.0000000000 0.0615609061 0.0307950586 1.0000000000
0.984314 1.0000000000 0.0492599411 0.0246374492 1.0000000000
0.988235 1.0000000000 0.0369514994 0.0184789050 1.0000000000
0.992157 1.0000000000 0.0246374492 0.0123196595 1.0000000000
0.996078 1.0000000000 0.0123196595 0.0061599466 1.0000000000
1.000000 1.0000000000 0.0000000000 0.0000000000 1.0000000000
