0.000000 0.0196078431 0.1882352941 0.3803921569 1.0000000000
0.003922 0.0239138793 0.1965397924 0.3919261822 1.0000000000
0.007843 0.0282199154 0.2048442907 0.4034602076 1.0000000000
0.011765 0.0325259516 0.2131487889 0.4149942330 1.0000000000
0.015686 0.0368319877 0.2214532872 0.4265282584 1.0000000000
0.019608 0.0411380238 0.2297577855 0.4380622837 1.0000000000
0.023529 0.0454440600 0.2380622837 0.4495963091 1.0000000000
0.027451 0.0497500961 0.2463667820 0.4611303345 1.0000000000
0.031373 0.0540561323 0.2546712803 0.4726643599 1.0000000000
0.035294 0.0583621684 0.2629757785 0.4841983852 1.0000000000
0.039216 0.0626682045 0.2712802768 0.4957324106 1.0000000000
0.043137 0.0669742407 0.2795847751 0.5072664360 1.0000000000
0.047059 0.0712802768 0.2878892734 0.5188004614 1.0000000000
0.050980 0.0755863130 0.2961937716 0.5303344867 1.0000000000
0.054902 0.0798923491 0.3044982699 0.5418685121 1.0000000000
0.058824 0.0841983852 0.3128027682 0.5534025375 1.0000000000
0.062745 0.0885044214 0.3211072664 0.5649365629 1.0000000000
0.066667 0.0928104575 0.3294117647 0.5764705882 1.0000000000
0.070588 0.0971164937 0.3377162630 0.5880046136 1.0000000000
0.074510 0.1014225298 0.3460207612 0.5995386390 1.0000000000
0.078431 0.1057285659 0.3543252595 0.6110726644 1.0000000000
0.082353 0.1100346021 0.3626297578 0.6226066897 1.0000000000
0.086275 0.1143406382 0.3709342561 0.6341407151 1.0000000000
0.090196 0.1186466744 0.3792387543 0.6456747405 1.0000000000
0.094118 0.1229527105 0.3875432526 0.6572087659 1.0000000000
0.098039 0.1272587466 0.3958477509 0.6687427912 1.0000000000
0.101961 0.1320261438 0.4034602076 0.6762783545 1.0000000000
0.105882 0.1372549020 0.4103806228 0.6798154556 1.0000000000
0.109804 0.1424836601 0.4173010381 0.6833525567 1.0000000000
0.113725 0.1477124183 0.4242214533 0.6868896578 1.0000000000
0.117647 0.1529411765 0.4311418685 0.6904267589 1.0000000000
0.121569 0.1581699346 0.4380622837 0.6939638601 1.0000000000
0.125490 0.1633986928 0.4449826990 0.6975009612 1.0000000000
0.129412 0.1686274510 0.4519031142 0.7010380623 1.0000000000
0.133333 0.1738562092 0.4588235294 0.7045751634 1.0000000000
0.137255 0.1790849673 0.4657439446 0.7081122645 1.0000000000
0.141176 0.1843137255 0.4726643599 0.7116493656 1.0000000000
0.145098 0.1895424837 0.4795847751 0.7151864667 1.0000000000
0.149020 0.1947712418 0.4865051903 0.7187235679 1.0000000000
0.152941 0.2000000000 0.4934256055 0.7222606690 1.0000000000
0.156863 0.2052287582 0.5003460208 0.7257977701 1.0000000000
0.160784 0.2104575163 0.5072664360 0.7293348712 1.0000000000
0.164706 0.2156862745 0.5141868512 0.7328719723 1.0000000000
0.168627 0.2209150327 0.5211072664 0.7364090734 1.0000000000
0.172549 0.2261437908 0.5280276817 0.7399461745 1.0000000000
0.176471 0.2313725490 0.5349480969 0.7434832757 1.0000000000
0.180392 0.2366013072 0.5418685121 0.7470203768 1.0000000000
0.184314 0.2418300654 0.5487889273 0.7505574779 1.0000000000
0.188235 0.2470588235 0.5557093426 0.7540945790 1.0000000000
0.192157 0.2522875817 0.5626297578 0.7576316801 1.0000000000
0.196078 0.2575163399 0.5695501730 0.7611687812 1.0000000000
0.200000 0.2627450980 0.5764705882 0.7647058824 1.0000000000
0.203922 0.2748942714 0.5841599385 0.7688581315 1.0000000000
0.207843 0.2870434448 0.5918492887 0.7730103806 1.0000000000
0.211765 0.2991926182 0.5995386390 0.7771626298 1.0000000000
0.215686 0.3113417916 0.6072279892 0.7813148789 1.0000000000
0.219608 0.3234909650 0.6149173395 0.7854671280 1.0000000000
0.223529 0.3356401384 0.6226066897 0.7896193772 1.0000000000
0.227451 0.3477893118 0.6302960400 0.7937716263 1.0000000000
0.231373 0.3599384852 0.6379853902 0.7979238754 1.0000000000
0.235294 0.3720876586 0.6456747405 0.8020761246 1.0000000000
0.239216 0.3842368320 0.6533640907 0.8062283737 1.0000000000
0.243137 0.3963860054 0.6610534410 0.8103806228 1.0000000000
0.247059 0.4085351788 0.6687427912 0.8145328720 1.0000000000
0.250980 0.4206843522 0.6764321415 0.8186851211 1.0000000000
0.254902 0.4328335256 0.6841214917 0.8228373702 1.0000000000
0.258824 0.4449826990 0.6918108420 0.8269896194 1.0000000000
0.262745 0.4571318724 0.6995001922 0.8311418685 1.0000000000
0.266667 0.4692810458 0.7071895425 0.8352941176 1.0000000000
0.270588 0.4814302191 0.7148788927 0.8394463668 1.0000000000
0.274510 0.4935793925 0.7225682430 0.8435986159 1.0000000000
0.278431 0.5057285659 0.7302575932 0.8477508651 1.0000000000
0.282353 0.5178777393 0.7379469435 0.8519031142 1.0000000000
0.286275 0.5300269127 0.7456362937 0.8560553633 1.0000000000
0.290196 0.5421760861 0.7533256440 0.8602076125 1.0000000000
0.294118 0.5543252595 0.7610149942 0.8643598616 1.0000000000
0.298039 0.5664744329 0.7687043445 0.8685121107 1.0000000000
0.301961 0.5773933103 0.7750096117 0.8719723183 1.0000000000
0.305882 0.5870818916 0.7799307958 0.8747404844 1.0000000000
0.309804 0.5967704729 0.7848519800 0.8775086505 1.0000000000
0.313725 0.6064590542 0.7897731642 0.8802768166 1.0000000000
0.317647 0.6161476355 0.7946943483 0.8830449827 1.0000000000
0.321569 0.6258362168 0.7996155325 0.8858131488 1.0000000000
0.325490 0.6355247982 0.8045367166 0.8885813149 1.0000000000
0.329412 0.6452133795 0.8094579008 0.8913494810 1.0000000000
0.333333 0.6549019608 0.8143790850 0.8941176471 1.0000000000
0.337255 0.6645905421 0.8193002691 0.8968858131 1.0000000000
0.341176 0.6742791234 0.8242214533 0.8996539792 1.0000000000
0.345098 0.6839677047 0.8291426374 0.9024221453 1.0000000000
0.349020 0.6936562860 0.8340638216 0.9051903114 1.0000000000
0.352941 0.7033448674 0.8389850058 0.9079584775 1.0000000000
0.356863 0.7130334487 0.8439061899 0.9107266436 1.0000000000
0.360784 0.7227220300 0.8488273741 0.9134948097 1.0000000000
0.364706 0.7324106113 0.8537485582 0.9162629758 1.0000000000
0.368627 0.7420991926 0.8586697424 0.9190311419 1.0000000000
0.372549 0.7517877739 0.8635909266 0.9217993080 1.0000000000
0.376471 0.7614763552 0.8685121107 0.9245674740 1.0000000000
0.380392 0.7711649366 0.8734332949 0.9273356401 1.0000000000
0.384314 0.7808535179 0.8783544790 0.9301038062 1.0000000000
0.388235 0.7905420992 0.8832756632 0.9328719723 1.0000000000
0.392157 0.8002306805 0.8881968474 0.9356401384 1.0000000000
0.396078 0.8099192618 0.8931180315 0.9384083045 1.0000000000
0.400000 0.8196078431 0.8980392157 0.9411764706 1.0000000000
0.403922 0.8254517493 0.9008073818 0.9422529796 1.0000000000
0.407843 0.8312956555 0.9035755479 0.9433294887 1.0000000000
0.411765 0.8371395617 0.9063437140 0.9444059977 1.0000000000
0.415686 0.8429834679 0.9091118800 0.9454825067 1.0000000000
0.419608 0.8488273741 0.9118800461 0.9465590158 1.0000000000
0.423529 0.8546712803 0.9146482122 0.9476355248 1.0000000000
0.427451 0.8605151865 0.9174163783 0.9487120338 1.0000000000
0.431373 0.8663590927 0.9201845444 0.9497885429 1.0000000000
0.435294 0.8722029988 0.9229527105 0.9508650519 1.0000000000
0.439216 0.8780469050 0.9257208766 0.9519415609 1.0000000000
0.443137 0.8838908112 0.9284890427 0.9530180700 1.0000000000
0.447059 0.8897347174 0.9312572088 0.9540945790 1.0000000000
0.450980 0.8955786236 0.9340253749 0.9551710880 1.0000000000
0.454902 0.9014225298 0.9367935409 0.9562475971 1.0000000000
0.458824 0.9072664360 0.9395617070 0.9573241061 1.0000000000
0.462745 0.9131103422 0.9423298731 0.9584006151 1.0000000000
0.466667 0.9189542484 0.9450980392 0.9594771242 1.0000000000
0.470588 0.9247981546 0.9478662053 0.9605536332 1.0000000000
0.474510 0.9306420607 0.9506343714 0.9616301423 1.0000000000
0.478431 0.9364859669 0.9534025375 0.9627066513 1.0000000000
0.482353 0.9423298731 0.9561707036 0.9637831603 1.0000000000
0.486275 0.9481737793 0.9589388697 0.9648596694 1.0000000000
0.490196 0.9540176855 0.9617070358 0.9659361784 1.0000000000
0.494118 0.9598615917 0.9644752018 0.9670126874 1.0000000000
0.498039 0.9657054979 0.9672433679 0.9680891965 1.0000000000
0.501961 0.9690888120 0.9664744329 0.9649365629 1.0000000000
0.505882 0.9700115340 0.9621683968 0.9575547866 1.0000000000
0.509804 0.9709342561 0.9578623606 0.9501730104 1.0000000000
0.513725 0.9718569781 0.9535563245 0.9427912341 1.0000000000
0.517647 0.9727797001 0.9492502884 0.9354094579 1.0000000000
0.521569 0.9737024221 0.9449442522 0.9280276817 1.0000000000
0.525490 0.9746251442 0.9406382161 0.9206459054 1.0000000000
0.529412 0.9755478662 0.9363321799 0.9132641292 1.0000000000
0.533333 0.9764705882 0.9320261438 0.9058823529 1.0000000000
0.537255 0.9773933103 0.9277201077 0.8985005767 1.0000000000
0.541176 0.9783160323 0.9234140715 0.8911188005 1.0000000000
0.545098 0.9792387543 0.9191080354 0.8837370242 1.0000000000
0.549020 0.9801614764 0.9148019992 0.8763552480 1.0000000000
0.552941 0.9810841984 0.9104959631 0.8689734717 1.0000000000
0.556863 0.9820069204 0.9061899270 0.8615916955 1.0000000000
0.560784 0.9829296424 0.9018838908 0.8542099193 1.0000000000
0.564706 0.9838523645 0.8975778547 0.8468281430 1.0000000000
0.568627 0.9847750865 0.8932718185 0.8394463668 1.0000000000
0.572549 0.9856978085 0.8889657824 0.8320645905 1.0000000000
0.576471 0.9866205306 0.8846597463 0.8246828143 1.0000000000
0.580392 0.9875432526 0.8803537101 0.8173010381 1.0000000000
0.584314 0.9884659746 0.8760476740 0.8099192618 1.0000000000
0.588235 0.9893886967 0.8717416378 0.8025374856 1.0000000000
0.592157 0.9903114187 0.8674356017 0.7951557093 1.0000000000
0.596078 0.9912341407 0.8631295656 0.7877739331 1.0000000000
0.600000 0.9921568627 0.8588235294 0.7803921569 1.0000000000
0.603922 0.9907727797 0.8505190311 0.7697808535 1.0000000000
0.607843 0.9893886967 0.8422145329 0.7591695502 1.0000000000
0.611765 0.9880046136 0.8339100346 0.7485582468 1.0000000000
0.615686 0.9866205306 0.8256055363 0.7379469435 1.0000000000
0.619608 0.9852364475 0.8173010381 0.7273356401 1.0000000000
0.623529 0.9838523645 0.8089965398 0.7167243368 1.0000000000
0.627451 0.9824682814 0.8006920415 0.7061130334 1.0000000000
0.631373 0.9810841984 0.7923875433 0.6955017301 1.0000000000
0.635294 0.9797001153 0.7840830450 0.6848904268 1.0000000000
0.639216 0.9783160323 0.7757785467 0.6742791234 1.0000000000
0.643137 0.9769319493 0.7674740484 0.6636678201 1.0000000000
0.647059 0.9755478662 0.7591695502 0.6530565167 1.0000000000
0.650980 0.9741637832 0.7508650519 0.6424452134 1.0000000000
0.654902 0.9727797001 0.7425605536 0.6318339100 1.0000000000
0.658824 0.9713956171 0.7342560554 0.6212226067 1.0000000000
0.662745 0.9700115340 0.7259515571 0.6106113033 1.0000000000
0.666667 0.9686274510 0.7176470588 0.6000000000 1.0000000000
0.670588 0.9672433679 0.7093425606 0.5893886967 1.0000000000
0.674510 0.9658592849 0.7010380623 0.5787773933 1.0000000000
0.678431 0.9644752018 0.6927335640 0.5681660900 1.0000000000
0.682353 0.9630911188 0.6844290657 0.5575547866 1.0000000000
0.686275 0.9617070358 0.6761245675 0.5469434833 1.0000000000
0.690196 0.9603229527 0.6678200692 0.5363321799 1.0000000000
0.694118 0.9589388697 0.6595155709 0.5257208766 1.0000000000
0.698039 0.9575547866 0.6512110727 0.5151095732 1.0000000000
0.701961 0.9545559400 0.6417531719 0.5057285659 1.0000000000
0.705882 0.9499423299 0.6311418685 0.4975778547 1.0000000000
0.709804 0.9453287197 0.6205305652 0.4894271434 1.0000000000
0.713725 0.9407151096 0.6099192618 0.4812764321 1.0000000000
0.717647 0.9361014994 0.5993079585 0.4731257209 1.0000000000
0.721569 0.9314878893 0.5886966551 0.4649750096 1.0000000000
0.725490 0.9268742791 0.5780853518 0.4568242983 1.0000000000
0.729412 0.9222606690 0.5674740484 0.4486735871 1.0000000000
0.733333 0.9176470588 0.5568627451 0.4405228758 1.0000000000
0.737255 0.9130334487 0.5462514418 0.4323721646 1.0000000000
0.741176 0.9084198385 0.5356401384 0.4242214533 1.0000000000
0.745098 0.9038062284 0.5250288351 0.4160707420 1.0000000000
0.749020 0.8991926182 0.5144175317 0.4079200308 1.0000000000
0.752941 0.8945790081 0.5038062284 0.3997693195 1.0000000000
0.756863 0.8899653979 0.4931949250 0.3916186082 1.0000000000
0.760784 0.8853517878 0.4825836217 0.3834678970 1.0000000000
0.764706 0.8807381776 0.4719723183 0.3753171857 1.0000000000
0.768627 0.8761245675 0.4613610150 0.3671664744 1.0000000000
0.772549 0.8715109573 0.4507497116 0.3590157632 1.0000000000
0.776471 0.8668973472 0.4401384083 0.3508650519 1.0000000000
0.780392 0.8622837370 0.4295271050 0.3427143406 1.0000000000
0.784314 0.8576701269 0.4189158016 0.3345636294 1.0000000000
0.788235 0.8530565167 0.4083044983 0.3264129181 1.0000000000
0.792157 0.8484429066 0.3976931949 0.3182622068 1.0000000000
0.796078 0.8438292964 0.3870818916 0.3101114956 1.0000000000
0.800000 0.8392156863 0.3764705882 0.3019607843 1.0000000000
0.803922 0.8336793541 0.3653979239 0.2967320261 1.0000000000
0.807843 0.8281430219 0.3543252595 0.2915032680 1.0000000000
0.811765 0.8226066897 0.3432525952 0.2862745098 1.0000000000
0.815686 0.8170703576 0.3321799308 0.2810457516 1.0000000000
0.819608 0.8115340254 0.3211072664 0.2758169935 1.0000000000
0.823529 0.8059976932 0.3100346021 0.2705882353 1.0000000000
0.827451 0.8004613610 0.2989619377 0.2653594771 1.0000000000
0.831373 0.7949250288 0.2878892734 0.2601307190 1.0000000000
0.835294 0.7893886967 0.2768166090 0.2549019608 1.0000000000
0.839216 0.7838523645 0.2657439446 0.2496732026 1.0000000000
0.843137 0.7783160323 0.2546712803 0.2444444444 1.0000000000
0.847059 0.7727797001 0.2435986159 0.2392156863 1.0000000000
0.850980 0.7672433679 0.2325259516 0.2339869281 1.0000000000
0.854902 0.7617070358 0.2214532872 0.2287581699 1.0000000000
0.858824 0.7561707036 0.2103806228 0.2235294118 1.0000000000
0.862745 0.7506343714 0.1993079585 0.2183006536 1.0000000000
0.866667 0.7450980392 0.1882352941 0.2130718954 1.0000000000
0.870588 0.7395617070 0.1771626298 0.2078431373 1.0000000000
0.874510 0.7340253749 0.1660899654 0.2026143791 1.0000000000
0.878431 0.7284890427 0.1550173010 0.1973856209 1.0000000000
0.882353 0.7229527105 0.1439446367 0.1921568627 1.0000000000
0.886275 0.7174163783 0.1328719723 0.1869281046 1.0000000000
0.890196 0.7118800461 0.1217993080 0.1816993464 1.0000000000
0.894118 0.7063437140 0.1107266436 0.1764705882 1.0000000000
0.898039 0.7008073818 0.0996539792 0.1712418301 1.0000000000
0.901961 0.6922722030 0.0922722030 0.1677047290 1.0000000000
0.905882 0.6807381776 0.0885813149 0.1658592849 1.0000000000
0.909804 0.6692041522 0.0848904268 0.1640138408 1.0000000000
0.913725 0.6576701269 0.0811995386 0.1621683968 1.0000000000
0.917647 0.6461361015 0.0775086505 0.1603229527 1.0000000000
0.921569 0.6346020761 0.0738177624 0.1584775087 1.0000000000
0.925490 0.6230680507 0.0701268743 0.1566320646 1.0000000000
0.929412 0.6115340254 0.0664359862 0.1547866205 1.0000000000
0.933333 0.6000000000 0.0627450980 0.1529411765 1.0000000000
0.937255 0.5884659746 0.0590542099 0.1510957324 1.0000000000
0.941176 0.5769319493 0.0553633218 0.1492502884 1.0000000000
0.945098 0.5653979239 0.0516724337 0.1474048443 1.0000000000
0.949020 0.5538638985 0.0479815456 0.1455594002 1.0000000000
0.952941 0.5423298731 0.0442906574 0.1437139562 1.0000000000
0.956863 0.5307958478 0.0405997693 0.1418685121 1.0000000000
0.960784 0.5192618224 0.0369088812 0.1400230681 1.0000000000
0.964706 0.5077277970 0.0332179931 0.1381776240 1.0000000000
0.968627 0.4961937716 0.0295271050 0.1363321799 1.0000000000
0.972549 0.4846597463 0.0258362168 0.1344867359 1.0000000000
0.976471 0.4731257209 0.0221453287 0.1326412918 1.0000000000
0.980392 0.4615916955 0.0184544406 0.1307958478 1.0000000000
0.984314 0.4500576701 0.0147635525 0.1289504037 1.0000000000
0.988235 0.4385236448 0.0110726644 0.1271049596 1.0000000000
0.992157 0.4269896194 0.0073817762 0.1252595156 1.0000000000
0.996078 0.4154555940 0.0036908881 0.1234140715 1.0000000000
1.000000 0.4039215686 0.0000000000 0.1215686275 1.0000000000
