0.000000 0.4039215686 0.0000000000 0.1215686275 1.0000000000
0.003922 0.4154555940 0.0036908881 0.1234140715 1.0000000000
0.007843 0.4269896194 0.0073817762 0.1252595156 1.0000000000
0.011765 0.4385236448 0.0110726644 0.1271049596 1.0000000000
0.015686 0.4500576701 0.0147635525 0.1289504037 1.0000000000
0.019608 0.4615916955 0.0184544406 0.1307958478 1.0000000000
0.023529 0.4731257209 0.0221453287 0.1326412918 1.0000000000
0.027451 0.4846597463 0.0258362168 0.1344867359 1.0000000000
0.031373 0.4961937716 0.0295271050 0.1363321799 1.0000000000
0.035294 0.5077277970 0.0332179931 0.1381776240 1.0000000000
0.039216 0.5192618224 0.0369088812 0.1400230681 1.0000000000
0.043137 0.5307958478 0.0405997693 0.1418685121 1.0000000000
0.047059 0.5423298731 0.0442906574 0.1437139562 1.0000000000
0.050980 0.5538638985 0.0479815456 0.1455594002 1.0000000000
0.054902 0.5653979239 0.0516724337 0.1474048443 1.0000000000
0.058824 0.5769319493 0.0553633218 0.1492502884 1.0000000000
0.062745 0.5884659746 0.0590542099 0.1510957324 1.0000000000
0.066667 0.6000000000 0.0627450980 0.1529411765 1.0000000000
0.070588 0.6115340254 0.0664359862 0.1547866205 1.0000000000
0.074510 0.6230680507 0.0701268743 0.1566320646 1.0000000000
0.078431 0.6346020761 0.0738177624 0.1584775087 1.0000000000
0.082353 0.6461361015 0.0775086505 0.1603229527 1.0000000000
0.086275 0.6576701269 0.0811995386 0.1621683968 1.0000000000
0.090196 0.6692041522 0.0848904268 0.1640138408 1.0000000000
0.094118 0.6807381776 0.0885813149 0.1658592849 1.0000000000
0.098039 0.6922722030 0.0922722030 0.1677047290 1.0000000000
0.101961 0.7008073818 0.0996539792 0.1712418301 1.0000000000
0.105882 0.7063437140 0.1107266436 0.1764705882 1.0000000000
0.109804 0.7118800461 0.1217993080 0.1816993464 1.0000000000
0.113725 0.7174163783 0.1328719723 0.1869281046 1.0000000000
0.117647 0.7229527105 0.1439446367 0.1921568627 1.0000000000
0.121569 0.7284890427 0.1550173010 0.1973856209 1.0000000000
0.125490 0.7340253749 0.1660899654 0.2026143791 1.0000000000
0.129412 0.7395617070 0.1771626298 0.2078431373 1.0000000000
0.133333 0.7450980392 0.1882352941 0.2130718954 1.0000000000
0.137255 0.7506343714 0.1993079585 0.2183006536 1.0000000000
0.141176 0.7561707036 0.2103806228 0.2235294118 1.0000000000
0.145098 0.7617070358 0.2214532872 0.2287581699 1.0000000000
0.149020 0.7672433679 0.2325259516 0.2339869281 1.0000000000
0.152941 0.7727797001 0.2435986159 0.2392156863 1.0000000000
0.156863 0.7783160323 0.2546712803 0.2444444444 1.0000000000
0.160784 0.7838523645 0.2657439446 0.2496732026 1.0000000000
0.164706 0.7893886967 0.2768166090 0.2549019608 1.0000000000
0.168627 0.7949250288 0.2878892734 0.2601307190 1.0000000000
0.172549 0.8004613610 0.2989619377 0.2653594771 1.0000000000
0.176471 0.8059976932 0.3100346021 0.2705882353 1.0000000000
0.180392 0.8115340254 0.3211072664 0.2758169935 1.0000000000
0.184314 0.8170703576 0.3321799308 0.2810457516 1.0000000000
0.188235 0.8226066897 0.3432525952 0.2862745098 1.0000000000
0.192157 0.8281430219 0.3543252595 0.2915032680 1.0000000000
0.196078 0.8336793541 0.3653979239 0.2967320261 1.0000000000
0.200000 0.8392156863 0.3764705882 0.3019607843 1.0000000000
0.203922 0.8438292964 0.3870818916 0.3101114956 1.0000000000
0.207843 0.8484429066 0.3976931949 0.3182622068 1.0000000000
0.211765 0.8530565167 0.4083044983 0.3264129181 1.0000000000
0.215686 0.8576701269 0.4189158016 0.3345636294 1.0000000000
0.219608 0.8622837370 0.4295271050 0.3427143406 1.0000000000
0.223529 0.8668973472 0.4401384083 0.3508650519 1.0000000000
0.227451 0.8715109573 0.4507497116 0.3590157632 1.0000000000
0.231373 0.8761245675 0.4613610150 0.3671664744 1.0000000000
0.235294 0.8807381776 0.4719723183 0.3753171857 1.0000000000
0.239216 0.8853517878 0.4825836217 0.3834678970 1.0000000000
0.243137 0.8899653979 0.4931949250 0.3916186082 1.0000000000
0.247059 0.8945790081 0.5038062284 0.3997693195 1.0000000000
0.250980 0.8991926182 0.5144175317 0.4079200308 1.0000000000
0.254902 0.9038062284 0.5250288351 0.4160707420 1.0000000000
0.258824 0.9084198385 0.5356401384 0.4242214533 1.0000000000
0.262745 0.9130334487 0.5462514418 0.4323721646 1.0000000000
0.266667 0.9176470588 0.5568627451 0.4405228758 1.0000000000
0.270588 0.9222606690 0.5674740484 0.4486735871 1.0000000000
0.274510 0.9268742791 0.5780853518 0.4568242983 1.0000000000
0.278431 0.9314878893 0.5886966551 0.4649750096 1.0000000000
0.282353 0.9361014994 0.5993079585 0.4731257209 1.0000000000
0.286275 0.9407151096 0.6099192618 0.4812764321 1.0000000000
0.290196 0.9453287197 0.6205305652 0.4894271434 1.0000000000
0.294118 0.9499423299 0.6311418685 0.4975778547 1.0000000000
0.298039 0.9545559400 0.6417531719 0.5057285659 1.0000000000
0.301961 0.9575547866 0.6512110727 0.5151095732 1.0000000000
0.305882 0.9589388697 0.6595155709 0.5257208766 1.0000000000
0.309804 0.9603229527 0.6678200692 0.5363321799 1.0000000000
0.313725 0.9617070358 0.6761245675 0.5469434833 1.0000000000
0.317647 0.9630911188 0.6844290657 0.5575547866 1.0000000000
0.321569 0.9644752018 0.6927335640 0.5681660900 1.0000000000
0.325490 0.9658592849 0.7010380623 0.5787773933 1.0000000000
0.329412 0.9672433679 0.7093425606 0.5893886967 1.0000000000
0.333333 0.9686274510 0.7176470588 0.6000000000 1.0000000000
0.337255 0.9700115340 0.7259515571 0.6106113033 1.0000000000
0.341176 0.9713956171 0.7342560554 0.6212226067 1.0000000000
0.345098 0.9727797001 0.7425605536 0.6318339100 1.0000000000
0.349020 0.9741637832 0.7508650519 0.6424452134 1.0000000000
0.352941 0.9755478662 0.7591695502 0.6530565167 1.0000000000
0.356863 0.9769319493 0.7674740484 0.6636678201 1.0000000000
0.360784 0.9783160323 0.7757785467 0.6742791234 1.0000000000
0.364706 0.9797001153 0.7840830450 0.6848904268 1.0000000000
0.368627 0.9810841984 0.7923875433 0.6955017301 1.0000000000
0.372549 0.9824682814 0.8006920415 0.7061130334 1.0000000000
0.376471 0.9838523645 0.8089965398 0.7167243368 1.0000000000
0.380392 0.9852364475 0.8173010381 0.7273356401 1.0000000000
0.384314 0.9866205306 0.8256055363 0.7379469435 1.0000000000
0.388235 0.9880046136 0.8339100346 0.7485582468 1.0000000000
0.392157 0.9893886967 0.8422145329 0.7591695502 1.0000000000
0.396078 0.9907727797 0.8505190311 0.7697808535 1.0000000000
0.400000 0.9921568627 0.8588235294 0.7803921569 1.0000000000
0.403922 0.9924644368 0.8643598616 0.7890042291 1.0000000000
0.407843 0.9927720108 0.8698961938 0.7976163014 1.0000000000
0.411765 0.9930795848 0.8754325260 0.8062283737 1.0000000000
0.415686 0.9933871588 0.8809688581 0.8148404460 1.0000000000
0.419608 0.9936947328 0.8865051903 0.8234525183 1.0000000000
0.423529 0.9940023068 0.8920415225 0.8320645905 1.0000000000
0.427451 0.9943098808 0.8975778547 0.8406766628 1.0000000000
0.431373 0.9946174548 0.9031141869 0.8492887351 1.0000000000
0.435294 0.9949250288 0.9086505190 0.8579008074 1.0000000000
0.439216 0.9952326028 0.9141868512 0.8665128797 1.0000000000
0.443137 0.9955401769 0.9197231834 0.8751249519 1.0000000000
0.447059 0.9958477509 0.9252595156 0.8837370242 1.0000000000
0.450980 0.9961553249 0.9307958478 0.8923490965 1.0000000000
0.454902 0.9964628989 0.9363321799 0.9009611688 1.0000000000
0.458824 0.9967704729 0.9418685121 0.9095732411 1.0000000000
0.462745 0.9970780469 0.9474048443 0.9181853133 1.0000000000
0.466667 0.9973856209 0.9529411765 0.9267973856 1.0000000000
0.470588 0.9976931949 0.9584775087 0.9354094579 1.0000000000
0.474510 0.9980007689 0.9640138408 0.9440215302 1.0000000000
0.478431 0.9983083429 0.9695501730 0.9526336025 1.0000000000
0.482353 0.9986159170 0.9750865052 0.9612456747 1.0000000000
0.486275 0.9989234910 0.9806228374 0.9698577470 1.0000000000
0.490196 0.9992310650 0.9861591696 0.9784698193 1.0000000000
0.494118 0.9995386390 0.9916955017 0.9870818916 1.0000000000
0.498039 0.9998462130 0.9972318339 0.9956939639 1.0000000000
0.501961 0.9976163014 0.9976163014 0.9976163014 1.0000000000
0.505882 0.9928489043 0.9928489043 0.9928489043 1.0000000000
0.509804 0.9880815071 0.9880815071 0.9880815071 1.0000000000
0.513725 0.9833141100 0.9833141100 0.9833141100 1.0000000000
0.517647 0.9785467128 0.9785467128 0.9785467128 1.0000000000
0.521569 0.9737793156 0.9737793156 0.9737793156 1.0000000000
0.525490 0.9690119185 0.9690119185 0.9690119185 1.0000000000
0.529412 0.9642445213 0.9642445213 0.9642445213 1.0000000000
0.533333 0.9594771242 0.9594771242 0.9594771242 1.0000000000
0.537255 0.9547097270 0.9547097270 0.9547097270 1.0000000000
0.541176 0.9499423299 0.9499423299 0.9499423299 1.0000000000
0.545098 0.9451749327 0.9451749327 0.9451749327 1.0000000000
0.549020 0.9404075356 0.9404075356 0.9404075356 1.0000000000
0.552941 0.9356401384 0.9356401384 0.9356401384 1.0000000000
0.556863 0.9308727413 0.9308727413 0.9308727413 1.0000000000
0.560784 0.9261053441 0.9261053441 0.9261053441 1.0000000000
0.564706 0.9213379469 0.9213379469 0.9213379469 1.0000000000
0.568627 0.9165705498 0.9165705498 0.9165705498 1.0000000000
0.572549 0.9118031526 0.9118031526 0.9118031526 1.0000000000
0.576471 0.9070357555 0.9070357555 0.9070357555 1.0000000000
0.580392 0.9022683583 0.9022683583 0.9022683583 1.0000000000
0.584314 0.8975009612 0.8975009612 0.8975009612 1.0000000000
0.588235 0.8927335640 0.8927335640 0.8927335640 1.0000000000
0.592157 0.8879661669 0.8879661669 0.8879661669 1.0000000000
0.596078 0.8831987697 0.8831987697 0.8831987697 1.0000000000
0.600000 0.8784313725 0.8784313725 0.8784313725 1.0000000000
0.603922 0.8725874664 0.8725874664 0.8725874664 1.0000000000
0.607843 0.8667435602 0.8667435602 0.8667435602 1.0000000000
0.611765 0.8608996540 0.8608996540 0.8608996540 1.0000000000
0.615686 0.8550557478 0.8550557478 0.8550557478 1.0000000000
0.619608 0.8492118416 0.8492118416 0.8492118416 1.0000000000
0.623529 0.8433679354 0.8433679354 0.8433679354 1.0000000000
0.627451 0.8375240292 0.8375240292 0.8375240292 1.0000000000
0.631373 0.8316801230 0.8316801230 0.8316801230 1.0000000000
0.635294 0.8258362168 0.8258362168 0.8258362168 1.0000000000
0.639216 0.8199923106 0.8199923106 0.8199923106 1.0000000000
0.643137 0.8141484045 0.8141484045 0.8141484045 1.0000000000
0.647059 0.8083044983 0.8083044983 0.8083044983 1.0000000000
0.650980 0.8024605921 0.8024605921 0.8024605921 1.0000000000
0.654902 0.7966166859 0.7966166859 0.7966166859 1.0000000000
0.658824 0.7907727797 0.7907727797 0.7907727797 1.0000000000
0.662745 0.7849288735 0.7849288735 0.7849288735 1.0000000000
0.666667 0.7790849673 0.7790849673 0.7790849673 1.0000000000
0.670588 0.7732410611 0.7732410611 0.7732410611 1.0000000000
0.674510 0.7673971549 0.7673971549 0.7673971549 1.0000000000
0.678431 0.7615532488 0.7615532488 0.7615532488 1.0000000000
0.682353 0.7557093426 0.7557093426 0.7557093426 1.0000000000
0.686275 0.7498654364 0.7498654364 0.7498654364 1.0000000000
0.690196 0.7440215302 0.7440215302 0.7440215302 1.0000000000
0.694118 0.7381776240 0.7381776240 0.7381776240 1.0000000000
0.698039 0.7323337178 0.7323337178 0.7323337178 1.0000000000
0.701961 0.7254901961 0.7254901961 0.7254901961 1.0000000000
0.705882 0.7176470588 0.7176470588 0.7176470588 1.0000000000
0.709804 0.7098039216 0.7098039216 0.7098039216 1.0000000000
0.713725 0.7019607843 0.7019607843 0.7019607843 1.0000000000
0.717647 0.6941176471 0.6941176471 0.6941176471 1.0000000000
0.721569 0.6862745098 0.6862745098 0.6862745098 1.0000000000
0.725490 0.6784313725 0.6784313725 0.6784313725 1.0000000000
0.729412 0.6705882353 0.6705882353 0.6705882353 1.0000000000
0.733333 0.6627450980 0.6627450980 0.6627450980 1.0000000000
0.737255 0.6549019608 0.6549019608 0.6549019608 1.0000000000
0.741176 0.6470588235 0.6470588235 0.6470588235 1.0000000000
0.745098 0.6392156863 0.6392156863 0.6392156863 1.0000000000
0.749020 0.6313725490 0.6313725490 0.6313725490 1.0000000000
0.752941 0.6235294118 0.6235294118 0.6235294118 1.0000000000
0.756863 0.6156862745 0.6156862745 0.6156862745 1.0000000000
0.760784 0.6078431373 0.6078431373 0.6078431373 1.0000000000
0.764706 0.6000000000 0.6000000000 0.6000000000 1.0000000000
0.768627 0.5921568627 0.5921568627 0.5921568627 1.0000000000
0.772549 0.5843137255 0.5843137255 0.5843137255 1.0000000000
0.776471 0.5764705882 0.5764705882 0.5764705882 1.0000000000
0.780392 0.5686274510 0.5686274510 0.5686274510 1.0000000000
0.784314 0.5607843137 0.5607843137 0.5607843137 1.0000000000
0.788235 0.5529411765 0.5529411765 0.5529411765 1.0000000000
0.792157 0.5450980392 0.5450980392 0.5450980392 1.0000000000
0.796078 0.5372549020 0.5372549020 0.5372549020 1.0000000000
0.800000 0.5294117647 0.5294117647 0.5294117647 1.0000000000
0.803922 0.5204921184 0.5204921184 0.5204921184 1.0000000000
0.807843 0.5115724721 0.5115724721 0.5115724721 1.0000000000
0.811765 0.5026528258 0.5026528258 0.5026528258 1.0000000000
0.815686 0.4937331795 0.4937331795 0.4937331795 1.0000000000
0.819608 0.4848135333 0.4848135333 0.4848135333 1.0000000000
0.823529 0.4758938870 0.4758938870 0.4758938870 1.0000000000
0.827451 0.4669742407 0.4669742407 0.4669742407 1.0000000000
0.831373 0.4580545944 0.4580545944 0.4580545944 1.0000000000
0.835294 0.4491349481 0.4491349481 0.4491349481 1.0000000000
0.839216 0.4402153018 0.4402153018 0.4402153018 1.0000000000
0.843137 0.4312956555 0.4312956555 0.4312956555 1.0000000000
0.847059 0.4223760092 0.4223760092 0.4223760092 1.0000000000
0.850980 0.4134563629 0.4134563629 0.4134563629 1.0000000000
0.854902 0.4045367166 0.4045367166 0.4045367166 1.0000000000
0.858824 0.3956170704 0.3956170704 0.3956170704 1.0000000000
0.862745 0.3866974241 0.3866974241 0.3866974241 1.0000000000
0.866667 0.3777777778 0.3777777778 0.3777777778 1.0000000000
0.870588 0.3688581315 0.3688581315 0.3688581315 1.0000000000
0.874510 0.3599384852 0.3599384852 0.3599384852 1.0000000000
0.878431 0.3510188389 0.3510188389 0.3510188389 1.0000000000
0.882353 0.3420991926 0.3420991926 0.3420991926 1.0000000000
0.886275 0.3331795463 0.3331795463 0.3331795463 1.0000000000
0.890196 0.3242599000 0.3242599000 0.3242599000 1.0000000000
0.894118 0.3153402537 0.3153402537 0.3153402537 1.0000000000
0.898039 0.3064206075 0.3064206075 0.3064206075 1.0000000000
0.901961 0.2980392157 0.2980392157 0.2980392157 1.0000000000
0.905882 0.2901960784 0.2901960784 0.2901960784 1.0000000000
0.909804 0.2823529412 0.2823529412 0.2823529412 1.0000000000
0.913725 0.2745098039 0.2745098039 0.2745098039 1.0000000000
0.917647 0.2666666667 0.2666666667 0.2666666667 1.0000000000
0.921569 0.2588235294 0.2588235294 0.2588235294 1.0000000000
0.925490 0.2509803922 0.2509803922 0.2509803922 1.0000000000
0.929412 0.2431372549 0.2431372549 0.2431372549 1.0000000000
0.933333 0.2352941176 0.2352941176 0.2352941176 1.0000000000
0.937255 0.2274509804 0.2274509804 0.2274509804 1.0000000000
0.941176 0.2196078431 0.2196078431 0.2196078431 1.0000000000
0.945098 0.2117647059 0.2117647059 0.2117647059 1.0000000000
0.949020 0.2039215686 0.2039215686 0.2039215686 1.0000000000
0.952941 0.1960784314 0.1960784314 0.1960784314 1.0000000000
0.956863 0.1882352941 0.1882352941 0.1882352941 1.0000000000
0.960784 0.1803921569 0.1803921569 0.1803921569 1.0000000000
0.964706 0.1725490196 0.1725490196 0.1725490196 1.0000000000
0.968627 0.1647058824 0.1647058824 0.1647058824 1.0000000000
0.972549 0.1568627451 0.1568627451 0.1568627451 1.0000000000
0.976471 0.1490196078 0.1490196078 0.1490196078 1.0000000000
0.980392 0.1411764706 0.1411764706 0.1411764706 1.0000000000
0.984314 0.1333333333 0.1333333333 0.1333333333 1.0000000000
0.988235 0.1254901961 0.1254901961 0.1254901961 1.0000000000
0.992157 0.1176470588 0.1176470588 0.1176470588 1.0000000000
0.996078 0.1098039216 0.1098039216 0.1098039216 1.0000000000
1.000000 0.1019607843 0.1019607843 0.1019607843 1.0000000000
