0.000000 1.0000000000 0.9686274510 0.9529411765 1.0000000000
0.003922 0.9997539408 0.9657977701 0.9502345252 1.0000000000
0.007843 0.9995078816 0.9629680892 0.9475278739 1.0000000000
0.011765 0.9992618224 0.9601384083 0.9448212226 1.0000000000
0.015686 0.9990157632 0.9573087274 0.9421145713 1.0000000000
0.019608 0.9987697040 0.9544790465 0.9394079200 1.0000000000
0.023529 0.9985236448 0.9516493656 0.9367012687 1.0000000000
0.027451 0.9982775855 0.9488196847 0.9339946175 1.0000000000
0.031373 0.9980315263 0.9459900038 0.9312879662 1.0000000000
0.035294 0.9977854671 0.9431603230 0.9285813149 1.0000000000
0.039216 0.9975394079 0.9403306421 0.9258746636 1.0000000000
0.043137 0.9972933487 0.9375009612 0.9231680123 1.0000000000
0.047059 0.9970472895 0.9346712803 0.9204613610 1.0000000000
0.050980 0.9968012303 0.9318415994 0.9177547097 1.0000000000
0.054902 0.9965551711 0.9290119185 0.9150480584 1.0000000000
0.058824 0.9963091119 0.9261822376 0.9123414072 1.0000000000
0.062745 0.9960630527 0.9233525567 0.9096347559 1.0000000000
0.066667 0.9958169935 0.9205228758 0.9069281046 1.0000000000
0.070588 0.9955709343 0.9176931949 0.9042214533 1.0000000000
0.074510 0.9953248750 0.9148635140 0.9015148020 1.0000000000
0.078431 0.9950788158 0.9120338331 0.8988081507 1.0000000000
0.082353 0.9948327566 0.9092041522 0.8961014994 1.0000000000
0.086275 0.9945866974 0.9063744714 0.8933948481 1.0000000000
0.090196 0.9943406382 0.9035447905 0.8906881968 1.0000000000
0.094118 0.9940945790 0.9007151096 0.8879815456 1.0000000000
0.098039 0.9938485198 0.8978854287 0.8852748943 1.0000000000
0.101961 0.9936024606 0.8950557478 0.8825682430 1.0000000000
0.105882 0.9933564014 0.8922260669 0.8798615917 1.0000000000
0.109804 0.9931103422 0.8893963860 0.8771549404 1.0000000000
0.113725 0.9928642830 0.8865667051 0.8744482891 1.0000000000
0.117647 0.9926182238 0.8837370242 0.8717416378 1.0000000000
0.121569 0.9923721646 0.8809073433 0.8690349865 1.0000000000
0.125490 0.9921414840 0.8780161476 0.8662206844 1.0000000000
0.129412 0.9920184544 0.8746943483 0.8626528258 1.0000000000
0.133333 0.9918954248 0.8713725490 0.8590849673 1.0000000000
0.137255 0.9917723952 0.8680507497 0.8555171088 1.0000000000
0.141176 0.9916493656 0.8647289504 0.8519492503 1.0000000000
0.145098 0.9915263360 0.8614071511 0.8483813918 1.0000000000
0.149020 0.9914033064 0.8580853518 0.8448135333 1.0000000000
0.152941 0.9912802768 0.8547635525 0.8412456747 1.0000000000
0.156863 0.9911572472 0.8514417532 0.8376778162 1.0000000000
0.160784 0.9910342176 0.8481199539 0.8341099577 1.0000000000
0.164706 0.9909111880 0.8447981546 0.8305420992 1.0000000000
0.168627 0.9907881584 0.8414763552 0.8269742407 1.0000000000
0.172549 0.9906651288 0.8381545559 0.8234063822 1.0000000000
0.176471 0.9905420992 0.8348327566 0.8198385236 1.0000000000
0.180392 0.9904190696 0.8315109573 0.8162706651 1.0000000000
0.184314 0.9902960400 0.8281891580 0.8127028066 1.0000000000
0.188235 0.9901730104 0.8248673587 0.8091349481 1.0000000000
0.192157 0.9900499808 0.8215455594 0.8055670896 1.0000000000
0.196078 0.9899269512 0.8182237601 0.8019992311 1.0000000000
0.200000 0.9898039216 0.8149019608 0.7984313725 1.0000000000
0.203922 0.9896808920 0.8115801615 0.7948635140 1.0000000000
0.207843 0.9895578624 0.8082583622 0.7912956555 1.0000000000
0.211765 0.9894348328 0.8049365629 0.7877277970 1.0000000000
0.215686 0.9893118032 0.8016147636 0.7841599385 1.0000000000
0.219608 0.9891887735 0.7982929642 0.7805920800 1.0000000000
0.223529 0.9890657439 0.7949711649 0.7770242215 1.0000000000
0.227451 0.9889427143 0.7916493656 0.7734563629 1.0000000000
0.231373 0.9888196847 0.7883275663 0.7698885044 1.0000000000
0.235294 0.9886966551 0.7850057670 0.7663206459 1.0000000000
0.239216 0.9885736255 0.7816839677 0.7627527874 1.0000000000
0.243137 0.9884505959 0.7783621684 0.7591849289 1.0000000000
0.247059 0.9883275663 0.7750403691 0.7556170704 1.0000000000
0.250980 0.9881737793 0.7713802384 0.7526028451 1.0000000000
0.254902 0.9879277201 0.7667051134 0.7512495194 1.0000000000
0.258824 0.9876816609 0.7620299885 0.7498961938 1.0000000000
0.262745 0.9874356017 0.7573548635 0.7485428681 1.0000000000
0.266667 0.9871895425 0.7526797386 0.7471895425 1.0000000000
0.270588 0.9869434833 0.7480046136 0.7458362168 1.0000000000
0.274510 0.9866974241 0.7433294887 0.7444828912 1.0000000000
0.278431 0.9864513649 0.7386543637 0.7431295656 1.0000000000
0.282353 0.9862053057 0.7339792388 0.7417762399 1.0000000000
0.286275 0.9859592464 0.7293041138 0.7404229143 1.0000000000
0.290196 0.9857131872 0.7246289889 0.7390695886 1.0000000000
0.294118 0.9854671280 0.7199538639 0.7377162630 1.0000000000
0.298039 0.9852210688 0.7152787389 0.7363629373 1.0000000000
0.301961 0.9849750096 0.7106036140 0.7350096117 1.0000000000
0.305882 0.9847289504 0.7059284890 0.7336562860 1.0000000000
0.309804 0.9844828912 0.7012533641 0.7323029604 1.0000000000
0.313725 0.9842368320 0.6965782391 0.7309496348 1.0000000000
0.317647 0.9839907728 0.6919031142 0.7295963091 1.0000000000
0.321569 0.9837447136 0.6872279892 0.7282429835 1.0000000000
0.325490 0.9834986544 0.6825528643 0.7268896578 1.0000000000
0.329412 0.9832525952 0.6778777393 0.7255363322 1.0000000000
0.333333 0.9830065359 0.6732026144 0.7241830065 1.0000000000
0.337255 0.9827604767 0.6685274894 0.7228296809 1.0000000000
0.341176 0.9825144175 0.6638523645 0.7214763552 1.0000000000
0.345098 0.9822683583 0.6591772395 0.7201230296 1.0000000000
0.349020 0.9820222991 0.6545021146 0.7187697040 1.0000000000
0.352941 0.9817762399 0.6498269896 0.7174163783 1.0000000000
0.356863 0.9815301807 0.6451518647 0.7160630527 1.0000000000
0.360784 0.9812841215 0.6404767397 0.7147097270 1.0000000000
0.364706 0.9810380623 0.6358016148 0.7133564014 1.0000000000
0.368627 0.9807920031 0.6311264898 0.7120030757 1.0000000000
0.372549 0.9805459439 0.6264513649 0.7106497501 1.0000000000
0.376471 0.9802537486 0.6209919262 0.7088811995 1.0000000000
0.380392 0.9798846597 0.6142252980 0.7064206075 1.0000000000
0.384314 0.9795155709 0.6074586697 0.7039600154 1.0000000000
0.388235 0.9791464821 0.6006920415 0.7014994233 1.0000000000
0.392157 0.9787773933 0.5939254133 0.6990388312 1.0000000000
0.396078 0.9784083045 0.5871587851 0.6965782391 1.0000000000
0.400000 0.9780392157 0.5803921569 0.6941176471 1.0000000000
0.403922 0.9776701269 0.5736255286 0.6916570550 1.0000000000
0.407843 0.9773010381 0.5668589004 0.6891964629 1.0000000000
0.411765 0.9769319493 0.5600922722 0.6867358708 1.0000000000
0.415686 0.9765628604 0.5533256440 0.6842752787 1.0000000000
0.419608 0.9761937716 0.5465590158 0.6818146867 1.0000000000
0.423529 0.9758246828 0.5397923875 0.6793540946 1.0000000000
0.427451 0.9754555940 0.5330257593 0.6768935025 1.0000000000
0.431373 0.9750865052 0.5262591311 0.6744329104 1.0000000000
0.435294 0.9747174164 0.5194925029 0.6719723183 1.0000000000
0.439216 0.9743483276 0.5127258747 0.6695117263 1.0000000000
0.443137 0.9739792388 0.5059592464 0.6670511342 1.0000000000
0.447059 0.9736101499 0.4991926182 0.6645905421 1.0000000000
0.450980 0.9732410611 0.4924259900 0.6621299500 1.0000000000
0.454902 0.9728719723 0.4856593618 0.6596693579 1.0000000000
0.458824 0.9725028835 0.4788927336 0.6572087659 1.0000000000
0.462745 0.9721337947 0.4721261053 0.6547481738 1.0000000000
0.466667 0.9717647059 0.4653594771 0.6522875817 1.0000000000
0.470588 0.9713956171 0.4585928489 0.6498269896 1.0000000000
0.474510 0.9710265283 0.4518262207 0.6473663975 1.0000000000
0.478431 0.9706574394 0.4450595925 0.6449058055 1.0000000000
0.482353 0.9702883506 0.4382929642 0.6424452134 1.0000000000
0.486275 0.9699192618 0.4315263360 0.6399846213 1.0000000000
0.490196 0.9695501730 0.4247597078 0.6375240292 1.0000000000
0.494118 0.9691810842 0.4179930796 0.6350634371 1.0000000000
0.498039 0.9688119954 0.4112264514 0.6326028451 1.0000000000
0.501961 0.9670280661 0.4046443676 0.6307574010 1.0000000000
0.505882 0.9638292964 0.3982468281 0.6295271050 1.0000000000
0.509804 0.9606305267 0.3918492887 0.6282968089 1.0000000000
0.513725 0.9574317570 0.3854517493 0.6270665129 1.0000000000
0.517647 0.9542329873 0.3790542099 0.6258362168 1.0000000000
0.521569 0.9510342176 0.3726566705 0.6246059208 1.0000000000
0.525490 0.9478354479 0.3662591311 0.6233756248 1.0000000000
0.529412 0.9446366782 0.3598615917 0.6221453287 1.0000000000
0.533333 0.9414379085 0.3534640523 0.6209150327 1.0000000000
0.537255 0.9382391388 0.3470665129 0.6196847366 1.0000000000
0.541176 0.9350403691 0.3406689735 0.6184544406 1.0000000000
0.545098 0.9318415994 0.3342714341 0.6172241446 1.0000000000
0.549020 0.9286428297 0.3278738947 0.6159938485 1.0000000000
0.552941 0.9254440600 0.3214763552 0.6147635525 1.0000000000
0.556863 0.9222452903 0.3150788158 0.6135332564 1.0000000000
0.560784 0.9190465206 0.3086812764 0.6123029604 1.0000000000
0.564706 0.9158477509 0.3022837370 0.6110726644 1.0000000000
0.568627 0.9126489812 0.2958861976 0.6098423683 1.0000000000
0.572549 0.9094502115 0.2894886582 0.6086120723 1.0000000000
0.576471 0.9062514418 0.2830911188 0.6073817762 1.0000000000
0.580392 0.9030526720 0.2766935794 0.6061514802 1.0000000000
0.584314 0.8998539023 0.2702960400 0.6049211842 1.0000000000
0.588235 0.8966551326 0.2638985006 0.6036908881 1.0000000000
0.592157 0.8934563629 0.2575009612 0.6024605921 1.0000000000
0.596078 0.8902575932 0.2511034218 0.6012302960 1.0000000000
0.600000 0.8870588235 0.2447058824 0.6000000000 1.0000000000
0.603922 0.8838600538 0.2383083429 0.5987697040 1.0000000000
0.607843 0.8806612841 0.2319108035 0.5975394079 1.0000000000
0.611765 0.8774625144 0.2255132641 0.5963091119 1.0000000000
0.615686 0.8742637447 0.2191157247 0.5950788158 1.0000000000
0.619608 0.8710649750 0.2127181853 0.5938485198 1.0000000000
0.623529 0.8678662053 0.2063206459 0.5926182238 1.0000000000
0.627451 0.8630526720 0.2000000000 0.5902345252 1.0000000000
0.631373 0.8572702807 0.1937254902 0.5871587851 1.0000000000
0.635294 0.8514878893 0.1874509804 0.5840830450 1.0000000000
0.639216 0.8457054979 0.1811764706 0.5810073049 1.0000000000
0.643137 0.8399231065 0.1749019608 0.5779315648 1.0000000000
0.647059 0.8341407151 0.1686274510 0.5748558247 1.0000000000
0.650980 0.8283583237 0.1623529412 0.5717800846 1.0000000000
0.654902 0.8225759323 0.1560784314 0.5687043445 1.0000000000
0.658824 0.8167935409 0.1498039216 0.5656286044 1.0000000000
0.662745 0.8110111496 0.1435294118 0.5625528643 1.0000000000
0.666667 0.8052287582 0.1372549020 0.5594771242 1.0000000000
0.670588 0.7994463668 0.1309803922 0.5564013841 1.0000000000
0.674510 0.7936639754 0.1247058824 0.5533256440 1.0000000000
0.678431 0.7878815840 0.1184313725 0.5502499039 1.0000000000
0.682353 0.7820991926 0.1121568627 0.5471741638 1.0000000000
0.686275 0.7763168012 0.1058823529 0.5440984237 1.0000000000
0.690196 0.7705344098 0.0996078431 0.5410226836 1.0000000000
0.694118 0.7647520185 0.0933333333 0.5379469435 1.0000000000
0.698039 0.7589696271 0.0870588235 0.5348712034 1.0000000000
0.701961 0.7531872357 0.0807843137 0.5317954633 1.0000000000
0.705882 0.7474048443 0.0745098039 0.5287197232 1.0000000000
0.709804 0.7416224529 0.0682352941 0.5256439831 1.0000000000
0.713725 0.7358400615 0.0619607843 0.5225682430 1.0000000000
0.717647 0.7300576701 0.0556862745 0.5194925029 1.0000000000
0.721569 0.7242752787 0.0494117647 0.5164167628 1.0000000000
0.725490 0.7184928874 0.0431372549 0.5133410227 1.0000000000
0.729412 0.7127104960 0.0368627451 0.5102652826 1.0000000000
0.733333 0.7069281046 0.0305882353 0.5071895425 1.0000000000
0.737255 0.7011457132 0.0243137255 0.5041138024 1.0000000000
0.741176 0.6953633218 0.0180392157 0.5010380623 1.0000000000
0.745098 0.6895809304 0.0117647059 0.4979623222 1.0000000000
0.749020 0.6837985390 0.0054901961 0.4948865821 1.0000000000
0.752941 0.6775547866 0.0039215686 0.4934717416 1.0000000000
0.756863 0.6711572472 0.0039215686 0.4926105344 1.0000000000
0.760784 0.6647597078 0.0039215686 0.4917493272 1.0000000000
0.764706 0.6583621684 0.0039215686 0.4908881200 1.0000000000
0.768627 0.6519646290 0.0039215686 0.4900269127 1.0000000000
0.772549 0.6455670896 0.0039215686 0.4891657055 1.0000000000
0.776471 0.6391695502 0.0039215686 0.4883044983 1.0000000000
0.780392 0.6327720108 0.0039215686 0.4874432910 1.0000000000
0.784314 0.6263744714 0.0039215686 0.4865820838 1.0000000000
0.788235 0.6199769319 0.0039215686 0.4857208766 1.0000000000
0.792157 0.6135793925 0.0039215686 0.4848596694 1.0000000000
0.796078 0.6071818531 0.0039215686 0.4839984621 1.0000000000
0.800000 0.6007843137 0.0039215686 0.4831372549 1.0000000000
0.803922 0.5943867743 0.0039215686 0.4822760477 1.0000000000
0.807843 0.5879892349 0.0039215686 0.4814148404 1.0000000000
0.811765 0.5815916955 0.0039215686 0.4805536332 1.0000000000
0.815686 0.5751941561 0.0039215686 0.4796924260 1.0000000000
0.819608 0.5687966167 0.0039215686 0.4788312188 1.0000000000
0.823529 0.5623990773 0.0039215686 0.4779700115 1.0000000000
0.827451 0.5560015379 0.0039215686 0.4771088043 1.0000000000
0.831373 0.5496039985 0.0039215686 0.4762475971 1.0000000000
0.835294 0.5432064591 0.0039215686 0.4753863899 1.0000000000
0.839216 0.5368089196 0.0039215686 0.4745251826 1.0000000000
0.843137 0.5304113802 0.0039215686 0.4736639754 1.0000000000
0.847059 0.5240138408 0.0039215686 0.4728027682 1.0000000000
0.850980 0.5176163014 0.0039215686 0.4719415609 1.0000000000
0.854902 0.5112187620 0.0039215686 0.4710803537 1.0000000000
0.858824 0.5048212226 0.0039215686 0.4702191465 1.0000000000
0.862745 0.4984236832 0.0039215686 0.4693579393 1.0000000000
0.866667 0.4920261438 0.0039215686 0.4684967320 1.0000000000
0.870588 0.4856286044 0.0039215686 0.4676355248 1.0000000000
0.874510 0.4792310650 0.0039215686 0.4667743176 1.0000000000
0.878431 0.4731564783 0.0038139177 0.4652672049 1.0000000000
0.882353 0.4671280277 0.0036908881 0.4636678201 1.0000000000
0.886275 0.4610995771 0.0035678585 0.4620684352 1.0000000000
0.890196 0.4550711265 0.0034448289 0.4604690504 1.0000000000
0.894118 0.4490426759 0.0033217993 0.4588696655 1.0000000000
0.898039 0.4430142253 0.0031987697 0.4572702807 1.0000000000
0.901961 0.4369857747 0.0030757401 0.4556708958 1.0000000000
0.905882 0.4309573241 0.0029527105 0.4540715110 1.0000000000
0.909804 0.4249288735 0.0028296809 0.4524721261 1.0000000000
0.913725 0.4189004229 0.0027066513 0.4508727413 1.0000000000
0.917647 0.4128719723 0.0025836217 0.4492733564 1.0000000000
0.921569 0.4068435217 0.0024605921 0.4476739715 1.0000000000
0.925490 0.4008150711 0.0023375625 0.4460745867 1.0000000000
0.929412 0.3947866205 0.0022145329 0.4444752018 1.0000000000
0.933333 0.3887581699 0.0020915033 0.4428758170 1.0000000000
0.937255 0.3827297193 0.0019684737 0.4412764321 1.0000000000
0.941176 0.3767012687 0.0018454441 0.4396770473 1.0000000000
0.945098 0.3706728181 0.0017224145 0.4380776624 1.0000000000
0.949020 0.3646443676 0.0015993849 0.4364782776 1.0000000000
0.952941 0.3586159170 0.0014763552 0.4348788927 1.0000000000
0.956863 0.3525874664 0.0013533256 0.4332795079 1.0000000000
0.960784 0.3465590158 0.0012302960 0.4316801230 1.0000000000
0.964706 0.3405305652 0.0011072664 0.4300807382 1.0000000000
0.968627 0.3345021146 0.0009842368 0.4284813533 1.0000000000
0.972549 0.3284736640 0.0008612072 0.4268819685 1.0000000000
0.976471 0.3224452134 0.0007381776 0.4252825836 1.0000000000
0.980392 0.3164167628 0.0006151480 0.4236831988 1.0000000000
0.984314 0.3103883122 0.0004921184 0.4220838139 1.0000000000
0.988235 0.3043598616 0.0003690888 0.4204844291 1.0000000000
0.992157 0.2983314110 0.0002460592 0.4188850442 1.0000000000
0.996078 0.2923029604 0.0001230296 0.4172856594 1.0000000000
1.000000 0.2862745098 0.0000000000 0.4156862745 1.0000000000
