0.000000 0.6470588235 0.0000000000 0.1490196078 1.0000000000
0.003922 0.6547481738 0.0073817762 0.1491733948 1.0000000000
0.007843 0.6624375240 0.0147635525 0.1493271819 1.0000000000
0.011765 0.6701268743 0.0221453287 0.1494809689 1.0000000000
0.015686 0.6778162245 0.0295271050 0.1496347559 1.0000000000
0.019608 0.6855055748 0.0369088812 0.1497885429 1.0000000000
0.023529 0.6931949250 0.0442906574 0.1499423299 1.0000000000
0.027451 0.7008842753 0.0516724337 0.1500961169 1.0000000000
0.031373 0.7085736255 0.0590542099 0.1502499039 1.0000000000
0.035294 0.7162629758 0.0664359862 0.1504036909 1.0000000000
0.039216 0.7239523260 0.0738177624 0.1505574779 1.0000000000
0.043137 0.7316416763 0.0811995386 0.1507112649 1.0000000000
0.047059 0.7393310265 0.0885813149 0.1508650519 1.0000000000
0.050980 0.7470203768 0.0959630911 0.1510188389 1.0000000000
0.054902 0.7547097270 0.1033448674 0.1511726259 1.0000000000
0.058824 0.7623990773 0.1107266436 0.1513264129 1.0000000000
0.062745 0.7700884275 0.1181084198 0.1514801999 1.0000000000
0.066667 0.7777777778 0.1254901961 0.1516339869 1.0000000000
0.070588 0.7854671280 0.1328719723 0.1517877739 1.0000000000
0.074510 0.7931564783 0.1402537486 0.1519415609 1.0000000000
0.078431 0.8008458285 0.1476355248 0.1520953479 1.0000000000
0.082353 0.8085351788 0.1550173010 0.1522491349 1.0000000000
0.086275 0.8162245290 0.1623990773 0.1524029220 1.0000000000
0.090196 0.8239138793 0.1697808535 0.1525567090 1.0000000000
0.094118 0.8316032295 0.1771626298 0.1527104960 1.0000000000
0.098039 0.8392925798 0.1845444060 0.1528642830 1.0000000000
0.101961 0.8453671665 0.1929257978 0.1550941945 1.0000000000
0.105882 0.8498269896 0.2023068051 0.1594002307 1.0000000000
0.109804 0.8542868128 0.2116878124 0.1637062668 1.0000000000
0.113725 0.8587466359 0.2210688197 0.1680123030 1.0000000000
0.117647 0.8632064591 0.2304498270 0.1723183391 1.0000000000
0.121569 0.8676662822 0.2398308343 0.1766243752 1.0000000000
0.125490 0.8721261053 0.2492118416 0.1809304114 1.0000000000
0.129412 0.8765859285 0.2585928489 0.1852364475 1.0000000000
0.133333 0.8810457516 0.2679738562 0.1895424837 1.0000000000
0.137255 0.8855055748 0.2773548635 0.1938485198 1.0000000000
0.141176 0.8899653979 0.2867358708 0.1981545559 1.0000000000
0.145098 0.8944252211 0.2961168781 0.2024605921 1.0000000000
0.149020 0.8988850442 0.3054978854 0.2067666282 1.0000000000
0.152941 0.9033448674 0.3148788927 0.2110726644 1.0000000000
0.156863 0.9078046905 0.3242599000 0.2153787005 1.0000000000
0.160784 0.9122645136 0.3336409073 0.2196847366 1.0000000000
0.164706 0.9167243368 0.3430219146 0.2239907728 1.0000000000
0.168627 0.9211841599 0.3524029220 0.2282968089 1.0000000000
0.172549 0.9256439831 0.3617839293 0.2326028451 1.0000000000
0.176471 0.9301038062 0.3711649366 0.2369088812 1.0000000000
0.180392 0.9345636294 0.3805459439 0.2412149173 1.0000000000
0.184314 0.9390234525 0.3899269512 0.2455209535 1.0000000000
0.188235 0.9434832757 0.3993079585 0.2498269896 1.0000000000
0.192157 0.9479430988 0.4086889658 0.2541330258 1.0000000000
0.196078 0.9524029220 0.4180699731 0.2584390619 1.0000000000
0.200000 0.9568627451 0.4274509804 0.2627450980 1.0000000000
0.203922 0.9582468281 0.4374471357 0.2673587082 1.0000000000
0.207843 0.9596309112 0.4474432910 0.2719723183 1.0000000000
0.211765 0.9610149942 0.4574394464 0.2765859285 1.0000000000
0.215686 0.9623990773 0.4674356017 0.2811995386 1.0000000000
0.219608 0.9637831603 0.4774317570 0.2858131488 1.0000000000
0.223529 0.9651672434 0.4874279123 0.2904267589 1.0000000000
0.227451 0.9665513264 0.4974240677 0.2950403691 1.0000000000
0.231373 0.9679354095 0.5074202230 0.2996539792 1.0000000000
0.235294 0.9693194925 0.5174163783 0.3042675894 1.0000000000
0.239216 0.9707035755 0.5274125336 0.3088811995 1.0000000000
0.243137 0.9720876586 0.5374086890 0.3134948097 1.0000000000
0.247059 0.9734717416 0.5474048443 0.3181084198 1.0000000000
0.250980 0.9748558247 0.5574009996 0.3227220300 1.0000000000
0.254902 0.9762399077 0.5673971549 0.3273356401 1.0000000000
0.258824 0.9776239908 0.5773933103 0.3319492503 1.0000000000
0.262745 0.9790080738 0.5873894656 0.3365628604 1.0000000000
0.266667 0.9803921569 0.5973856209 0.3411764706 1.0000000000
0.270588 0.9817762399 0.6073817762 0.3457900807 1.0000000000
0.274510 0.9831603230 0.6173779316 0.3504036909 1.0000000000
0.278431 0.9845444060 0.6273740869 0.3550173010 1.0000000000
0.282353 0.9859284890 0.6373702422 0.3596309112 1.0000000000
0.286275 0.9873125721 0.6473663975 0.3642445213 1.0000000000
0.290196 0.9886966551 0.6573625529 0.3688581315 1.0000000000
0.294118 0.9900807382 0.6673587082 0.3734717416 1.0000000000
0.298039 0.9914648212 0.6773548635 0.3780853518 1.0000000000
0.301961 0.9922337562 0.6861976163 0.3836216840 1.0000000000
0.305882 0.9923875433 0.6938869666 0.3900807382 1.0000000000
0.309804 0.9925413303 0.7015763168 0.3965397924 1.0000000000
0.313725 0.9926951173 0.7092656671 0.4029988466 1.0000000000
0.317647 0.9928489043 0.7169550173 0.4094579008 1.0000000000
0.321569 0.9930026913 0.7246443676 0.4159169550 1.0000000000
0.325490 0.9931564783 0.7323337178 0.4223760092 1.0000000000
0.329412 0.9933102653 0.7400230681 0.4288350634 1.0000000000
0.333333 0.9934640523 0.7477124183 0.4352941176 1.0000000000
0.337255 0.9936178393 0.7554017686 0.4417531719 1.0000000000
0.341176 0.9937716263 0.7630911188 0.4482122261 1.0000000000
0.345098 0.9939254133 0.7707804691 0.4546712803 1.0000000000
0.349020 0.9940792003 0.7784698193 0.4611303345 1.0000000000
0.352941 0.9942329873 0.7861591696 0.4675893887 1.0000000000
0.356863 0.9943867743 0.7938485198 0.4740484429 1.0000000000
0.360784 0.9945405613 0.8015378700 0.4805074971 1.0000000000
0.364706 0.9946943483 0.8092272203 0.4869665513 1.0000000000
0.368627 0.9948481353 0.8169165705 0.4934256055 1.0000000000
0.372549 0.9950019223 0.8246059208 0.4998846597 1.0000000000
0.376471 0.9951557093 0.8322952710 0.5063437140 1.0000000000
0.380392 0.9953094963 0.8399846213 0.5128027682 1.0000000000
0.384314 0.9954632834 0.8476739715 0.5192618224 1.0000000000
0.388235 0.9956170704 0.8553633218 0.5257208766 1.0000000000
0.392157 0.9957708574 0.8630526720 0.5321799308 1.0000000000
0.396078 0.9959246444 0.8707420223 0.5386389850 1.0000000000
0.400000 0.9960784314 0.8784313725 0.5450980392 1.0000000000
0.403922 0.9962322184 0.8831987697 0.5530949635 1.0000000000
0.407843 0.9963860054 0.8879661669 0.5610918877 1.0000000000
0.411765 0.9965397924 0.8927335640 0.5690888120 1.0000000000
0.415686 0.9966935794 0.8975009612 0.5770857363 1.0000000000
0.419608 0.9968473664 0.9022683583 0.5850826605 1.0000000000
0.423529 0.9970011534 0.9070357555 0.5930795848 1.0000000000
0.427451 0.9971549404 0.9118031526 0.6010765090 1.0000000000
0.431373 0.9973087274 0.9165705498 0.6090734333 1.0000000000
0.435294 0.9974625144 0.9213379469 0.6170703576 1.0000000000
0.439216 0.9976163014 0.9261053441 0.6250672818 1.0000000000
0.443137 0.9977700884 0.9308727413 0.6330642061 1.0000000000
0.447059 0.9979238754 0.9356401384 0.6410611303 1.0000000000
0.450980 0.9980776624 0.9404075356 0.6490580546 1.0000000000
0.454902 0.9982314494 0.9451749327 0.6570549789 1.0000000000
0.458824 0.9983852364 0.9499423299 0.6650519031 1.0000000000
0.462745 0.9985390235 0.9547097270 0.6730488274 1.0000000000
0.466667 0.9986928105 0.9594771242 0.6810457516 1.0000000000
0.470588 0.9988465975 0.9642445213 0.6890426759 1.0000000000
0.474510 0.9990003845 0.9690119185 0.6970396002 1.0000000000
0.478431 0.9991541715 0.9737793156 0.7050365244 1.0000000000
0.482353 0.9993079585 0.9785467128 0.7130334487 1.0000000000
0.486275 0.9994617455 0.9833141100 0.7210303729 1.0000000000
0.490196 0.9996155325 0.9880815071 0.7290272972 1.0000000000
0.494118 0.9997693195 0.9928489043 0.7370242215 1.0000000000
0.498039 0.9999231065 0.9976163014 0.7450211457 1.0000000000
0.501961 0.9970780469 0.9987697040 0.7450211457 1.0000000000
0.505882 0.9912341407 0.9963091119 0.7370242215 1.0000000000
0.509804 0.9853902345 0.9938485198 0.7290272972 1.0000000000
0.513725 0.9795463283 0.9913879277 0.7210303729 1.0000000000
0.517647 0.9737024221 0.9889273356 0.7130334487 1.0000000000
0.521569 0.9678585160 0.9864667436 0.7050365244 1.0000000000
0.525490 0.9620146098 0.9840061515 0.6970396002 1.0000000000
0.529412 0.9561707036 0.9815455594 0.6890426759 1.0000000000
0.533333 0.9503267974 0.9790849673 0.6810457516 1.0000000000
0.537255 0.9444828912 0.9766243752 0.6730488274 1.0000000000
0.541176 0.9386389850 0.9741637832 0.6650519031 1.0000000000
0.545098 0.9327950788 0.9717031911 0.6570549789 1.0000000000
0.549020 0.9269511726 0.9692425990 0.6490580546 1.0000000000
0.552941 0.9211072664 0.9667820069 0.6410611303 1.0000000000
0.556863 0.9152633602 0.9643214148 0.6330642061 1.0000000000
0.560784 0.9094194541 0.9618608228 0.6250672818 1.0000000000
0.564706 0.9035755479 0.9594002307 0.6170703576 1.0000000000
0.568627 0.8977316417 0.9569396386 0.6090734333 1.0000000000
0.572549 0.8918877355 0.9544790465 0.6010765090 1.0000000000
0.576471 0.8860438293 0.9520184544 0.5930795848 1.0000000000
0.580392 0.8801999231 0.9495578624 0.5850826605 1.0000000000
0.584314 0.8743560169 0.9470972703 0.5770857363 1.0000000000
0.588235 0.8685121107 0.9446366782 0.5690888120 1.0000000000
0.592157 0.8626682045 0.9421760861 0.5610918877 1.0000000000
0.596078 0.8568242983 0.9397154940 0.5530949635 1.0000000000
0.600000 0.8509803922 0.9372549020 0.5450980392 1.0000000000
0.603922 0.8431372549 0.9338715879 0.5400230681 1.0000000000
0.607843 0.8352941176 0.9304882737 0.5349480969 1.0000000000
0.611765 0.8274509804 0.9271049596 0.5298731257 1.0000000000
0.615686 0.8196078431 0.9237216455 0.5247981546 1.0000000000
0.619608 0.8117647059 0.9203383314 0.5197231834 1.0000000000
0.623529 0.8039215686 0.9169550173 0.5146482122 1.0000000000
0.627451 0.7960784314 0.9135717032 0.5095732411 1.0000000000
0.631373 0.7882352941 0.9101883891 0.5044982699 1.0000000000
0.635294 0.7803921569 0.9068050750 0.4994232987 1.0000000000
0.639216 0.7725490196 0.9034217609 0.4943483276 1.0000000000
0.643137 0.7647058824 0.9000384468 0.4892733564 1.0000000000
0.647059 0.7568627451 0.8966551326 0.4841983852 1.0000000000
0.650980 0.7490196078 0.8932718185 0.4791234141 1.0000000000
0.654902 0.7411764706 0.8898885044 0.4740484429 1.0000000000
0.658824 0.7333333333 0.8865051903 0.4689734717 1.0000000000
0.662745 0.7254901961 0.8831218762 0.4638985006 1.0000000000
0.666667 0.7176470588 0.8797385621 0.4588235294 1.0000000000
0.670588 0.7098039216 0.8763552480 0.4537485582 1.0000000000
0.674510 0.7019607843 0.8729719339 0.4486735871 1.0000000000
0.678431 0.6941176471 0.8695886198 0.4435986159 1.0000000000
0.682353 0.6862745098 0.8662053057 0.4385236448 1.0000000000
0.686275 0.6784313725 0.8628219915 0.4334486736 1.0000000000
0.690196 0.6705882353 0.8594386774 0.4283737024 1.0000000000
0.694118 0.6627450980 0.8560553633 0.4232987313 1.0000000000
0.698039 0.6549019608 0.8526720492 0.4182237601 1.0000000000
0.701961 0.6460592080 0.8488273741 0.4151480200 1.0000000000
0.705882 0.6362168397 0.8445213379 0.4140715110 1.0000000000
0.709804 0.6263744714 0.8402153018 0.4129950019 1.0000000000
0.713725 0.6165321030 0.8359092657 0.4119184929 1.0000000000
0.717647 0.6066897347 0.8316032295 0.4108419839 1.0000000000
0.721569 0.5968473664 0.8272971934 0.4097654748 1.0000000000
0.725490 0.5870049981 0.8229911572 0.4086889658 1.0000000000
0.729412 0.5771626298 0.8186851211 0.4076124567 1.0000000000
0.733333 0.5673202614 0.8143790850 0.4065359477 1.0000000000
0.737255 0.5574778931 0.8100730488 0.4054594387 1.0000000000
0.741176 0.5476355248 0.8057670127 0.4043829296 1.0000000000
0.745098 0.5377931565 0.8014609765 0.4033064206 1.0000000000
0.749020 0.5279507882 0.7971549404 0.4022299116 1.0000000000
0.752941 0.5181084198 0.7928489043 0.4011534025 1.0000000000
0.756863 0.5082660515 0.7885428681 0.4000768935 1.0000000000
0.760784 0.4984236832 0.7842368320 0.3990003845 1.0000000000
0.764706 0.4885813149 0.7799307958 0.3979238754 1.0000000000
0.768627 0.4787389466 0.7756247597 0.3968473664 1.0000000000
0.772549 0.4688965782 0.7713187236 0.3957708574 1.0000000000
0.776471 0.4590542099 0.7670126874 0.3946943483 1.0000000000
0.780392 0.4492118416 0.7627066513 0.3936178393 1.0000000000
0.784314 0.4393694733 0.7584006151 0.3925413303 1.0000000000
0.788235 0.4295271050 0.7540945790 0.3914648212 1.0000000000
0.792157 0.4196847366 0.7497885429 0.3903883122 1.0000000000
0.796078 0.4098423683 0.7454825067 0.3893118032 1.0000000000
0.800000 0.4000000000 0.7411764706 0.3882352941 1.0000000000
0.803922 0.3883121876 0.7354863514 0.3853133410 1.0000000000
0.807843 0.3766243752 0.7297962322 0.3823913879 1.0000000000
0.811765 0.3649365629 0.7241061130 0.3794694348 1.0000000000
0.815686 0.3532487505 0.7184159938 0.3765474817 1.0000000000
0.819608 0.3415609381 0.7127258747 0.3736255286 1.0000000000
0.823529 0.3298731257 0.7070357555 0.3707035755 1.0000000000
0.827451 0.3181853133 0.7013456363 0.3677816225 1.0000000000
0.831373 0.3064975010 0.6956555171 0.3648596694 1.0000000000
0.835294 0.2948096886 0.6899653979 0.3619377163 1.0000000000
0.839216 0.2831218762 0.6842752787 0.3590157632 1.0000000000
0.843137 0.2714340638 0.6785851596 0.3560938101 1.0000000000
0.847059 0.2597462514 0.6728950404 0.3531718570 1.0000000000
0.850980 0.2480584391 0.6672049212 0.3502499039 1.0000000000
0.854902 0.2363706267 0.6615148020 0.3473279508 1.0000000000
0.858824 0.2246828143 0.6558246828 0.3444059977 1.0000000000
0.862745 0.2129950019 0.6501345636 0.3414840446 1.0000000000
0.866667 0.2013071895 0.6444444444 0.3385620915 1.0000000000
0.870588 0.1896193772 0.6387543253 0.3356401384 1.0000000000
0.874510 0.1779315648 0.6330642061 0.3327181853 1.0000000000
0.878431 0.1662437524 0.6273740869 0.3297962322 1.0000000000
0.882353 0.1545559400 0.6216839677 0.3268742791 1.0000000000
0.886275 0.1428681276 0.6159938485 0.3239523260 1.0000000000
0.890196 0.1311803153 0.6103037293 0.3210303729 1.0000000000
0.894118 0.1194925029 0.6046136101 0.3181084198 1.0000000000
0.898039 0.1078046905 0.5989234910 0.3151864667 1.0000000000
0.901961 0.0999615532 0.5923875433 0.3118031526 1.0000000000
0.905882 0.0959630911 0.5850057670 0.3079584775 1.0000000000
0.909804 0.0919646290 0.5776239908 0.3041138024 1.0000000000
0.913725 0.0879661669 0.5702422145 0.3002691273 1.0000000000
0.917647 0.0839677047 0.5628604383 0.2964244521 1.0000000000
0.921569 0.0799692426 0.5554786621 0.2925797770 1.0000000000
0.925490 0.0759707805 0.5480968858 0.2887351019 1.0000000000
0.929412 0.0719723183 0.5407151096 0.2848904268 1.0000000000
0.933333 0.0679738562 0.5333333333 0.2810457516 1.0000000000
0.937255 0.0639753941 0.5259515571 0.2772010765 1.0000000000
0.941176 0.0599769319 0.5185697809 0.2733564014 1.0000000000
0.945098 0.0559784698 0.5111880046 0.2695117263 1.0000000000
0.949020 0.0519800077 0.5038062284 0.2656670511 1.0000000000
0.952941 0.0479815456 0.4964244521 0.2618223760 1.0000000000
0.956863 0.0439830834 0.4890426759 0.2579777009 1.0000000000
0.960784 0.0399846213 0.4816608997 0.2541330258 1.0000000000
0.964706 0.0359861592 0.4742791234 0.2502883506 1.0000000000
0.968627 0.0319876970 0.4668973472 0.2464436755 1.0000000000
0.972549 0.0279892349 0.4595155709 0.2425990004 1.0000000000
0.976471 0.0239907728 0.4521337947 0.2387543253 1.0000000000
0.980392 0.0199923106 0.4447520185 0.2349096501 1.0000000000
0.984314 0.0159938485 0.4373702422 0.2310649750 1.0000000000
0.988235 0.0119953864 0.4299884660 0.2272202999 1.0000000000
0.992157 0.0079969243 0.4226066897 0.2233756248 1.0000000000
0.996078 0.0039984621 0.4152249135 0.2195309496 1.0000000000
1.000000 0.0000000000 0.4078431373 0.2156862745 1.0000000000
