0.000000 0.1921568627 0.2117647059 0.5843137255 1.0000000000
0.003922 0.1952326028 0.2214532872 0.5890811226 1.0000000000
0.007843 0.1983083429 0.2311418685 0.5938485198 1.0000000000
0.011765 0.2013840830 0.2408304498 0.5986159170 1.0000000000
0.015686 0.2044598231 0.2505190311 0.6033833141 1.0000000000
0.019608 0.2075355632 0.2602076125 0.6081507113 1.0000000000
0.023529 0.2106113033 0.2698961938 0.6129181084 1.0000000000
0.027451 0.2136870434 0.2795847751 0.6176855056 1.0000000000
0.031373 0.2167627835 0.2892733564 0.6224529027 1.0000000000
0.035294 0.2198385236 0.2989619377 0.6272202999 1.0000000000
0.039216 0.2229142637 0.3086505190 0.6319876970 1.0000000000
0.043137 0.2259900038 0.3183391003 0.6367550942 1.0000000000
0.047059 0.2290657439 0.3280276817 0.6415224913 1.0000000000
0.050980 0.2321414840 0.3377162630 0.6462898885 1.0000000000
0.054902 0.2352172241 0.3474048443 0.6510572857 1.0000000000
0.058824 0.2382929642 0.3570934256 0.6558246828 1.0000000000
0.062745 0.2413687043 0.3667820069 0.6605920800 1.0000000000
0.066667 0.2444444444 0.3764705882 0.6653594771 1.0000000000
0.070588 0.2475201845 0.3861591696 0.6701268743 1.0000000000
0.074510 0.2505959246 0.3958477509 0.6748942714 1.0000000000
0.078431 0.2536716647 0.4055363322 0.6796616686 1.0000000000
0.082353 0.2567474048 0.4152249135 0.6844290657 1.0000000000
0.086275 0.2598231449 0.4249134948 0.6891964629 1.0000000000
0.090196 0.2628988850 0.4346020761 0.6939638601 1.0000000000
0.094118 0.2659746251 0.4442906574 0.6987312572 1.0000000000
0.098039 0.2690503652 0.4539792388 0.7034986544 1.0000000000
0.101961 0.2742022299 0.4631295656 0.7081122645 1.0000000000
0.105882 0.2814302191 0.4717416378 0.7125720877 1.0000000000
0.109804 0.2886582084 0.4803537101 0.7170319108 1.0000000000
0.113725 0.2958861976 0.4889657824 0.7214917339 1.0000000000
0.117647 0.3031141869 0.4975778547 0.7259515571 1.0000000000
0.121569 0.3103421761 0.5061899270 0.7304113802 1.0000000000
0.125490 0.3175701653 0.5148019992 0.7348712034 1.0000000000
0.129412 0.3247981546 0.5234140715 0.7393310265 1.0000000000
0.133333 0.3320261438 0.5320261438 0.7437908497 1.0000000000
0.137255 0.3392541330 0.5406382161 0.7482506728 1.0000000000
0.141176 0.3464821223 0.5492502884 0.7527104960 1.0000000000
0.145098 0.3537101115 0.5578623606 0.7571703191 1.0000000000
0.149020 0.3609381007 0.5664744329 0.7616301423 1.0000000000
0.152941 0.3681660900 0.5750865052 0.7660899654 1.0000000000
0.156863 0.3753940792 0.5836985775 0.7705497885 1.0000000000
0.160784 0.3826220684 0.5923106498 0.7750096117 1.0000000000
0.164706 0.3898500577 0.6009227220 0.7794694348 1.0000000000
0.168627 0.3970780469 0.6095347943 0.7839292580 1.0000000000
0.172549 0.4043060361 0.6181468666 0.7883890811 1.0000000000
0.176471 0.4115340254 0.6267589389 0.7928489043 1.0000000000
0.180392 0.4187620146 0.6353710111 0.7973087274 1.0000000000
0.184314 0.4259900038 0.6439830834 0.8017685506 1.0000000000
0.188235 0.4332179931 0.6525951557 0.8062283737 1.0000000000
0.192157 0.4404459823 0.6612072280 0.8106881968 1.0000000000
0.196078 0.4476739715 0.6698193003 0.8151480200 1.0000000000
0.200000 0.4549019608 0.6784313725 0.8196078431 1.0000000000
0.203922 0.4633602461 0.6851980008 0.8232987313 1.0000000000
0.207843 0.4718185313 0.6919646290 0.8269896194 1.0000000000
0.211765 0.4802768166 0.6987312572 0.8306805075 1.0000000000
0.215686 0.4887351019 0.7054978854 0.8343713956 1.0000000000
0.219608 0.4971933872 0.7122645136 0.8380622837 1.0000000000
0.223529 0.5056516724 0.7190311419 0.8417531719 1.0000000000
0.227451 0.5141099577 0.7257977701 0.8454440600 1.0000000000
0.231373 0.5225682430 0.7325643983 0.8491349481 1.0000000000
0.235294 0.5310265283 0.7393310265 0.8528258362 1.0000000000
0.239216 0.5394848135 0.7460976547 0.8565167243 1.0000000000
0.243137 0.5479430988 0.7528642830 0.8602076125 1.0000000000
0.247059 0.5564013841 0.7596309112 0.8638985006 1.0000000000
0.250980 0.5648596694 0.7663975394 0.8675893887 1.0000000000
0.254902 0.5733179546 0.7731641676 0.8712802768 1.0000000000
0.258824 0.5817762399 0.7799307958 0.8749711649 1.0000000000
0.262745 0.5902345252 0.7866974241 0.8786620531 1.0000000000
0.266667 0.5986928105 0.7934640523 0.8823529412 1.0000000000
0.270588 0.6071510957 0.8002306805 0.8860438293 1.0000000000
0.274510 0.6156093810 0.8069973087 0.8897347174 1.0000000000
0.278431 0.6240676663 0.8137639369 0.8934256055 1.0000000000
0.282353 0.6325259516 0.8205305652 0.8971164937 1.0000000000
0.286275 0.6409842368 0.8272971934 0.9008073818 1.0000000000
0.290196 0.6494425221 0.8340638216 0.9044982699 1.0000000000
0.294118 0.6579008074 0.8408304498 0.9081891580 1.0000000000
0.298039 0.6663590927 0.8475970780 0.9118800461 1.0000000000
0.301961 0.6746635909 0.8529796232 0.9148788927 1.0000000000
0.305882 0.6828143022 0.8569780854 0.9171856978 1.0000000000
0.309804 0.6909650135 0.8609765475 0.9194925029 1.0000000000
0.313725 0.6991157247 0.8649750096 0.9217993080 1.0000000000
0.317647 0.7072664360 0.8689734717 0.9241061130 1.0000000000
0.321569 0.7154171473 0.8729719339 0.9264129181 1.0000000000
0.325490 0.7235678585 0.8769703960 0.9287197232 1.0000000000
0.329412 0.7317185698 0.8809688581 0.9310265283 1.0000000000
0.333333 0.7398692810 0.8849673203 0.9333333333 1.0000000000
0.337255 0.7480199923 0.8889657824 0.9356401384 1.0000000000
0.341176 0.7561707036 0.8929642445 0.9379469435 1.0000000000
0.345098 0.7643214148 0.8969627067 0.9402537486 1.0000000000
0.349020 0.7724721261 0.9009611688 0.9425605536 1.0000000000
0.352941 0.7806228374 0.9049596309 0.9448673587 1.0000000000
0.356863 0.7887735486 0.9089580930 0.9471741638 1.0000000000
0.360784 0.7969242599 0.9129565552 0.9494809689 1.0000000000
0.364706 0.8050749712 0.9169550173 0.9517877739 1.0000000000
0.368627 0.8132256824 0.9209534794 0.9540945790 1.0000000000
0.372549 0.8213763937 0.9249519416 0.9564013841 1.0000000000
0.376471 0.8295271050 0.9289504037 0.9587081892 1.0000000000
0.380392 0.8376778162 0.9329488658 0.9610149942 1.0000000000
0.384314 0.8458285275 0.9369473280 0.9633217993 1.0000000000
0.388235 0.8539792388 0.9409457901 0.9656286044 1.0000000000
0.392157 0.8621299500 0.9449442522 0.9679354095 1.0000000000
0.396078 0.8702806613 0.9489427143 0.9702422145 1.0000000000
0.400000 0.8784313725 0.9529411765 0.9725490196 1.0000000000
0.403922 0.8831987697 0.9547866205 0.9637831603 1.0000000000
0.407843 0.8879661669 0.9566320646 0.9550173010 1.0000000000
0.411765 0.8927335640 0.9584775087 0.9462514418 1.0000000000
0.415686 0.8975009612 0.9603229527 0.9374855825 1.0000000000
0.419608 0.9022683583 0.9621683968 0.9287197232 1.0000000000
0.423529 0.9070357555 0.9640138408 0.9199538639 1.0000000000
0.427451 0.9118031526 0.9658592849 0.9111880046 1.0000000000
0.431373 0.9165705498 0.9677047290 0.9024221453 1.0000000000
0.435294 0.9213379469 0.9695501730 0.8936562860 1.0000000000
0.439216 0.9261053441 0.9713956171 0.8848904268 1.0000000000
0.443137 0.9308727413 0.9732410611 0.8761245675 1.0000000000
0.447059 0.9356401384 0.9750865052 0.8673587082 1.0000000000
0.450980 0.9404075356 0.9769319493 0.8585928489 1.0000000000
0.454902 0.9451749327 0.9787773933 0.8498269896 1.0000000000
0.458824 0.9499423299 0.9806228374 0.8410611303 1.0000000000
0.462745 0.9547097270 0.9824682814 0.8322952710 1.0000000000
0.466667 0.9594771242 0.9843137255 0.8235294118 1.0000000000
0.470588 0.9642445213 0.9861591696 0.8147635525 1.0000000000
0.474510 0.9690119185 0.9880046136 0.8059976932 1.0000000000
0.478431 0.9737793156 0.9898500577 0.7972318339 1.0000000000
0.482353 0.9785467128 0.9916955017 0.7884659746 1.0000000000
0.486275 0.9833141100 0.9935409458 0.7797001153 1.0000000000
0.490196 0.9880815071 0.9953863899 0.7709342561 1.0000000000
0.494118 0.9928489043 0.9972318339 0.7621683968 1.0000000000
0.498039 0.9976163014 0.9990772780 0.7534025375 1.0000000000
0.501961 0.9999231065 0.9976163014 0.7454056132 1.0000000000
0.505882 0.9997693195 0.9928489043 0.7381776240 1.0000000000
0.509804 0.9996155325 0.9880815071 0.7309496348 1.0000000000
0.513725 0.9994617455 0.9833141100 0.7237216455 1.0000000000
0.517647 0.9993079585 0.9785467128 0.7164936563 1.0000000000
0.521569 0.9991541715 0.9737793156 0.7092656671 1.0000000000
0.525490 0.9990003845 0.9690119185 0.7020376778 1.0000000000
0.529412 0.9988465975 0.9642445213 0.6948096886 1.0000000000
0.533333 0.9986928105 0.9594771242 0.6875816993 1.0000000000
0.537255 0.9985390235 0.9547097270 0.6803537101 1.0000000000
0.541176 0.9983852364 0.9499423299 0.6731257209 1.0000000000
0.545098 0.9982314494 0.9451749327 0.6658977316 1.0000000000
0.549020 0.9980776624 0.9404075356 0.6586697424 1.0000000000
0.552941 0.9979238754 0.9356401384 0.6514417532 1.0000000000
0.556863 0.9977700884 0.9308727413 0.6442137639 1.0000000000
0.560784 0.9976163014 0.9261053441 0.6369857747 1.0000000000
0.564706 0.9974625144 0.9213379469 0.6297577855 1.0000000000
0.568627 0.9973087274 0.9165705498 0.6225297962 1.0000000000
0.572549 0.9971549404 0.9118031526 0.6153018070 1.0000000000
0.576471 0.9970011534 0.9070357555 0.6080738178 1.0000000000
0.580392 0.9968473664 0.9022683583 0.6008458285 1.0000000000
0.584314 0.9966935794 0.8975009612 0.5936178393 1.0000000000
0.588235 0.9965397924 0.8927335640 0.5863898501 1.0000000000
0.592157 0.9963860054 0.8879661669 0.5791618608 1.0000000000
0.596078 0.9962322184 0.8831987697 0.5719338716 1.0000000000
0.600000 0.9960784314 0.8784313725 0.5647058824 1.0000000000
0.603922 0.9959246444 0.8707420223 0.5574778931 1.0000000000
0.607843 0.9957708574 0.8630526720 0.5502499039 1.0000000000
0.611765 0.9956170704 0.8553633218 0.5430219146 1.0000000000
0.615686 0.9954632834 0.8476739715 0.5357939254 1.0000000000
0.619608 0.9953094963 0.8399846213 0.5285659362 1.0000000000
0.623529 0.9951557093 0.8322952710 0.5213379469 1.0000000000
0.627451 0.9950019223 0.8246059208 0.5141099577 1.0000000000
0.631373 0.9948481353 0.8169165705 0.5068819685 1.0000000000
0.635294 0.9946943483 0.8092272203 0.4996539792 1.0000000000
0.639216 0.9945405613 0.8015378700 0.4924259900 1.0000000000
0.643137 0.9943867743 0.7938485198 0.4851980008 1.0000000000
0.647059 0.9942329873 0.7861591696 0.4779700115 1.0000000000
0.650980 0.9940792003 0.7784698193 0.4707420223 1.0000000000
0.654902 0.9939254133 0.7707804691 0.4635140331 1.0000000000
0.658824 0.9937716263 0.7630911188 0.4562860438 1.0000000000
0.662745 0.9936178393 0.7554017686 0.4490580546 1.0000000000
0.666667 0.9934640523 0.7477124183 0.4418300654 1.0000000000
0.670588 0.9933102653 0.7400230681 0.4346020761 1.0000000000
0.674510 0.9931564783 0.7323337178 0.4273740869 1.0000000000
0.678431 0.9930026913 0.7246443676 0.4201460977 1.0000000000
0.682353 0.9928489043 0.7169550173 0.4129181084 1.0000000000
0.686275 0.9926951173 0.7092656671 0.4056901192 1.0000000000
0.690196 0.9925413303 0.7015763168 0.3984621300 1.0000000000
0.694118 0.9923875433 0.6938869666 0.3912341407 1.0000000000
0.698039 0.9922337562 0.6861976163 0.3840061515 1.0000000000
0.701961 0.9914648212 0.6773548635 0.3780853518 1.0000000000
0.705882 0.9900807382 0.6673587082 0.3734717416 1.0000000000
0.709804 0.9886966551 0.6573625529 0.3688581315 1.0000000000
0.713725 0.9873125721 0.6473663975 0.3642445213 1.0000000000
0.717647 0.9859284890 0.6373702422 0.3596309112 1.0000000000
0.721569 0.9845444060 0.6273740869 0.3550173010 1.0000000000
0.725490 0.9831603230 0.6173779316 0.3504036909 1.0000000000
0.729412 0.9817762399 0.6073817762 0.3457900807 1.0000000000
0.733333 0.9803921569 0.5973856209 0.3411764706 1.0000000000
0.737255 0.9790080738 0.5873894656 0.3365628604 1.0000000000
0.741176 0.9776239908 0.5773933103 0.3319492503 1.0000000000
0.745098 0.9762399077 0.5673971549 0.3273356401 1.0000000000
0.749020 0.9748558247 0.5574009996 0.3227220300 1.0000000000
0.752941 0.9734717416 0.5474048443 0.3181084198 1.0000000000
0.756863 0.9720876586 0.5374086890 0.3134948097 1.0000000000
0.760784 0.9707035755 0.5274125336 0.3088811995 1.0000000000
0.764706 0.9693194925 0.5174163783 0.3042675894 1.0000000000
0.768627 0.9679354095 0.5074202230 0.2996539792 1.0000000000
0.772549 0.9665513264 0.4974240677 0.2950403691 1.0000000000
0.776471 0.9651672434 0.4874279123 0.2904267589 1.0000000000
0.780392 0.9637831603 0.4774317570 0.2858131488 1.0000000000
0.784314 0.9623990773 0.4674356017 0.2811995386 1.0000000000
0.788235 0.9610149942 0.4574394464 0.2765859285 1.0000000000
0.792157 0.9596309112 0.4474432910 0.2719723183 1.0000000000
0.796078 0.9582468281 0.4374471357 0.2673587082 1.0000000000
0.800000 0.9568627451 0.4274509804 0.2627450980 1.0000000000
0.803922 0.9524029220 0.4180699731 0.2584390619 1.0000000000
0.807843 0.9479430988 0.4086889658 0.2541330258 1.0000000000
0.811765 0.9434832757 0.3993079585 0.2498269896 1.0000000000
0.815686 0.9390234525 0.3899269512 0.2455209535 1.0000000000
0.819608 0.9345636294 0.3805459439 0.2412149173 1.0000000000
0.823529 0.9301038062 0.3711649366 0.2369088812 1.0000000000
0.827451 0.9256439831 0.3617839293 0.2326028451 1.0000000000
0.831373 0.9211841599 0.3524029220 0.2282968089 1.0000000000
0.835294 0.9167243368 0.3430219146 0.2239907728 1.0000000000
0.839216 0.9122645136 0.3336409073 0.2196847366 1.0000000000
0.843137 0.9078046905 0.3242599000 0.2153787005 1.0000000000
0.847059 0.9033448674 0.3148788927 0.2110726644 1.0000000000
0.850980 0.8988850442 0.3054978854 0.2067666282 1.0000000000
0.854902 0.8944252211 0.2961168781 0.2024605921 1.0000000000
0.858824 0.8899653979 0.2867358708 0.1981545559 1.0000000000
0.862745 0.8855055748 0.2773548635 0.1938485198 1.0000000000
0.866667 0.8810457516 0.2679738562 0.1895424837 1.0000000000
0.870588 0.8765859285 0.2585928489 0.1852364475 1.0000000000
0.874510 0.8721261053 0.2492118416 0.1809304114 1.0000000000
0.878431 0.8676662822 0.2398308343 0.1766243752 1.0000000000
0.882353 0.8632064591 0.2304498270 0.1723183391 1.0000000000
0.886275 0.8587466359 0.2210688197 0.1680123030 1.0000000000
0.890196 0.8542868128 0.2116878124 0.1637062668 1.0000000000
0.894118 0.8498269896 0.2023068051 0.1594002307 1.0000000000
0.898039 0.8453671665 0.1929257978 0.1550941945 1.0000000000
0.901961 0.8392925798 0.1845444060 0.1528642830 1.0000000000
0.905882 0.8316032295 0.1771626298 0.1527104960 1.0000000000
0.909804 0.8239138793 0.1697808535 0.1525567090 1.0000000000
0.913725 0.8162245290 0.1623990773 0.1524029220 1.0000000000
0.917647 0.8085351788 0.1550173010 0.1522491349 1.0000000000
0.921569 0.8008458285 0.1476355248 0.1520953479 1.0000000000
0.925490 0.7931564783 0.1402537486 0.1519415609 1.0000000000
0.929412 0.7854671280 0.1328719723 0.1517877739 1.0000000000
0.933333 0.7777777778 0.1254901961 0.1516339869 1.0000000000
0.937255 0.7700884275 0.1181084198 0.1514801999 1.0000000000
0.941176 0.7623990773 0.1107266436 0.1513264129 1.0000000000
0.945098 0.7547097270 0.1033448674 0.1511726259 1.0000000000
0.949020 0.7470203768 0.0959630911 0.1510188389 1.0000000000
0.952941 0.7393310265 0.0885813149 0.1508650519 1.0000000000
0.956863 0.7316416763 0.0811995386 0.1507112649 1.0000000000
0.960784 0.7239523260 0.0738177624 0.1505574779 1.0000000000
0.964706 0.7162629758 0.0664359862 0.1504036909 1.0000000000
0.968627 0.7085736255 0.0590542099 0.1502499039 1.0000000000
0.972549 0.7008842753 0.0516724337 0.1500961169 1.0000000000
0.976471 0.6931949250 0.0442906574 0.1499423299 1.0000000000
0.980392 0.6855055748 0.0369088812 0.1497885429 1.0000000000
0.984314 0.6778162245 0.0295271050 0.1496347559 1.0000000000
0.988235 0.6701268743 0.0221453287 0.1494809689 1.0000000000
0.992157 0.6624375240 0.0147635525 0.1493271819 1.0000000000
0.996078 0.6547481738 0.0073817762 0.1491733948 1.0000000000
1.000000 0.6470588235 0.0000000000 0.1490196078 1.0000000000
