0.000000 1.0000000000 0.9607843137 0.9411764706 1.0000000000
0.003922 0.9998769704 0.9582006920 0.9374855825 1.0000000000
0.007843 0.9997539408 0.9556170704 0.9337946943 1.0000000000
0.011765 0.9996309112 0.9530334487 0.9301038062 1.0000000000
0.015686 0.9995078816 0.9504498270 0.9264129181 1.0000000000
0.019608 0.9993848520 0.9478662053 0.9227220300 1.0000000000
0.023529 0.9992618224 0.9452825836 0.9190311419 1.0000000000
0.027451 0.9991387928 0.9426989619 0.9153402537 1.0000000000
0.031373 0.9990157632 0.9401153403 0.9116493656 1.0000000000
0.035294 0.9988927336 0.9375317186 0.9079584775 1.0000000000
0.039216 0.9987697040 0.9349480969 0.9042675894 1.0000000000
0.043137 0.9986466744 0.9323644752 0.9005767013 1.0000000000
0.047059 0.9985236448 0.9297808535 0.8968858131 1.0000000000
0.050980 0.9984006151 0.9271972318 0.8931949250 1.0000000000
0.054902 0.9982775855 0.9246136101 0.8895040369 1.0000000000
0.058824 0.9981545559 0.9220299885 0.8858131488 1.0000000000
0.062745 0.9980315263 0.9194463668 0.8821222607 1.0000000000
0.066667 0.9979084967 0.9168627451 0.8784313725 1.0000000000
0.070588 0.9977854671 0.9142791234 0.8747404844 1.0000000000
0.074510 0.9976624375 0.9116955017 0.8710495963 1.0000000000
0.078431 0.9975394079 0.9091118800 0.8673587082 1.0000000000
0.082353 0.9974163783 0.9065282584 0.8636678201 1.0000000000
0.086275 0.9972933487 0.9039446367 0.8599769319 1.0000000000
0.090196 0.9971703191 0.9013610150 0.8562860438 1.0000000000
0.094118 0.9970472895 0.8987773933 0.8525951557 1.0000000000
0.098039 0.9969242599 0.8961937716 0.8489042676 1.0000000000
0.101961 0.9968012303 0.8936101499 0.8452133795 1.0000000000
0.105882 0.9966782007 0.8910265283 0.8415224913 1.0000000000
0.109804 0.9965551711 0.8884429066 0.8378316032 1.0000000000
0.113725 0.9964321415 0.8858592849 0.8341407151 1.0000000000
0.117647 0.9963091119 0.8832756632 0.8304498270 1.0000000000
0.121569 0.9961860823 0.8806920415 0.8267589389 1.0000000000
0.125490 0.9960476740 0.8778623606 0.8227758554 1.0000000000
0.129412 0.9958016148 0.8733102653 0.8167474048 1.0000000000
0.133333 0.9955555556 0.8687581699 0.8107189542 1.0000000000
0.137255 0.9953094963 0.8642060746 0.8046905037 1.0000000000
0.141176 0.9950634371 0.8596539792 0.7986620531 1.0000000000
0.145098 0.9948173779 0.8551018839 0.7926336025 1.0000000000
0.149020 0.9945713187 0.8505497885 0.7866051519 1.0000000000
0.152941 0.9943252595 0.8459976932 0.7805767013 1.0000000000
0.156863 0.9940792003 0.8414455978 0.7745482507 1.0000000000
0.160784 0.9938331411 0.8368935025 0.7685198001 1.0000000000
0.164706 0.9935870819 0.8323414072 0.7624913495 1.0000000000
0.168627 0.9933410227 0.8277893118 0.7564628989 1.0000000000
0.172549 0.9930949635 0.8232372165 0.7504344483 1.0000000000
0.176471 0.9928489043 0.8186851211 0.7444059977 1.0000000000
0.180392 0.9926028451 0.8141330258 0.7383775471 1.0000000000
0.184314 0.9923567859 0.8095809304 0.7323490965 1.0000000000
0.188235 0.9921107266 0.8050288351 0.7263206459 1.0000000000
0.192157 0.9918646674 0.8004767397 0.7202921953 1.0000000000
0.196078 0.9916186082 0.7959246444 0.7142637447 1.0000000000
0.200000 0.9913725490 0.7913725490 0.7082352941 1.0000000000
0.203922 0.9911264898 0.7868204537 0.7022068435 1.0000000000
0.207843 0.9908804306 0.7822683583 0.6961783929 1.0000000000
0.211765 0.9906343714 0.7777162630 0.6901499423 1.0000000000
0.215686 0.9903883122 0.7731641676 0.6841214917 1.0000000000
0.219608 0.9901422530 0.7686120723 0.6780930411 1.0000000000
0.223529 0.9898961938 0.7640599769 0.6720645905 1.0000000000
0.227451 0.9896501346 0.7595078816 0.6660361399 1.0000000000
0.231373 0.9894040754 0.7549557862 0.6600076894 1.0000000000
0.235294 0.9891580161 0.7504036909 0.6539792388 1.0000000000
0.239216 0.9889119569 0.7458515955 0.6479507882 1.0000000000
0.243137 0.9886658977 0.7412995002 0.6419223376 1.0000000000
0.247059 0.9884198385 0.7367474048 0.6358938870 1.0000000000
0.250980 0.9882352941 0.7320722799 0.6299269512 1.0000000000
0.254902 0.9882352941 0.7270280661 0.6241445598 1.0000000000
0.258824 0.9882352941 0.7219838524 0.6183621684 1.0000000000
0.262745 0.9882352941 0.7169396386 0.6125797770 1.0000000000
0.266667 0.9882352941 0.7118954248 0.6067973856 1.0000000000
0.270588 0.9882352941 0.7068512111 0.6010149942 1.0000000000
0.274510 0.9882352941 0.7018069973 0.5952326028 1.0000000000
0.278431 0.9882352941 0.6967627835 0.5894502115 1.0000000000
0.282353 0.9882352941 0.6917185698 0.5836678201 1.0000000000
0.286275 0.9882352941 0.6866743560 0.5778854287 1.0000000000
0.290196 0.9882352941 0.6816301423 0.5721030373 1.0000000000
0.294118 0.9882352941 0.6765859285 0.5663206459 1.0000000000
0.298039 0.9882352941 0.6715417147 0.5605382545 1.0000000000
0.301961 0.9882352941 0.6664975010 0.5547558631 1.0000000000
0.305882 0.9882352941 0.6614532872 0.5489734717 1.0000000000
0.309804 0.9882352941 0.6564090734 0.5431910804 1.0000000000
0.313725 0.9882352941 0.6513648597 0.5374086890 1.0000000000
0.317647 0.9882352941 0.6463206459 0.5316262976 1.0000000000
0.321569 0.9882352941 0.6412764321 0.5258439062 1.0000000000
0.325490 0.9882352941 0.6362322184 0.5200615148 1.0000000000
0.329412 0.9882352941 0.6311880046 0.5142791234 1.0000000000
0.333333 0.9882352941 0.6261437908 0.5084967320 1.0000000000
0.337255 0.9882352941 0.6210995771 0.5027143406 1.0000000000
0.341176 0.9882352941 0.6160553633 0.4969319493 1.0000000000
0.345098 0.9882352941 0.6110111496 0.4911495579 1.0000000000
0.349020 0.9882352941 0.6059669358 0.4853671665 1.0000000000
0.352941 0.9882352941 0.6009227220 0.4795847751 1.0000000000
0.356863 0.9882352941 0.5958785083 0.4738023837 1.0000000000
0.360784 0.9882352941 0.5908342945 0.4680199923 1.0000000000
0.364706 0.9882352941 0.5857900807 0.4622376009 1.0000000000
0.368627 0.9882352941 0.5807458670 0.4564552095 1.0000000000
0.372549 0.9882352941 0.5757016532 0.4506728181 1.0000000000
0.376471 0.9881891580 0.5707035755 0.4452133795 1.0000000000
0.380392 0.9880661284 0.5657823914 0.4402921953 1.0000000000
0.384314 0.9879430988 0.5608612072 0.4353710111 1.0000000000
0.388235 0.9878200692 0.5559400231 0.4304498270 1.0000000000
0.392157 0.9876970396 0.5510188389 0.4255286428 1.0000000000
0.396078 0.9875740100 0.5460976547 0.4206074587 1.0000000000
0.400000 0.9874509804 0.5411764706 0.4156862745 1.0000000000
0.403922 0.9873279508 0.5362552864 0.4107650903 1.0000000000
0.407843 0.9872049212 0.5313341023 0.4058439062 1.0000000000
0.411765 0.9870818916 0.5264129181 0.4009227220 1.0000000000
0.415686 0.9869588620 0.5214917339 0.3960015379 1.0000000000
0.419608 0.9868358324 0.5165705498 0.3910803537 1.0000000000
0.423529 0.9867128028 0.5116493656 0.3861591696 1.0000000000
0.427451 0.9865897732 0.5067281815 0.3812379854 1.0000000000
0.431373 0.9864667436 0.5018069973 0.3763168012 1.0000000000
0.435294 0.9863437140 0.4968858131 0.3713956171 1.0000000000
0.439216 0.9862206844 0.4919646290 0.3664744329 1.0000000000
0.443137 0.9860976547 0.4870434448 0.3615532488 1.0000000000
0.447059 0.9859746251 0.4821222607 0.3566320646 1.0000000000
0.450980 0.9858515955 0.4772010765 0.3517108804 1.0000000000
0.454902 0.9857285659 0.4722798923 0.3467896963 1.0000000000
0.458824 0.9856055363 0.4673587082 0.3418685121 1.0000000000
0.462745 0.9854825067 0.4624375240 0.3369473280 1.0000000000
0.466667 0.9853594771 0.4575163399 0.3320261438 1.0000000000
0.470588 0.9852364475 0.4525951557 0.3271049596 1.0000000000
0.474510 0.9851134179 0.4476739715 0.3221837755 1.0000000000
0.478431 0.9849903883 0.4427527874 0.3172625913 1.0000000000
0.482353 0.9848673587 0.4378316032 0.3123414072 1.0000000000
0.486275 0.9847443291 0.4329104191 0.3074202230 1.0000000000
0.490196 0.9846212995 0.4279892349 0.3024990388 1.0000000000
0.494118 0.9844982699 0.4230680507 0.2975778547 1.0000000000
0.498039 0.9843752403 0.4181468666 0.2926566705 1.0000000000
0.501961 0.9835755479 0.4127950788 0.2883506344 1.0000000000
0.505882 0.9820991926 0.4070126874 0.2846597463 1.0000000000
0.509804 0.9806228374 0.4012302960 0.2809688581 1.0000000000
0.513725 0.9791464821 0.3954479047 0.2772779700 1.0000000000
0.517647 0.9776701269 0.3896655133 0.2735870819 1.0000000000
0.521569 0.9761937716 0.3838831219 0.2698961938 1.0000000000
0.525490 0.9747174164 0.3781007305 0.2662053057 1.0000000000
0.529412 0.9732410611 0.3723183391 0.2625144175 1.0000000000
0.533333 0.9717647059 0.3665359477 0.2588235294 1.0000000000
0.537255 0.9702883506 0.3607535563 0.2551326413 1.0000000000
0.541176 0.9688119954 0.3549711649 0.2514417532 1.0000000000
0.545098 0.9673356401 0.3491887735 0.2477508651 1.0000000000
0.549020 0.9658592849 0.3434063822 0.2440599769 1.0000000000
0.552941 0.9643829296 0.3376239908 0.2403690888 1.0000000000
0.556863 0.9629065744 0.3318415994 0.2366782007 1.0000000000
0.560784 0.9614302191 0.3260592080 0.2329873126 1.0000000000
0.564706 0.9599538639 0.3202768166 0.2292964245 1.0000000000
0.568627 0.9584775087 0.3144944252 0.2256055363 1.0000000000
0.572549 0.9570011534 0.3087120338 0.2219146482 1.0000000000
0.576471 0.9555247982 0.3029296424 0.2182237601 1.0000000000
0.580392 0.9540484429 0.2971472511 0.2145328720 1.0000000000
0.584314 0.9525720877 0.2913648597 0.2108419839 1.0000000000
0.588235 0.9510957324 0.2855824683 0.2071510957 1.0000000000
0.592157 0.9496193772 0.2798000769 0.2034602076 1.0000000000
0.596078 0.9481430219 0.2740176855 0.1997693195 1.0000000000
0.600000 0.9466666667 0.2682352941 0.1960784314 1.0000000000
0.603922 0.9451903114 0.2624529027 0.1923875433 1.0000000000
0.607843 0.9437139562 0.2566705113 0.1886966551 1.0000000000
0.611765 0.9422376009 0.2508881200 0.1850057670 1.0000000000
0.615686 0.9407612457 0.2451057286 0.1813148789 1.0000000000
0.619608 0.9392848904 0.2393233372 0.1776239908 1.0000000000
0.623529 0.9378085352 0.2335409458 0.1739331027 1.0000000000
0.627451 0.9344867359 0.2286812764 0.1713956171 1.0000000000
0.631373 0.9300576701 0.2243752403 0.1695501730 1.0000000000
0.635294 0.9256286044 0.2200692042 0.1677047290 1.0000000000
0.639216 0.9211995386 0.2157631680 0.1658592849 1.0000000000
0.643137 0.9167704729 0.2114571319 0.1640138408 1.0000000000
0.647059 0.9123414072 0.2071510957 0.1621683968 1.0000000000
0.650980 0.9079123414 0.2028450596 0.1603229527 1.0000000000
0.654902 0.9034832757 0.1985390235 0.1584775087 1.0000000000
0.658824 0.8990542099 0.1942329873 0.1566320646 1.0000000000
0.662745 0.8946251442 0.1899269512 0.1547866205 1.0000000000
0.666667 0.8901960784 0.1856209150 0.1529411765 1.0000000000
0.670588 0.8857670127 0.1813148789 0.1510957324 1.0000000000
0.674510 0.8813379469 0.1770088428 0.1492502884 1.0000000000
0.678431 0.8769088812 0.1727028066 0.1474048443 1.0000000000
0.682353 0.8724798155 0.1683967705 0.1455594002 1.0000000000
0.686275 0.8680507497 0.1640907343 0.1437139562 1.0000000000
0.690196 0.8636216840 0.1597846982 0.1418685121 1.0000000000
0.694118 0.8591926182 0.1554786621 0.1400230681 1.0000000000
0.698039 0.8547635525 0.1511726259 0.1381776240 1.0000000000
0.701961 0.8503344867 0.1468665898 0.1363321799 1.0000000000
0.705882 0.8459054210 0.1425605536 0.1344867359 1.0000000000
0.709804 0.8414763552 0.1382545175 0.1326412918 1.0000000000
0.713725 0.8370472895 0.1339484814 0.1307958478 1.0000000000
0.717647 0.8326182238 0.1296424452 0.1289504037 1.0000000000
0.721569 0.8281891580 0.1253364091 0.1271049596 1.0000000000
0.725490 0.8237600923 0.1210303729 0.1252595156 1.0000000000
0.729412 0.8193310265 0.1167243368 0.1234140715 1.0000000000
0.733333 0.8149019608 0.1124183007 0.1215686275 1.0000000000
0.737255 0.8104728950 0.1081122645 0.1197231834 1.0000000000
0.741176 0.8060438293 0.1038062284 0.1178777393 1.0000000000
0.745098 0.8016147636 0.0995001922 0.1160322953 1.0000000000
0.749020 0.7971856978 0.0951941561 0.1141868512 1.0000000000
0.752941 0.7925720877 0.0932871972 0.1129873126 1.0000000000
0.756863 0.7878969627 0.0921799308 0.1120030757 1.0000000000
0.760784 0.7832218378 0.0910726644 0.1110188389 1.0000000000
0.764706 0.7785467128 0.0899653979 0.1100346021 1.0000000000
0.768627 0.7738715879 0.0888581315 0.1090503652 1.0000000000
0.772549 0.7691964629 0.0877508651 0.1080661284 1.0000000000
0.776471 0.7645213379 0.0866435986 0.1070818916 1.0000000000
0.780392 0.7598462130 0.0855363322 0.1060976547 1.0000000000
0.784314 0.7551710880 0.0844290657 0.1051134179 1.0000000000
0.788235 0.7504959631 0.0833217993 0.1041291811 1.0000000000
0.792157 0.7458208381 0.0822145329 0.1031449443 1.0000000000
0.796078 0.7411457132 0.0811072664 0.1021607074 1.0000000000
0.800000 0.7364705882 0.0800000000 0.1011764706 1.0000000000
0.803922 0.7317954633 0.0788927336 0.1001922338 1.0000000000
0.807843 0.7271203383 0.0777854671 0.0992079969 1.0000000000
0.811765 0.7224452134 0.0766782007 0.0982237601 1.0000000000
0.815686 0.7177700884 0.0755709343 0.0972395233 1.0000000000
0.819608 0.7130949635 0.0744636678 0.0962552864 1.0000000000
0.823529 0.7084198385 0.0733564014 0.0952710496 1.0000000000
0.827451 0.7037447136 0.0722491349 0.0942868128 1.0000000000
0.831373 0.6990695886 0.0711418685 0.0933025759 1.0000000000
0.835294 0.6943944637 0.0700346021 0.0923183391 1.0000000000
0.839216 0.6897193387 0.0689273356 0.0913341023 1.0000000000
0.843137 0.6850442138 0.0678200692 0.0903498654 1.0000000000
0.847059 0.6803690888 0.0667128028 0.0893656286 1.0000000000
0.850980 0.6756939639 0.0656055363 0.0883813918 1.0000000000
0.854902 0.6710188389 0.0644982699 0.0873971549 1.0000000000
0.858824 0.6663437140 0.0633910035 0.0864129181 1.0000000000
0.862745 0.6616685890 0.0622837370 0.0854286813 1.0000000000
0.866667 0.6569934641 0.0611764706 0.0844444444 1.0000000000
0.870588 0.6523183391 0.0600692042 0.0834602076 1.0000000000
0.874510 0.6476432141 0.0589619377 0.0824759708 1.0000000000
0.878431 0.6403844675 0.0572087659 0.0814917339 1.0000000000
0.882353 0.6327566321 0.0553633218 0.0805074971 1.0000000000
0.886275 0.6251287966 0.0535178777 0.0795232603 1.0000000000
0.890196 0.6175009612 0.0516724337 0.0785390235 1.0000000000
0.894118 0.6098731257 0.0498269896 0.0775547866 1.0000000000
0.898039 0.6022452903 0.0479815456 0.0765705498 1.0000000000
0.901961 0.5946174548 0.0461361015 0.0755863130 1.0000000000
0.905882 0.5869896194 0.0442906574 0.0746020761 1.0000000000
0.909804 0.5793617839 0.0424452134 0.0736178393 1.0000000000
0.913725 0.5717339485 0.0405997693 0.0726336025 1.0000000000
0.917647 0.5641061130 0.0387543253 0.0716493656 1.0000000000
0.921569 0.5564782776 0.0369088812 0.0706651288 1.0000000000
0.925490 0.5488504421 0.0350634371 0.0696808920 1.0000000000
0.929412 0.5412226067 0.0332179931 0.0686966551 1.0000000000
0.933333 0.5335947712 0.0313725490 0.0677124183 1.0000000000
0.937255 0.5259669358 0.0295271050 0.0667281815 1.0000000000
0.941176 0.5183391003 0.0276816609 0.0657439446 1.0000000000
0.945098 0.5107112649 0.0258362168 0.0647597078 1.0000000000
0.949020 0.5030834295 0.0239907728 0.0637754710 1.0000000000
0.952941 0.4954555940 0.0221453287 0.0627912341 1.0000000000
0.956863 0.4878277586 0.0202998847 0.0618069973 1.0000000000
0.960784 0.4801999231 0.0184544406 0.0608227605 1.0000000000
0.964706 0.4725720877 0.0166089965 0.0598385236 1.0000000000
0.968627 0.4649442522 0.0147635525 0.0588542868 1.0000000000
0.972549 0.4573164168 0.0129181084 0.0578700500 1.0000000000
0.976471 0.4496885813 0.0110726644 0.0568858131 1.0000000000
0.980392 0.4420607459 0.0092272203 0.0559015763 1.0000000000
0.984314 0.4344329104 0.0073817762 0.0549173395 1.0000000000
0.988235 0.4268050750 0.0055363322 0.0539331027 1.0000000000
0.992157 0.4191772395 0.0036908881 0.0529488658 1.0000000000
0.996078 0.4115494041 0.0018454441 0.0519646290 1.0000000000
1.000000 0.4039215686 0.0000000000 0.0509803922 1.0000000000
