0.000000 0.5000000000 0.0000000000 0.0000000000 1.0000000000
0.003922 0.5078431373 0.0000000000 0.0000000000 1.0000000000
0.007843 0.5156862745 0.0000000000 0.0000000000 1.0000000000
0.011765 0.5235294118 0.0000000000 0.0000000000 1.0000000000
0.015686 0.5313725490 0.0000000000 0.0000000000 1.0000000000
0.019608 0.5392156863 0.0000000000 0.0000000000 1.0000000000
0.023529 0.5470588235 0.0000000000 0.0000000000 1.0000000000
0.027451 0.5549019608 0.0000000000 0.0000000000 1.0000000000
0.031373 0.5627450980 0.0000000000 0.0000000000 1.0000000000
0.035294 0.5705882353 0.0000000000 0.0000000000 1.0000000000
0.039216 0.5784313725 0.0000000000 0.0000000000 1.0000000000
0.043137 0.5862745098 0.0000000000 0.0000000000 1.0000000000
0.047059 0.5941176471 0.0000000000 0.0000000000 1.0000000000
0.050980 0.6019607843 0.0000000000 0.0000000000 1.0000000000
0.054902 0.6098039216 0.0000000000 0.0000000000 1.0000000000
0.058824 0.6176470588 0.0000000000 0.0000000000 1.0000000000
0.062745 0.6254901961 0.0000000000 0.0000000000 1.0000000000
0.066667 0.6333333333 0.0000000000 0.0000000000 1.0000000000
0.070588 0.6411764706 0.0000000000 0.0000000000 1.0000000000
0.074510 0.6490196078 0.0000000000 0.0000000000 1.0000000000
0.078431 0.6568627451 0.0000000000 0.0000000000 1.0000000000
0.082353 0.6647058824 0.0000000000 0.0000000000 1.0000000000
0.086275 0.6725490196 0.0000000000 0.0000000000 1.0000000000
0.090196 0.6803921569 0.0000000000 0.0000000000 1.0000000000
0.094118 0.6882352941 0.0000000000 0.0000000000 1.0000000000
0.098039 0.6960784314 0.0000000000 0.0000000000 1.0000000000
0.101961 0.7039215686 0.0000000000 0.0000000000 1.0000000000
0.105882 0.7117647059 0.0000000000 0.0000000000 1.0000000000
0.109804 0.7196078431 0.0000000000 0.0000000000 1.0000000000
0.113725 0.7274509804 0.0000000000 0.0000000000 1.0000000000
0.117647 0.7352941176 0.0000000000 0.0000000000 1.0000000000
0.121569 0.7431372549 0.0000000000 0.0000000000 1.0000000000
0.125490 0.7509803922 0.0000000000 0.0000000000 1.0000000000
0.129412 0.7588235294 0.0000000000 0.0000000000 1.0000000000
0.133333 0.7666666667 0.0000000000 0.0000000000 1.0000000000
0.137255 0.7745098039 0.0000000000 0.0000000000 1.0000000000
0.141176 0.7823529412 0.0000000000 0.0000000000 1.0000000000
0.145098 0.7901960784 0.0000000000 0.0000000000 1.0000000000
0.149020 0.7980392157 0.0000000000 0.0000000000 1.0000000000
0.152941 0.8058823529 0.0000000000 0.0000000000 1.0000000000
0.156863 0.8137254902 0.0000000000 0.0000000000 1.0000000000
0.160784 0.8215686275 0.0000000000 0.0000000000 1.0000000000
0.164706 0.8294117647 0.0000000000 0.0000000000 1.0000000000
0.168627 0.8372549020 0.0000000000 0.0000000000 1.0000000000
0.172549 0.8450980392 0.0000000000 0.0000000000 1.0000000000
0.176471 0.8529411765 0.0000000000 0.0000000000 1.0000000000
0.180392 0.8607843137 0.0000000000 0.0000000000 1.0000000000
0.184314 0.8686274510 0.0000000000 0.0000000000 1.0000000000
0.188235 0.8764705882 0.0000000000 0.0000000000 1.0000000000
0.192157 0.8843137255 0.0000000000 0.0000000000 1.0000000000
0.196078 0.8921568627 0.0000000000 0.0000000000 1.0000000000
0.200000 0.9000000000 0.0000000000 0.0000000000 1.0000000000
0.203922 0.9078431373 0.0000000000 0.0000000000 1.0000000000
0.207843 0.9156862745 0.0000000000 0.0000000000 1.0000000000
0.211765 0.9235294118 0.0000000000 0.0000000000 1.0000000000
0.215686 0.9313725490 0.0000000000 0.0000000000 1.0000000000
0.219608 0.9392156863 0.0000000000 0.0000000000 1.0000000000
0.223529 0.9470588235 0.0000000000 0.0000000000 1.0000000000
0.227451 0.9549019608 0.0000000000 0.0000000000 1.0000000000
0.231373 0.9627450980 0.0000000000 0.0000000000 1.0000000000
0.235294 0.9705882353 0.0000000000 0.0000000000 1.0000000000
0.239216 0.9784313725 0.0000000000 0.0000000000 1.0000000000
0.243137 0.9862745098 0.0000000000 0.0000000000 1.0000000000
0.247059 0.9941176471 0.0000000000 0.0000000000 1.0000000000
0.250980 1.0000000000 0.0039215686 0.0039215686 1.0000000000
0.254902 1.0000000000 0.0196078431 0.0196078431 1.0000000000
0.258824 1.0000000000 0.0352941176 0.0352941176 1.0000000000
0.262745 1.0000000000 0.0509803922 0.0509803922 1.0000000000
0.266667 1.0000000000 0.0666666667 0.0666666667 1.0000000000
0.270588 1.0000000000 0.0823529412 0.0823529412 1.0000000000
0.274510 1.0000000000 0.0980392157 0.0980392157 1.0000000000
0.278431 1.0000000000 0.1137254902 0.1137254902 1.0000000000
0.282353 1.0000000000 0.1294117647 0.1294117647 1.0000000000
0.286275 1.0000000000 0.1450980392 0.1450980392 1.0000000000
0.290196 1.0000000000 0.1607843137 0.1607843137 1.0000000000
0.294118 1.0000000000 0.1764705882 0.1764705882 1.0000000000
0.298039 1.0000000000 0.1921568627 0.1921568627 1.0000000000
0.301961 1.0000000000 0.2078431373 0.2078431373 1.0000000000
0.305882 1.0000000000 0.2235294118 0.2235294118 1.0000000000
0.309804 1.0000000000 0.2392156863 0.2392156863 1.0000000000
0.313725 1.0000000000 0.2549019608 0.2549019608 1.0000000000
0.317647 1.0000000000 0.2705882353 0.2705882353 1.0000000000
0.321569 1.0000000000 0.2862745098 0.2862745098 1.0000000000
0.325490 1.0000000000 0.3019607843 0.3019607843 1.0000000000
0.329412 1.0000000000 0.3176470588 0.3176470588 1.0000000000
0.333333 1.0000000000 0.3333333333 0.3333333333 1.0000000000
0.337255 1.0000000000 0.3490196078 0.3490196078 1.0000000000
0.341176 1.0000000000 0.3647058824 0.3647058824 1.0000000000
0.345098 1.0000000000 0.3803921569 0.3803921569 1.0000000000
0.349020 1.0000000000 0.3960784314 0.3960784314 1.0000000000
0.352941 1.0000000000 0.4117647059 0.4117647059 1.0000000000
0.356863 1.0000000000 0.4274509804 0.4274509804 1.0000000000
0.360784 1.0000000000 0.4431372549 0.4431372549 1.0000000000
0.364706 1.0000000000 0.4588235294 0.4588235294 1.0000000000
0.368627 1.0000000000 0.4745098039 0.4745098039 1.0000000000
0.372549 1.0000000000 0.4901960784 0.4901960784 1.0000000000
0.376471 1.0000000000 0.5058823529 0.5058823529 1.0000000000
0.380392 1.0000000000 0.5215686275 0.5215686275 1.0000000000
0.384314 1.0000000000 0.5372549020 0.5372549020 1.0000000000
0.388235 1.0000000000 0.5529411765 0.5529411765 1.0000000000
0.392157 1.0000000000 0.5686274510 0.5686274510 1.0000000000
0.396078 1.0000000000 0.5843137255 0.5843137255 1.0000000000
0.400000 1.0000000000 0.6000000000 0.6000000000 1.0000000000
0.403922 1.0000000000 0.6156862745 0.6156862745 1.0000000000
0.407843 1.0000000000 0.6313725490 0.6313725490 1.0000000000
0.411765 1.0000000000 0.6470588235 0.6470588235 1.0000000000
0.415686 1.0000000000 0.6627450980 0.6627450980 1.0000000000
0.419608 1.0000000000 0.6784313725 0.6784313725 1.0000000000
0.423529 1.0000000000 0.6941176471 0.6941176471 1.0000000000
0.427451 1.0000000000 0.7098039216 0.7098039216 1.0000000000
0.431373 1.0000000000 0.7254901961 0.7254901961 1.0000000000
0.435294 1.0000000000 0.7411764706 0.7411764706 1.0000000000
0.439216 1.0000000000 0.7568627451 0.7568627451 1.0000000000
0.443137 1.0000000000 0.7725490196 0.7725490196 1.0000000000
0.447059 1.0000000000 0.7882352941 0.7882352941 1.0000000000
0.450980 1.0000000000 0.8039215686 0.8039215686 1.0000000000
0.454902 1.0000000000 0.8196078431 0.8196078431 1.0000000000
0.458824 1.0000000000 0.8352941176 0.8352941176 1.0000000000
0.462745 1.0000000000 0.8509803922 0.8509803922 1.0000000000
0.466667 1.0000000000 0.8666666667 0.8666666667 1.0000000000
0.470588 1.0000000000 0.8823529412 0.8823529412 1.0000000000
0.474510 1.0000000000 0.8980392157 0.8980392157 1.0000000000
0.478431 1.0000000000 0.9137254902 0.9137254902 1.0000000000
0.482353 1.0000000000 0.9294117647 0.9294117647 1.0000000000
0.486275 1.0000000000 0.9450980392 0.9450980392 1.0000000000
0.490196 1.0000000000 0.9607843137 0.9607843137 1.0000000000
0.494118 1.0000000000 0.9764705882 0.9764705882 1.0000000000
0.498039 1.0000000000 0.9921568627 0.9921568627 1.0000000000
0.501961 0.9921568627 0.9921568627 1.0000000000 1.0000000000
0.505882 0.9764705882 0.9764705882 1.0000000000 1.0000000000
0.509804 0.9607843137 0.9607843137 1.0000000000 1.0000000000
0.513725 0.9450980392 0.9450980392 1.0000000000 1.0000000000
0.517647 0.9294117647 0.9294117647 1.0000000000 1.0000000000
0.521569 0.9137254902 0.9137254902 1.0000000000 1.0000000000
0.525490 0.8980392157 0.8980392157 1.0000000000 1.0000000000
0.529412 0.8823529412 0.8823529412 1.0000000000 1.0000000000
0.533333 0.8666666667 0.8666666667 1.0000000000 1.0000000000
0.537255 0.8509803922 0.8509803922 1.0000000000 1.0000000000
0.541176 0.8352941176 0.8352941176 1.0000000000 1.0000000000
0.545098 0.8196078431 0.8196078431 1.0000000000 1.0000000000
0.549020 0.8039215686 0.8039215686 1.0000000000 1.0000000000
0.552941 0.7882352941 0.7882352941 1.0000000000 1.0000000000
0.556863 0.7725490196 0.7725490196 1.0000000000 1.0000000000
0.560784 0.7568627451 0.7568627451 1.0000000000 1.0000000000
0.564706 0.7411764706 0.7411764706 1.0000000000 1.0000000000
0.568627 0.7254901961 0.7254901961 1.0000000000 1.0000000000
0.572549 0.7098039216 0.7098039216 1.0000000000 1.0000000000
0.576471 0.6941176471 0.6941176471 1.0000000000 1.0000000000
0.580392 0.6784313725 0.6784313725 1.0000000000 1.0000000000
0.584314 0.6627450980 0.6627450980 1.0000000000 1.0000000000
0.588235 0.6470588235 0.6470588235 1.0000000000 1.0000000000
0.592157 0.6313725490 0.6313725490 1.0000000000 1.0000000000
0.596078 0.6156862745 0.6156862745 1.0000000000 1.0000000000
0.600000 0.6000000000 0.6000000000 1.0000000000 1.0000000000
0.603922 0.5843137255 0.5843137255 1.0000000000 1.0000000000
0.607843 0.5686274510 0.5686274510 1.0000000000 1.0000000000
0.611765 0.5529411765 0.5529411765 1.0000000000 1.0000000000
0.615686 0.5372549020 0.5372549020 1.0000000000 1.0000000000
0.619608 0.5215686275 0.5215686275 1.0000000000 1.0000000000
0.623529 0.5058823529 0.5058823529 1.0000000000 1.0000000000
0.627451 0.4901960784 0.4901960784 1.0000000000 1.0000000000
0.631373 0.4745098039 0.4745098039 1.0000000000 1.0000000000
0.635294 0.4588235294 0.4588235294 1.0000000000 1.0000000000
0.639216 0.4431372549 0.4431372549 1.0000000000 1.0000000000
0.643137 0.4274509804 0.4274509804 1.0000000000 1.0000000000
0.647059 0.4117647059 0.4117647059 1.0000000000 1.0000000000
0.650980 0.3960784314 0.3960784314 1.0000000000 1.0000000000
0.654902 0.3803921569 0.3803921569 1.0000000000 1.0000000000
0.658824 0.3647058824 0.3647058824 1.0000000000 1.0000000000
0.662745 0.3490196078 0.3490196078 1.0000000000 1.0000000000
0.666667 0.3333333333 0.3333333333 1.0000000000 1.0000000000
0.670588 0.3176470588 0.3176470588 1.0000000000 1.0000000000
0.674510 0.3019607843 0.3019607843 1.0000000000 1.0000000000
0.678431 0.2862745098 0.2862745098 1.0000000000 1.0000000000
0.682353 0.2705882353 0.2705882353 1.0000000000 1.0000000000
0.686275 0.2549019608 0.2549019608 1.0000000000 1.0000000000
0.690196 0.2392156863 0.2392156863 1.0000000000 1.0000000000
0.694118 0.2235294118 0.2235294118 1.0000000000 1.0000000000
0.698039 0.2078431373 0.2078431373 1.0000000000 1.0000000000
0.701961 0.1921568627 0.1921568627 1.0000000000 1.0000000000
0.705882 0.1764705882 0.1764705882 1.0000000000 1.0000000000
0.709804 0.1607843137 0.1607843137 1.0000000000 1.0000000000
0.713725 0.1450980392 0.1450980392 1.0000000000 1.0000000000
0.717647 0.1294117647 0.1294117647 1.0000000000 1.0000000000
0.721569 0.1137254902 0.1137254902 1.0000000000 1.0000000000
0.725490 0.0980392157 0.0980392157 1.0000000000 1.0000000000
0.729412 0.0823529412 0.0823529412 1.0000000000 1.0000000000
0.733333 0.0666666667 0.0666666667 1.0000000000 1.0000000000
0.737255 0.0509803922 0.0509803922 1.0000000000 1.0000000000
0.741176 0.0352941176 0.0352941176 1.0000000000 1.0000000000
0.745098 0.0196078431 0.0196078431 1.0000000000 1.0000000000
0.749020 0.0039215686 0.0039215686 1.0000000000 1.0000000000
0.752941 0.0000000000 0.0000000000 0.9917647059 1.0000000000
0.756863 0.0000000000 0.0000000000 0.9807843137 1.0000000000
0.760784 0.0000000000 0.0000000000 0.9698039216 1.0000000000
0.764706 0.0000000000 0.0000000000 0.9588235294 1.0000000000
0.768627 0.0000000000 0.0000000000 0.9478431373 1.0000000000
0.772549 0.0000000000 0.0000000000 0.9368627451 1.0000000000
0.776471 0.0000000000 0.0000000000 0.9258823529 1.0000000000
0.780392 0.0000000000 0.0000000000 0.9149019608 1.0000000000
0.784314 0.0000000000 0.0000000000 0.9039215686 1.0000000000
0.788235 0.0000000000 0.0000000000 0.8929411765 1.0000000000
0.792157 0.0000000000 0.0000000000 0.8819607843 1.0000000000
0.796078 0.0000000000 0.0000000000 0.8709803922 1.0000000000
0.800000 0.0000000000 0.0000000000 0.8600000000 1.0000000000
0.803922 0.0000000000 0.0000000000 0.8490196078 1.0000000000
0.807843 0.0000000000 0.0000000000 0.8380392157 1.0000000000
0.811765 0.0000000000 0.0000000000 0.8270588235 1.0000000000
0.815686 0.0000000000 0.0000000000 0.8160784314 1.0000000000
0.819608 0.0000000000 0.0000000000 0.8050980392 1.0000000000
0.823529 0.0000000000 0.0000000000 0.7941176471 1.0000000000
0.827451 0.0000000000 0.0000000000 0.7831372549 1.0000000000
0.831373 0.0000000000 0.0000000000 0.7721568627 1.0000000000
0.835294 0.0000000000 0.0000000000 0.7611764706 1.0000000000
0.839216 0.0000000000 0.0000000000 0.7501960784 1.0000000000
0.843137 0.0000000000 0.0000000000 0.7392156863 1.0000000000
0.847059 0.0000000000 0.0000000000 0.7282352941 1.0000000000
0.850980 0.0000000000 0.0000000000 0.7172549020 1.0000000000
0.854902 0.0000000000 0.0000000000 0.7062745098 1.0000000000
0.858824 0.0000000000 0.0000000000 0.6952941176 1.0000000000
0.862745 0.0000000000 0.0000000000 0.6843137255 1.0000000000
0.866667 0.0000000000 0.0000000000 0.6733333333 1.0000000000
0.870588 0.0000000000 0.0000000000 0.6623529412 1.0000000000
0.874510 0.0000000000 0.0000000000 0.6513725490 1.0000000000
0.878431 0.0000000000 0.0000000000 0.6403921569 1.0000000000
0.882353 0.0000000000 0.0000000000 0.6294117647 1.0000000000
0.886275 0.0000000000 0.0000000000 0.6184313725 1.0000000000
0.890196 0.0000000000 0.0000000000 0.6074509804 1.0000000000
0.894118 0.0000000000 0.0000000000 0.5964705882 1.0000000000
0.898039 0.0000000000 0.0000000000 0.5854901961 1.0000000000
0.901961 0.0000000000 0.0000000000 0.5745098039 1.0000000000
0.905882 0.0000000000 0.0000000000 0.5635294118 1.0000000000
0.909804 0.0000000000 0.0000000000 0.5525490196 1.0000000000
0.913725 0.0000000000 0.0000000000 0.5415686275 1.0000000000
0.917647 0.0000000000 0.0000000000 0.5305882353 1.0000000000
0.921569 0.0000000000 0.0000000000 0.5196078431 1.0000000000
0.925490 0.0000000000 0.0000000000 0.5086274510 1.0000000000
0.929412 0.0000000000 0.0000000000 0.4976470588 1.0000000000
0.933333 0.0000000000 0.0000000000 0.4866666667 1.0000000000
0.937255 0.0000000000 0.0000000000 0.4756862745 1.0000000000
0.941176 0.0000000000 0.0000000000 0.4647058824 1.0000000000
0.945098 0.0000000000 0.0000000000 0.4537254902 1.0000000000
0.949020 0.0000000000 0.0000000000 0.4427450980 1.0000000000
0.952941 0.0000000000 0.0000000000 0.4317647059 1.0000000000
0.956863 0.0000000000 0.0000000000 0.4207843137 1.0000000000
0.960784 0.0000000000 0.0000000000 0.4098039216 1.0000000000
0.964706 0.0000000000 0.0000000000 0.3988235294 1.0000000000
0.968627 0.0000000000 0.0000000000 0.3878431373 1.0000000000
0.972549 0.0000000000 0.0000000000 0.3768627451 1.0000000000
0.976471 0.0000000000 0.0000000000 0.3658823529 1.0000000000
0.980392 0.0000000000 0.0000000000 0.3549019608 1.0000000000
0.984314 0.0000000000 0.0000000000 0.3439215686 1.0000000000
0.988235 0.0000000000 0.0000000000 0.3329411765 1.0000000000
0.992157 0.0000000000 0.0000000000 0.3219607843 1.0000000000
0.996078 0.0000000000 0.0000000000 0.3109803922 1.0000000000
1.000000 0.0000000000 0.0000000000 0.3000000000 1.0000000000
