0.000000 0.5529411765 0.8274509804 0.7803921569 1.0000000000
0.090909 1.0000000000 1.0000000000 0.7019607843 1.0000000000
0.181818 0.7450980392 0.7294117647 0.8549019608 1.0000000000
0.272727 0.9843137255 0.5019607843 0.4470588235 1.0000000000
0.363636 0.5019607843 0.6941176471 0.8274509804 1.0000000000
0.454545 0.9921568627 0.7058823529 0.3843137255 1.0000000000
0.545455 0.7019607843 0.8705882353 0.4117647059 1.0000000000
0.636364 0.9882352941 0.8039215686 0.8980392157 1.0000000000
0.727273 0.8509803922 0.8509803922 0.8509803922 1.0000000000
0.818182 0.7372549020 0.5019607843 0.7411764706 1.0000000000
0.909091 0.8000000000 0.9215686275 0.7725490196 1.0000000000
1.000000 1.0000000000 0.9294117647 0.4352941176 1.0000000000
