0.000000 0.6196078431 0.0039215686 0.2588235294 1.0000000000
0.003922 0.6280661284 0.0133025759 0.2608227605 1.0000000000
0.007843 0.6365244137 0.0226835832 0.2628219915 1.0000000000
0.011765 0.6449826990 0.0320645905 0.2648212226 1.0000000000
0.015686 0.6534409842 0.0414455978 0.2668204537 1.0000000000
0.019608 0.6618992695 0.0508266052 0.2688196847 1.0000000000
0.023529 0.6703575548 0.0602076125 0.2708189158 1.0000000000
0.027451 0.6788158401 0.0695886198 0.2728181469 1.0000000000
0.031373 0.6872741253 0.0789696271 0.2748173779 1.0000000000
0.035294 0.6957324106 0.0883506344 0.2768166090 1.0000000000
0.039216 0.7041906959 0.0977316417 0.2788158401 1.0000000000
0.043137 0.7126489812 0.1071126490 0.2808150711 1.0000000000
0.047059 0.7211072664 0.1164936563 0.2828143022 1.0000000000
0.050980 0.7295655517 0.1258746636 0.2848135333 1.0000000000
0.054902 0.7380238370 0.1352556709 0.2868127643 1.0000000000
0.058824 0.7464821223 0.1446366782 0.2888119954 1.0000000000
0.062745 0.7549404075 0.1540176855 0.2908112265 1.0000000000
0.066667 0.7633986928 0.1633986928 0.2928104575 1.0000000000
0.070588 0.7718569781 0.1727797001 0.2948096886 1.0000000000
0.074510 0.7803152634 0.1821607074 0.2968089196 1.0000000000
0.078431 0.7887735486 0.1915417147 0.2988081507 1.0000000000
0.082353 0.7972318339 0.2009227220 0.3008073818 1.0000000000
0.086275 0.8056901192 0.2103037293 0.3028066128 1.0000000000
0.090196 0.8141484045 0.2196847366 0.3048058439 1.0000000000
0.094118 0.8226066897 0.2290657439 0.3068050750 1.0000000000
0.098039 0.8310649750 0.2384467512 0.3088043060 1.0000000000
0.101961 0.8376778162 0.2467512495 0.3088811995 1.0000000000
0.105882 0.8424452134 0.2539792388 0.3070357555 1.0000000000
0.109804 0.8472126105 0.2612072280 0.3051903114 1.0000000000
0.113725 0.8519800077 0.2684352172 0.3033448674 1.0000000000
0.117647 0.8567474048 0.2756632065 0.3014994233 1.0000000000
0.121569 0.8615148020 0.2828911957 0.2996539792 1.0000000000
0.125490 0.8662821992 0.2901191849 0.2978085352 1.0000000000
0.129412 0.8710495963 0.2973471742 0.2959630911 1.0000000000
0.133333 0.8758169935 0.3045751634 0.2941176471 1.0000000000
0.137255 0.8805843906 0.3118031526 0.2922722030 1.0000000000
0.141176 0.8853517878 0.3190311419 0.2904267589 1.0000000000
0.145098 0.8901191849 0.3262591311 0.2885813149 1.0000000000
0.149020 0.8948865821 0.3334871203 0.2867358708 1.0000000000
0.152941 0.8996539792 0.3407151096 0.2848904268 1.0000000000
0.156863 0.9044213764 0.3479430988 0.2830449827 1.0000000000
0.160784 0.9091887735 0.3551710880 0.2811995386 1.0000000000
0.164706 0.9139561707 0.3623990773 0.2793540946 1.0000000000
0.168627 0.9187235679 0.3696270665 0.2775086505 1.0000000000
0.172549 0.9234909650 0.3768550557 0.2756632065 1.0000000000
0.176471 0.9282583622 0.3840830450 0.2738177624 1.0000000000
0.180392 0.9330257593 0.3913110342 0.2719723183 1.0000000000
0.184314 0.9377931565 0.3985390235 0.2701268743 1.0000000000
0.188235 0.9425605536 0.4057670127 0.2682814302 1.0000000000
0.192157 0.9473279508 0.4129950019 0.2664359862 1.0000000000
0.196078 0.9520953479 0.4202229912 0.2645905421 1.0000000000
0.200000 0.9568627451 0.4274509804 0.2627450980 1.0000000000
0.203922 0.9582468281 0.4374471357 0.2673587082 1.0000000000
0.207843 0.9596309112 0.4474432910 0.2719723183 1.0000000000
0.211765 0.9610149942 0.4574394464 0.2765859285 1.0000000000
0.215686 0.9623990773 0.4674356017 0.2811995386 1.0000000000
0.219608 0.9637831603 0.4774317570 0.2858131488 1.0000000000
0.223529 0.9651672434 0.4874279123 0.2904267589 1.0000000000
0.227451 0.9665513264 0.4974240677 0.2950403691 1.0000000000
0.231373 0.9679354095 0.5074202230 0.2996539792 1.0000000000
0.235294 0.9693194925 0.5174163783 0.3042675894 1.0000000000
0.239216 0.9707035755 0.5274125336 0.3088811995 1.0000000000
0.243137 0.9720876586 0.5374086890 0.3134948097 1.0000000000
0.247059 0.9734717416 0.5474048443 0.3181084198 1.0000000000
0.250980 0.9748558247 0.5574009996 0.3227220300 1.0000000000
0.254902 0.9762399077 0.5673971549 0.3273356401 1.0000000000
0.258824 0.9776239908 0.5773933103 0.3319492503 1.0000000000
0.262745 0.9790080738 0.5873894656 0.3365628604 1.0000000000
0.266667 0.9803921569 0.5973856209 0.3411764706 1.0000000000
0.270588 0.9817762399 0.6073817762 0.3457900807 1.0000000000
0.274510 0.9831603230 0.6173779316 0.3504036909 1.0000000000
0.278431 0.9845444060 0.6273740869 0.3550173010 1.0000000000
0.282353 0.9859284890 0.6373702422 0.3596309112 1.0000000000
0.286275 0.9873125721 0.6473663975 0.3642445213 1.0000000000
0.290196 0.9886966551 0.6573625529 0.3688581315 1.0000000000
0.294118 0.9900807382 0.6673587082 0.3734717416 1.0000000000
0.298039 0.9914648212 0.6773548635 0.3780853518 1.0000000000
0.301961 0.9922337562 0.6861976163 0.3836216840 1.0000000000
0.305882 0.9923875433 0.6938869666 0.3900807382 1.0000000000
0.309804 0.9925413303 0.7015763168 0.3965397924 1.0000000000
0.313725 0.9926951173 0.7092656671 0.4029988466 1.0000000000
0.317647 0.9928489043 0.7169550173 0.4094579008 1.0000000000
0.321569 0.9930026913 0.7246443676 0.4159169550 1.0000000000
0.325490 0.9931564783 0.7323337178 0.4223760092 1.0000000000
0.329412 0.9933102653 0.7400230681 0.4288350634 1.0000000000
0.333333 0.9934640523 0.7477124183 0.4352941176 1.0000000000
0.337255 0.9936178393 0.7554017686 0.4417531719 1.0000000000
0.341176 0.9937716263 0.7630911188 0.4482122261 1.0000000000
0.345098 0.9939254133 0.7707804691 0.4546712803 1.0000000000
0.349020 0.9940792003 0.7784698193 0.4611303345 1.0000000000
0.352941 0.9942329873 0.7861591696 0.4675893887 1.0000000000
0.356863 0.9943867743 0.7938485198 0.4740484429 1.0000000000
0.360784 0.9945405613 0.8015378700 0.4805074971 1.0000000000
0.364706 0.9946943483 0.8092272203 0.4869665513 1.0000000000
0.368627 0.9948481353 0.8169165705 0.4934256055 1.0000000000
0.372549 0.9950019223 0.8246059208 0.4998846597 1.0000000000
0.376471 0.9951557093 0.8322952710 0.5063437140 1.0000000000
0.380392 0.9953094963 0.8399846213 0.5128027682 1.0000000000
0.384314 0.9954632834 0.8476739715 0.5192618224 1.0000000000
0.388235 0.9956170704 0.8553633218 0.5257208766 1.0000000000
0.392157 0.9957708574 0.8630526720 0.5321799308 1.0000000000
0.396078 0.9959246444 0.8707420223 0.5386389850 1.0000000000
0.400000 0.9960784314 0.8784313725 0.5450980392 1.0000000000
0.403922 0.9962322184 0.8831987697 0.5530949635 1.0000000000
0.407843 0.9963860054 0.8879661669 0.5610918877 1.0000000000
0.411765 0.9965397924 0.8927335640 0.5690888120 1.0000000000
0.415686 0.9966935794 0.8975009612 0.5770857363 1.0000000000
0.419608 0.9968473664 0.9022683583 0.5850826605 1.0000000000
0.423529 0.9970011534 0.9070357555 0.5930795848 1.0000000000
0.427451 0.9971549404 0.9118031526 0.6010765090 1.0000000000
0.431373 0.9973087274 0.9165705498 0.6090734333 1.0000000000
0.435294 0.9974625144 0.9213379469 0.6170703576 1.0000000000
0.439216 0.9976163014 0.9261053441 0.6250672818 1.0000000000
0.443137 0.9977700884 0.9308727413 0.6330642061 1.0000000000
0.447059 0.9979238754 0.9356401384 0.6410611303 1.0000000000
0.450980 0.9980776624 0.9404075356 0.6490580546 1.0000000000
0.454902 0.9982314494 0.9451749327 0.6570549789 1.0000000000
0.458824 0.9983852364 0.9499423299 0.6650519031 1.0000000000
0.462745 0.9985390235 0.9547097270 0.6730488274 1.0000000000
0.466667 0.9986928105 0.9594771242 0.6810457516 1.0000000000
0.470588 0.9988465975 0.9642445213 0.6890426759 1.0000000000
0.474510 0.9990003845 0.9690119185 0.6970396002 1.0000000000
0.478431 0.9991541715 0.9737793156 0.7050365244 1.0000000000
0.482353 0.9993079585 0.9785467128 0.7130334487 1.0000000000
0.486275 0.9994617455 0.9833141100 0.7210303729 1.0000000000
0.490196 0.9996155325 0.9880815071 0.7290272972 1.0000000000
0.494118 0.9997693195 0.9928489043 0.7370242215 1.0000000000
0.498039 0.9999231065 0.9976163014 0.7450211457 1.0000000000
0.501961 0.9980776624 0.9992310650 0.7460207612 1.0000000000
0.505882 0.9942329873 0.9976931949 0.7400230681 1.0000000000
0.509804 0.9903883122 0.9961553249 0.7340253749 1.0000000000
0.513725 0.9865436371 0.9946174548 0.7280276817 1.0000000000
0.517647 0.9826989619 0.9930795848 0.7220299885 1.0000000000
0.521569 0.9788542868 0.9915417147 0.7160322953 1.0000000000
0.525490 0.9750096117 0.9900038447 0.7100346021 1.0000000000
0.529412 0.9711649366 0.9884659746 0.7040369089 1.0000000000
0.533333 0.9673202614 0.9869281046 0.6980392157 1.0000000000
0.537255 0.9634755863 0.9853902345 0.6920415225 1.0000000000
0.541176 0.9596309112 0.9838523645 0.6860438293 1.0000000000
0.545098 0.9557862361 0.9823144944 0.6800461361 1.0000000000
0.549020 0.9519415609 0.9807766244 0.6740484429 1.0000000000
0.552941 0.9480968858 0.9792387543 0.6680507497 1.0000000000
0.556863 0.9442522107 0.9777008843 0.6620530565 1.0000000000
0.560784 0.9404075356 0.9761630142 0.6560553633 1.0000000000
0.564706 0.9365628604 0.9746251442 0.6500576701 1.0000000000
0.568627 0.9327181853 0.9730872741 0.6440599769 1.0000000000
0.572549 0.9288735102 0.9715494041 0.6380622837 1.0000000000
0.576471 0.9250288351 0.9700115340 0.6320645905 1.0000000000
0.580392 0.9211841599 0.9684736640 0.6260668973 1.0000000000
0.584314 0.9173394848 0.9669357939 0.6200692042 1.0000000000
0.588235 0.9134948097 0.9653979239 0.6140715110 1.0000000000
0.592157 0.9096501346 0.9638600538 0.6080738178 1.0000000000
0.596078 0.9058054594 0.9623221838 0.6020761246 1.0000000000
0.600000 0.9019607843 0.9607843137 0.5960784314 1.0000000000
0.603922 0.8928873510 0.9570934256 0.5979238754 1.0000000000
0.607843 0.8838139177 0.9534025375 0.5997693195 1.0000000000
0.611765 0.8747404844 0.9497116494 0.6016147636 1.0000000000
0.615686 0.8656670511 0.9460207612 0.6034602076 1.0000000000
0.619608 0.8565936178 0.9423298731 0.6053056517 1.0000000000
0.623529 0.8475201845 0.9386389850 0.6071510957 1.0000000000
0.627451 0.8384467512 0.9349480969 0.6089965398 1.0000000000
0.631373 0.8293733180 0.9312572088 0.6108419839 1.0000000000
0.635294 0.8202998847 0.9275663206 0.6126874279 1.0000000000
0.639216 0.8112264514 0.9238754325 0.6145328720 1.0000000000
0.643137 0.8021530181 0.9201845444 0.6163783160 1.0000000000
0.647059 0.7930795848 0.9164936563 0.6182237601 1.0000000000
0.650980 0.7840061515 0.9128027682 0.6200692042 1.0000000000
0.654902 0.7749327182 0.9091118800 0.6219146482 1.0000000000
0.658824 0.7658592849 0.9054209919 0.6237600923 1.0000000000
0.662745 0.7567858516 0.9017301038 0.6256055363 1.0000000000
0.666667 0.7477124183 0.8980392157 0.6274509804 1.0000000000
0.670588 0.7386389850 0.8943483276 0.6292964245 1.0000000000
0.674510 0.7295655517 0.8906574394 0.6311418685 1.0000000000
0.678431 0.7204921184 0.8869665513 0.6329873126 1.0000000000
0.682353 0.7114186851 0.8832756632 0.6348327566 1.0000000000
0.686275 0.7023452518 0.8795847751 0.6366782007 1.0000000000
0.690196 0.6932718185 0.8758938870 0.6385236448 1.0000000000
0.694118 0.6841983852 0.8722029988 0.6403690888 1.0000000000
0.698039 0.6751249519 0.8685121107 0.6422145329 1.0000000000
0.701961 0.6652825836 0.8645905421 0.6432141484 1.0000000000
0.705882 0.6546712803 0.8604382930 0.6433679354 1.0000000000
0.709804 0.6440599769 0.8562860438 0.6435217224 1.0000000000
0.713725 0.6334486736 0.8521337947 0.6436755094 1.0000000000
0.717647 0.6228373702 0.8479815456 0.6438292964 1.0000000000
0.721569 0.6122260669 0.8438292964 0.6439830834 1.0000000000
0.725490 0.6016147636 0.8396770473 0.6441368704 1.0000000000
0.729412 0.5910034602 0.8355247982 0.6442906574 1.0000000000
0.733333 0.5803921569 0.8313725490 0.6444444444 1.0000000000
0.737255 0.5697808535 0.8272202999 0.6445982314 1.0000000000
0.741176 0.5591695502 0.8230680507 0.6447520185 1.0000000000
0.745098 0.5485582468 0.8189158016 0.6449058055 1.0000000000
0.749020 0.5379469435 0.8147635525 0.6450595925 1.0000000000
0.752941 0.5273356401 0.8106113033 0.6452133795 1.0000000000
0.756863 0.5167243368 0.8064590542 0.6453671665 1.0000000000
0.760784 0.5061130334 0.8023068051 0.6455209535 1.0000000000
0.764706 0.4955017301 0.7981545559 0.6456747405 1.0000000000
0.768627 0.4848904268 0.7940023068 0.6458285275 1.0000000000
0.772549 0.4742791234 0.7898500577 0.6459823145 1.0000000000
0.776471 0.4636678201 0.7856978085 0.6461361015 1.0000000000
0.780392 0.4530565167 0.7815455594 0.6462898885 1.0000000000
0.784314 0.4424452134 0.7773933103 0.6464436755 1.0000000000
0.788235 0.4318339100 0.7732410611 0.6465974625 1.0000000000
0.792157 0.4212226067 0.7690888120 0.6467512495 1.0000000000
0.796078 0.4106113033 0.7649365629 0.6469050365 1.0000000000
0.800000 0.4000000000 0.7607843137 0.6470588235 1.0000000000
0.803922 0.3920030757 0.7518646674 0.6507497116 1.0000000000
0.807843 0.3840061515 0.7429450211 0.6544405998 1.0000000000
0.811765 0.3760092272 0.7340253749 0.6581314879 1.0000000000
0.815686 0.3680123030 0.7251057286 0.6618223760 1.0000000000
0.819608 0.3600153787 0.7161860823 0.6655132641 1.0000000000
0.823529 0.3520184544 0.7072664360 0.6692041522 1.0000000000
0.827451 0.3440215302 0.6983467897 0.6728950404 1.0000000000
0.831373 0.3360246059 0.6894271434 0.6765859285 1.0000000000
0.835294 0.3280276817 0.6805074971 0.6802768166 1.0000000000
0.839216 0.3200307574 0.6715878508 0.6839677047 1.0000000000
0.843137 0.3120338331 0.6626682045 0.6876585928 1.0000000000
0.847059 0.3040369089 0.6537485582 0.6913494810 1.0000000000
0.850980 0.2960399846 0.6448289120 0.6950403691 1.0000000000
0.854902 0.2880430604 0.6359092657 0.6987312572 1.0000000000
0.858824 0.2800461361 0.6269896194 0.7024221453 1.0000000000
0.862745 0.2720492118 0.6180699731 0.7061130334 1.0000000000
0.866667 0.2640522876 0.6091503268 0.7098039216 1.0000000000
0.870588 0.2560553633 0.6002306805 0.7134948097 1.0000000000
0.874510 0.2480584391 0.5913110342 0.7171856978 1.0000000000
0.878431 0.2400615148 0.5823913879 0.7208765859 1.0000000000
0.882353 0.2320645905 0.5734717416 0.7245674740 1.0000000000
0.886275 0.2240676663 0.5645520953 0.7282583622 1.0000000000
0.890196 0.2160707420 0.5556324491 0.7319492503 1.0000000000
0.894118 0.2080738178 0.5467128028 0.7356401384 1.0000000000
0.898039 0.2000768935 0.5377931565 0.7393310265 1.0000000000
0.901961 0.1994617455 0.5289504037 0.7391003460 1.0000000000
0.905882 0.2062283737 0.5201845444 0.7349480969 1.0000000000
0.909804 0.2129950019 0.5114186851 0.7307958478 1.0000000000
0.913725 0.2197616301 0.5026528258 0.7266435986 1.0000000000
0.917647 0.2265282584 0.4938869666 0.7224913495 1.0000000000
0.921569 0.2332948866 0.4851211073 0.7183391003 1.0000000000
0.925490 0.2400615148 0.4763552480 0.7141868512 1.0000000000
0.929412 0.2468281430 0.4675893887 0.7100346021 1.0000000000
0.933333 0.2535947712 0.4588235294 0.7058823529 1.0000000000
0.937255 0.2603613995 0.4500576701 0.7017301038 1.0000000000
0.941176 0.2671280277 0.4412918108 0.6975778547 1.0000000000
0.945098 0.2738946559 0.4325259516 0.6934256055 1.0000000000
0.949020 0.2806612841 0.4237600923 0.6892733564 1.0000000000
0.952941 0.2874279123 0.4149942330 0.6851211073 1.0000000000
0.956863 0.2941945406 0.4062283737 0.6809688581 1.0000000000
0.960784 0.3009611688 0.3974625144 0.6768166090 1.0000000000
0.964706 0.3077277970 0.3886966551 0.6726643599 1.0000000000
0.968627 0.3144944252 0.3799307958 0.6685121107 1.0000000000
0.972549 0.3212610534 0.3711649366 0.6643598616 1.0000000000
0.976471 0.3280276817 0.3623990773 0.6602076125 1.0000000000
0.980392 0.3347943099 0.3536332180 0.6560553633 1.0000000000
0.984314 0.3415609381 0.3448673587 0.6519031142 1.0000000000
0.988235 0.3483275663 0.3361014994 0.6477508651 1.0000000000
0.992157 0.3550941945 0.3273356401 0.6435986159 1.0000000000
0.996078 0.3618608228 0.3185697809 0.6394463668 1.0000000000
1.000000 0.3686274510 0.3098039216 0.6352941176 1.0000000000
