0.000000 0.1215686275 0.4666666667 0.7058823529 1.0000000000
0.111111 1.0000000000 0.4980392157 0.0549019608 1.0000000000
0.222222 0.1725490196 0.6274509804 0.1725490196 1.0000000000
0.333333 0.8392156863 0.1529411765 0.1568627451 1.0000000000
0.444444 0.5803921569 0.4039215686 0.7411764706 1.0000000000
0.555556 0.5490196078 0.3372549020 0.2941176471 1.0000000000
0.666667 0.8901960784 0.4666666667 0.7607843137 1.0000000000
0.777778 0.4980392157 0.4980392157 0.4980392157 1.0000000000
0.888889 0.7372549020 0.7411764706 0.1333333333 1.0000000000
1.000000 0.0901960784 0.7450980392 0.8117647059 1.0000000000
