0.000000 0.1921568627 0.5098039216 0.7411764706 1.0000000000
0.052632 0.4196078431 0.6823529412 0.8392156863 1.0000000000
0.105263 0.6196078431 0.7921568627 0.8823529412 1.0000000000
0.157895 0.7764705882 0.8588235294 0.9372549020 1.0000000000
0.210526 0.9019607843 0.3333333333 0.0509803922 1.0000000000
0.263158 0.9921568627 0.5529411765 0.2352941176 1.0000000000
0.315789 0.9921568627 0.6823529412 0.4196078431 1.0000000000
0.368421 0.9921568627 0.8156862745 0.6352941176 1.0000000000
0.421053 0.1921568627 0.6392156863 0.3294117647 1.0000000000
0.473684 0.4549019608 0.7686274510 0.4627450980 1.0000000000
0.526316 0.6313725490 0.8509803922 0.6078431373 1.0000000000
0.578947 0.7803921569 0.9137254902 0.7529411765 1.0000000000
0.631579 0.4588235294 0.4196078431 0.6941176471 1.0000000000
0.684211 0.6196078431 0.6039215686 0.7843137255 1.0000000000
0.736842 0.7372549020 0.7411764706 0.8627450980 1.0000000000
0.789474 0.8549019608 0.8549019608 0.9215686275 1.0000000000
0.842105 0.3882352941 0.3882352941 0.3882352941 1.0000000000
0.894737 0.5882352941 0.5882352941 0.5882352941 1.0000000000
0.947368 0.7411764706 0.7411764706 0.7411764706 1.0000000000
1.000000 0.8509803922 0.8509803922 0.8509803922 1.0000000000
