0.000000 0.6196078431 0.8549019608 0.8980392157 1.0000000000
0.052632 0.0901960784 0.7450980392 0.8117647059 1.0000000000
0.105263 0.8588235294 0.8588235294 0.5529411765 1.0000000000
0.157895 0.7372549020 0.7411764706 0.1333333333 1.0000000000
0.210526 0.7803921569 0.7803921569 0.7803921569 1.0000000000
0.263158 0.4980392157 0.4980392157 0.4980392157 1.0000000000
0.315789 0.9686274510 0.7137254902 0.8235294118 1.0000000000
0.368421 0.8901960784 0.4666666667 0.7607843137 1.0000000000
0.421053 0.7686274510 0.6117647059 0.5803921569 1.0000000000
0.473684 0.5490196078 0.3372549020 0.2941176471 1.0000000000
0.526316 0.7725490196 0.6901960784 0.8352941176 1.0000000000
0.578947 0.5803921569 0.4039215686 0.7411764706 1.0000000000
0.631579 1.0000000000 0.5960784314 0.5882352941 1.0000000000
0.684211 0.8392156863 0.1529411765 0.1568627451 1.0000000000
0.736842 0.5960784314 0.8745098039 0.5411764706 1.0000000000
0.789474 0.1725490196 0.6274509804 0.1725490196 1.0000000000
0.842105 1.0000000000 0.7333333333 0.4705882353 1.0000000000
0.894737 1.0000000000 0.4980392157 0.0549019608 1.0000000000
0.947368 0.6823529412 0.7803921569 0.9098039216 1.0000000000
1.000000 0.1215686275 0.4666666667 0.7058823529 1.0000000000
