0.000000 0.8705882353 0.6196078431 0.8392156863 1.0000000000
0.052632 0.8078431373 0.4274509804 0.7411764706 1.0000000000
0.105263 0.6470588235 0.3176470588 0.5803921569 1.0000000000
0.157895 0.4823529412 0.2549019608 0.4509803922 1.0000000000
0.210526 0.9058823529 0.5882352941 0.6117647059 1.0000000000
0.263158 0.8392156863 0.3803921569 0.4196078431 1.0000000000
0.315789 0.6784313725 0.2862745098 0.2901960784 1.0000000000
0.368421 0.5176470588 0.2352941176 0.2235294118 1.0000000000
0.421053 0.9058823529 0.7960784314 0.5803921569 1.0000000000
0.473684 0.9058823529 0.7294117647 0.3215686275 1.0000000000
0.526316 0.7411764706 0.6196078431 0.2235294118 1.0000000000
0.578947 0.5490196078 0.4274509804 0.1921568627 1.0000000000
0.631579 0.8078431373 0.8588235294 0.6117647059 1.0000000000
0.684211 0.7098039216 0.8117647059 0.4196078431 1.0000000000
0.736842 0.5490196078 0.6352941176 0.3215686275 1.0000000000
0.789474 0.3882352941 0.4745098039 0.2235294118 1.0000000000
0.842105 0.6117647059 0.6196078431 0.8705882353 1.0000000000
0.894737 0.4196078431 0.4313725490 0.8117647059 1.0000000000
0.947368 0.3215686275 0.3294117647 0.6392156863 1.0000000000
1.000000 0.2235294118 0.2313725490 0.4745098039 1.0000000000
