0.000000 1.0000000000 1.0000000000 1.0000000000 1.0000000000
0.003922 0.9921568627 0.9899607843 0.9894901961 1.0000000000
0.007843 0.9843137255 0.9799215686 0.9789803922 1.0000000000
0.011765 0.9764705882 0.9698823529 0.9684705882 1.0000000000
0.015686 0.9686274510 0.9598431373 0.9579607843 1.0000000000
0.019608 0.9607843137 0.9498039216 0.9474509804 1.0000000000
0.023529 0.9529411765 0.9397647059 0.9369411765 1.0000000000
0.027451 0.9450980392 0.9297254902 0.9264313725 1.0000000000
0.031373 0.9372549020 0.9196862745 0.9159215686 1.0000000000
0.035294 0.9294117647 0.9096470588 0.9054117647 1.0000000000
0.039216 0.9215686275 0.8996078431 0.8949019608 1.0000000000
0.043137 0.9137254902 0.8895686275 0.8843921569 1.0000000000
0.047059 0.9058823529 0.8795294118 0.8738823529 1.0000000000
0.050980 0.8980392157 0.8694901961 0.8633725490 1.0000000000
0.054902 0.8901960784 0.8594509804 0.8528627451 1.0000000000
0.058824 0.8823529412 0.8494117647 0.8423529412 1.0000000000
0.062745 0.8745098039 0.8393725490 0.8318431373 1.0000000000
0.066667 0.8666666667 0.8293333333 0.8213333333 1.0000000000
0.070588 0.8588235294 0.8192941176 0.8108235294 1.0000000000
0.074510 0.8509803922 0.8092549020 0.8003137255 1.0000000000
0.078431 0.8431372549 0.7992156863 0.7898039216 1.0000000000
0.082353 0.8352941176 0.7891764706 0.7792941176 1.0000000000
0.086275 0.8274509804 0.7791372549 0.7687843137 1.0000000000
0.090196 0.8196078431 0.7690980392 0.7582745098 1.0000000000
0.094118 0.8117647059 0.7590588235 0.7477647059 1.0000000000
0.098039 0.8039215686 0.7490196078 0.7372549020 1.0000000000
0.101961 0.7960784314 0.7389803922 0.7267450980 1.0000000000
0.105882 0.7882352941 0.7289411765 0.7162352941 1.0000000000
0.109804 0.7803921569 0.7189019608 0.7057254902 1.0000000000
0.113725 0.7725490196 0.7088627451 0.6952156863 1.0000000000
0.117647 0.7647058824 0.6988235294 0.6847058824 1.0000000000
0.121569 0.7568627451 0.6887843137 0.6741960784 1.0000000000
0.125490 0.7490196078 0.6787450980 0.6636862745 1.0000000000
0.129412 0.7411764706 0.6687058824 0.6531764706 1.0000000000
0.133333 0.7333333333 0.6586666667 0.6426666667 1.0000000000
0.137255 0.7254901961 0.6486274510 0.6321568627 1.0000000000
0.141176 0.7176470588 0.6385882353 0.6216470588 1.0000000000
0.145098 0.7098039216 0.6285490196 0.6111372549 1.0000000000
0.149020 0.7019607843 0.6185098039 0.6006274510 1.0000000000
0.152941 0.6941176471 0.6084705882 0.5901176471 1.0000000000
0.156863 0.6862745098 0.5984313725 0.5796078431 1.0000000000
0.160784 0.6784313725 0.5883921569 0.5690980392 1.0000000000
0.164706 0.6705882353 0.5783529412 0.5585882353 1.0000000000
0.168627 0.6627450980 0.5683137255 0.5480784314 1.0000000000
0.172549 0.6549019608 0.5582745098 0.5375686275 1.0000000000
0.176471 0.6470588235 0.5482352941 0.5270588235 1.0000000000
0.180392 0.6392156863 0.5381960784 0.5165490196 1.0000000000
0.184314 0.6313725490 0.5281568627 0.5060392157 1.0000000000
0.188235 0.6235294118 0.5181176471 0.4955294118 1.0000000000
0.192157 0.6156862745 0.5080784314 0.4850196078 1.0000000000
0.196078 0.6078431373 0.4980392157 0.4745098039 1.0000000000
0.200000 0.6000000000 0.4880000000 0.4640000000 1.0000000000
0.203922 0.5921568627 0.4779607843 0.4534901961 1.0000000000
0.207843 0.5843137255 0.4679215686 0.4429803922 1.0000000000
0.211765 0.5764705882 0.4578823529 0.4324705882 1.0000000000
0.215686 0.5686274510 0.4478431373 0.4219607843 1.0000000000
0.219608 0.5607843137 0.4378039216 0.4114509804 1.0000000000
0.223529 0.5529411765 0.4277647059 0.4009411765 1.0000000000
0.227451 0.5450980392 0.4177254902 0.3904313725 1.0000000000
0.231373 0.5372549020 0.4076862745 0.3799215686 1.0000000000
0.235294 0.5294117647 0.3976470588 0.3694117647 1.0000000000
0.239216 0.5215686275 0.3876078431 0.3589019608 1.0000000000
0.243137 0.5137254902 0.3775686275 0.3483921569 1.0000000000
0.247059 0.5058823529 0.3675294118 0.3378823529 1.0000000000
0.250980 0.5019607843 0.3625098039 0.3310588235 1.0000000000
0.254902 0.5098039216 0.3725490196 0.3352941176 1.0000000000
0.258824 0.5176470588 0.3825882353 0.3395294118 1.0000000000
0.262745 0.5254901961 0.3926274510 0.3437647059 1.0000000000
0.266667 0.5333333333 0.4026666667 0.3480000000 1.0000000000
0.270588 0.5411764706 0.4127058824 0.3522352941 1.0000000000
0.274510 0.5490196078 0.4227450980 0.3564705882 1.0000000000
0.278431 0.5568627451 0.4327843137 0.3607058824 1.0000000000
0.282353 0.5647058824 0.4428235294 0.3649411765 1.0000000000
0.286275 0.5725490196 0.4528627451 0.3691764706 1.0000000000
0.290196 0.5803921569 0.4629019608 0.3734117647 1.0000000000
0.294118 0.5882352941 0.4729411765 0.3776470588 1.0000000000
0.298039 0.5960784314 0.4829803922 0.3818823529 1.0000000000
0.301961 0.6039215686 0.4930196078 0.3861176471 1.0000000000
0.305882 0.6117647059 0.5030588235 0.3903529412 1.0000000000
0.309804 0.6196078431 0.5130980392 0.3945882353 1.0000000000
0.313725 0.6274509804 0.5231372549 0.3988235294 1.0000000000
0.317647 0.6352941176 0.5331764706 0.4030588235 1.0000000000
0.321569 0.6431372549 0.5432156863 0.4072941176 1.0000000000
0.325490 0.6509803922 0.5532549020 0.4115294118 1.0000000000
0.329412 0.6588235294 0.5632941176 0.4157647059 1.0000000000
0.333333 0.6666666667 0.5733333333 0.4200000000 1.0000000000
0.337255 0.6745098039 0.5833725490 0.4242352941 1.0000000000
0.341176 0.6823529412 0.5934117647 0.4284705882 1.0000000000
0.345098 0.6901960784 0.6034509804 0.4327058824 1.0000000000
0.349020 0.6980392157 0.6134901961 0.4369411765 1.0000000000
0.352941 0.7058823529 0.6235294118 0.4411764706 1.0000000000
0.356863 0.7137254902 0.6335686275 0.4454117647 1.0000000000
0.360784 0.7215686275 0.6436078431 0.4496470588 1.0000000000
0.364706 0.7294117647 0.6536470588 0.4538823529 1.0000000000
0.368627 0.7372549020 0.6636862745 0.4581176471 1.0000000000
0.372549 0.7450980392 0.6737254902 0.4623529412 1.0000000000
0.376471 0.7529411765 0.6837647059 0.4665882353 1.0000000000
0.380392 0.7607843137 0.6938039216 0.4708235294 1.0000000000
0.384314 0.7686274510 0.7038431373 0.4750588235 1.0000000000
0.388235 0.7764705882 0.7138823529 0.4792941176 1.0000000000
0.392157 0.7843137255 0.7239215686 0.4835294118 1.0000000000
0.396078 0.7921568627 0.7339607843 0.4877647059 1.0000000000
0.400000 0.8000000000 0.7440000000 0.4920000000 1.0000000000
0.403922 0.8078431373 0.7540392157 0.4962352941 1.0000000000
0.407843 0.8156862745 0.7640784314 0.5004705882 1.0000000000
0.411765 0.8235294118 0.7741176471 0.5047058824 1.0000000000
0.415686 0.8313725490 0.7841568627 0.5089411765 1.0000000000
0.419608 0.8392156863 0.7941960784 0.5131764706 1.0000000000
0.423529 0.8470588235 0.8042352941 0.5174117647 1.0000000000
0.427451 0.8549019608 0.8142745098 0.5216470588 1.0000000000
0.431373 0.8627450980 0.8243137255 0.5258823529 1.0000000000
0.435294 0.8705882353 0.8343529412 0.5301176471 1.0000000000
0.439216 0.8784313725 0.8443921569 0.5343529412 1.0000000000
0.443137 0.8862745098 0.8544313725 0.5385882353 1.0000000000
0.447059 0.8941176471 0.8644705882 0.5428235294 1.0000000000
0.450980 0.9019607843 0.8745098039 0.5470588235 1.0000000000
0.454902 0.9098039216 0.8845490196 0.5512941176 1.0000000000
0.458824 0.9176470588 0.8945882353 0.5555294118 1.0000000000
0.462745 0.9254901961 0.9046274510 0.5597647059 1.0000000000
0.466667 0.9333333333 0.9146666667 0.5640000000 1.0000000000
0.470588 0.9411764706 0.9247058824 0.5682352941 1.0000000000
0.474510 0.9490196078 0.9347450980 0.5724705882 1.0000000000
0.478431 0.9568627451 0.9447843137 0.5767058824 1.0000000000
0.482353 0.9647058824 0.9548235294 0.5809411765 1.0000000000
0.486275 0.9725490196 0.9648627451 0.5851764706 1.0000000000
0.490196 0.9803921569 0.9749019608 0.5894117647 1.0000000000
0.494118 0.9882352941 0.9849411765 0.5936470588 1.0000000000
0.498039 0.9960784314 0.9949803922 0.5978823529 1.0000000000
0.501961 0.9921568627 0.9984313725 0.5984313725 1.0000000000
0.505882 0.9764705882 0.9952941176 0.5952941176 1.0000000000
0.509804 0.9607843137 0.9921568627 0.5921568627 1.0000000000
0.513725 0.9450980392 0.9890196078 0.5890196078 1.0000000000
0.517647 0.9294117647 0.9858823529 0.5858823529 1.0000000000
0.521569 0.9137254902 0.9827450980 0.5827450980 1.0000000000
0.525490 0.8980392157 0.9796078431 0.5796078431 1.0000000000
0.529412 0.8823529412 0.9764705882 0.5764705882 1.0000000000
0.533333 0.8666666667 0.9733333333 0.5733333333 1.0000000000
0.537255 0.8509803922 0.9701960784 0.5701960784 1.0000000000
0.541176 0.8352941176 0.9670588235 0.5670588235 1.0000000000
0.545098 0.8196078431 0.9639215686 0.5639215686 1.0000000000
0.549020 0.8039215686 0.9607843137 0.5607843137 1.0000000000
0.552941 0.7882352941 0.9576470588 0.5576470588 1.0000000000
0.556863 0.7725490196 0.9545098039 0.5545098039 1.0000000000
0.560784 0.7568627451 0.9513725490 0.5513725490 1.0000000000
0.564706 0.7411764706 0.9482352941 0.5482352941 1.0000000000
0.568627 0.7254901961 0.9450980392 0.5450980392 1.0000000000
0.572549 0.7098039216 0.9419607843 0.5419607843 1.0000000000
0.576471 0.6941176471 0.9388235294 0.5388235294 1.0000000000
0.580392 0.6784313725 0.9356862745 0.5356862745 1.0000000000
0.584314 0.6627450980 0.9325490196 0.5325490196 1.0000000000
0.588235 0.6470588235 0.9294117647 0.5294117647 1.0000000000
0.592157 0.6313725490 0.9262745098 0.5262745098 1.0000000000
0.596078 0.6156862745 0.9231372549 0.5231372549 1.0000000000
0.600000 0.6000000000 0.9200000000 0.5200000000 1.0000000000
0.603922 0.5843137255 0.9168627451 0.5168627451 1.0000000000
0.607843 0.5686274510 0.9137254902 0.5137254902 1.0000000000
0.611765 0.5529411765 0.9105882353 0.5105882353 1.0000000000
0.615686 0.5372549020 0.9074509804 0.5074509804 1.0000000000
0.619608 0.5215686275 0.9043137255 0.5043137255 1.0000000000
0.623529 0.5058823529 0.9011764706 0.5011764706 1.0000000000
0.627451 0.4901960784 0.8980392157 0.4980392157 1.0000000000
0.631373 0.4745098039 0.8949019608 0.4949019608 1.0000000000
0.635294 0.4588235294 0.8917647059 0.4917647059 1.0000000000
0.639216 0.4431372549 0.8886274510 0.4886274510 1.0000000000
0.643137 0.4274509804 0.8854901961 0.4854901961 1.0000000000
0.647059 0.4117647059 0.8823529412 0.4823529412 1.0000000000
0.650980 0.3960784314 0.8792156863 0.4792156863 1.0000000000
0.654902 0.3803921569 0.8760784314 0.4760784314 1.0000000000
0.658824 0.3647058824 0.8729411765 0.4729411765 1.0000000000
0.662745 0.3490196078 0.8698039216 0.4698039216 1.0000000000
0.666667 0.3333333333 0.8666666667 0.4666666667 1.0000000000
0.670588 0.3176470588 0.8635294118 0.4635294118 1.0000000000
0.674510 0.3019607843 0.8603921569 0.4603921569 1.0000000000
0.678431 0.2862745098 0.8572549020 0.4572549020 1.0000000000
0.682353 0.2705882353 0.8541176471 0.4541176471 1.0000000000
0.686275 0.2549019608 0.8509803922 0.4509803922 1.0000000000
0.690196 0.2392156863 0.8478431373 0.4478431373 1.0000000000
0.694118 0.2235294118 0.8447058824 0.4447058824 1.0000000000
0.698039 0.2078431373 0.8415686275 0.4415686275 1.0000000000
0.701961 0.1921568627 0.8384313725 0.4384313725 1.0000000000
0.705882 0.1764705882 0.8352941176 0.4352941176 1.0000000000
0.709804 0.1607843137 0.8321568627 0.4321568627 1.0000000000
0.713725 0.1450980392 0.8290196078 0.4290196078 1.0000000000
0.717647 0.1294117647 0.8258823529 0.4258823529 1.0000000000
0.721569 0.1137254902 0.8227450980 0.4227450980 1.0000000000
0.725490 0.0980392157 0.8196078431 0.4196078431 1.0000000000
0.729412 0.0823529412 0.8164705882 0.4164705882 1.0000000000
0.733333 0.0666666667 0.8133333333 0.4133333333 1.0000000000
0.737255 0.0509803922 0.8101960784 0.4101960784 1.0000000000
0.741176 0.0352941176 0.8070588235 0.4070588235 1.0000000000
0.745098 0.0196078431 0.8039215686 0.4039215686 1.0000000000
0.749020 0.0039215686 0.8007843137 0.4007843137 1.0000000000
0.752941 0.0000000000 0.7941176471 0.4176470588 1.0000000000
0.756863 0.0000000000 0.7862745098 0.4411764706 1.0000000000
0.760784 0.0000000000 0.7784313725 0.4647058824 1.0000000000
0.764706 0.0000000000 0.7705882353 0.4882352941 1.0000000000
0.768627 0.0000000000 0.7627450980 0.5117647059 1.0000000000
0.772549 0.0000000000 0.7549019608 0.5352941176 1.0000000000
0.776471 0.0000000000 0.7470588235 0.5588235294 1.0000000000
0.780392 0.0000000000 0.7392156863 0.5823529412 1.0000000000
0.784314 0.0000000000 0.7313725490 0.6058823529 1.0000000000
0.788235 0.0000000000 0.7235294118 0.6294117647 1.0000000000
0.792157 0.0000000000 0.7156862745 0.6529411765 1.0000000000
0.796078 0.0000000000 0.7078431373 0.6764705882 1.0000000000
0.800000 0.0000000000 0.7000000000 0.7000000000 1.0000000000
0.803922 0.0000000000 0.6921568627 0.7235294118 1.0000000000
0.807843 0.0000000000 0.6843137255 0.7470588235 1.0000000000
0.811765 0.0000000000 0.6764705882 0.7705882353 1.0000000000
0.815686 0.0000000000 0.6686274510 0.7941176471 1.0000000000
0.819608 0.0000000000 0.6607843137 0.8176470588 1.0000000000
0.823529 0.0000000000 0.6529411765 0.8411764706 1.0000000000
0.827451 0.0000000000 0.6450980392 0.8647058824 1.0000000000
0.831373 0.0000000000 0.6372549020 0.8882352941 1.0000000000
0.835294 0.0000000000 0.6294117647 0.9117647059 1.0000000000
0.839216 0.0000000000 0.6215686275 0.9352941176 1.0000000000
0.843137 0.0000000000 0.6137254902 0.9588235294 1.0000000000
0.847059 0.0000000000 0.6058823529 0.9823529412 1.0000000000
0.850980 0.0013071895 0.5973856209 0.9973856209 1.0000000000
0.854902 0.0065359477 0.5869281046 0.9869281046 1.0000000000
0.858824 0.0117647059 0.5764705882 0.9764705882 1.0000000000
0.862745 0.0169934641 0.5660130719 0.9660130719 1.0000000000
0.866667 0.0222222222 0.5555555556 0.9555555556 1.0000000000
0.870588 0.0274509804 0.5450980392 0.9450980392 1.0000000000
0.874510 0.0326797386 0.5346405229 0.9346405229 1.0000000000
0.878431 0.0379084967 0.5241830065 0.9241830065 1.0000000000
0.882353 0.0431372549 0.5137254902 0.9137254902 1.0000000000
0.886275 0.0483660131 0.5032679739 0.9032679739 1.0000000000
0.890196 0.0535947712 0.4928104575 0.8928104575 1.0000000000
0.894118 0.0588235294 0.4823529412 0.8823529412 1.0000000000
0.898039 0.0640522876 0.4718954248 0.8718954248 1.0000000000
0.901961 0.0692810458 0.4614379085 0.8614379085 1.0000000000
0.905882 0.0745098039 0.4509803922 0.8509803922 1.0000000000
0.909804 0.0797385621 0.4405228758 0.8405228758 1.0000000000
0.913725 0.0849673203 0.4300653595 0.8300653595 1.0000000000
0.917647 0.0901960784 0.4196078431 0.8196078431 1.0000000000
0.921569 0.0954248366 0.4091503268 0.8091503268 1.0000000000
0.925490 0.1006535948 0.3986928105 0.7986928105 1.0000000000
0.929412 0.1058823529 0.3882352941 0.7882352941 1.0000000000
0.933333 0.1111111111 0.3777777778 0.7777777778 1.0000000000
0.937255 0.1163398693 0.3673202614 0.7673202614 1.0000000000
0.941176 0.1215686275 0.3568627451 0.7568627451 1.0000000000
0.945098 0.1267973856 0.3464052288 0.7464052288 1.0000000000
0.949020 0.1320261438 0.3359477124 0.7359477124 1.0000000000
0.952941 0.1372549020 0.3254901961 0.7254901961 1.0000000000
0.956863 0.1424836601 0.3150326797 0.7150326797 1.0000000000
0.960784 0.1477124183 0.3045751634 0.7045751634 1.0000000000
0.964706 0.1529411765 0.2941176471 0.6941176471 1.0000000000
0.968627 0.1581699346 0.2836601307 0.6836601307 1.0000000000
0.972549 0.1633986928 0.2732026144 0.6732026144 1.0000000000
0.976471 0.1686274510 0.2627450980 0.6627450980 1.0000000000
0.980392 0.1738562092 0.2522875817 0.6522875817 1.0000000000
0.984314 0.1790849673 0.2418300654 0.6418300654 1.0000000000
0.988235 0.1843137255 0.2313725490 0.6313725490 1.0000000000
0.992157 0.1895424837 0.2209150327 0.6209150327 1.0000000000
0.996078 0.1947712418 0.2104575163 0.6104575163 1.0000000000
1.000000 0.2000000000 0.2000000000 0.6000000000 1.0000000000
