0.000000 0.1899500000 0.0717600000 0.2321700000 1.0000000000
0.003922 0.1948300000 0.0833900000 0.2614900000 1.0000000000
0.007843 0.1995600000 0.0949800000 0.2902400000 1.0000000000
0.011765 0.2041500000 0.1065200000 0.3184400000 1.0000000000
0.015686 0.2086000000 0.1180200000 0.3460700000 1.0000000000
0.019608 0.2129100000 0.1294700000 0.3731400000 1.0000000000
0.023529 0.2170800000 0.1408700000 0.3996400000 1.0000000000
0.027451 0.2211100000 0.1522300000 0.4255800000 1.0000000000
0.031373 0.2250000000 0.1635400000 0.4509600000 1.0000000000
0.035294 0.2287500000 0.1748100000 0.4757800000 1.0000000000
0.039216 0.2323600000 0.1860300000 0.5000400000 1.0000000000
0.043137 0.2358200000 0.1972000000 0.5237300000 1.0000000000
0.047059 0.2391500000 0.2083300000 0.5468600000 1.0000000000
0.050980 0.2423400000 0.2194100000 0.5694200000 1.0000000000
0.054902 0.2453900000 0.2304400000 0.5914200000 1.0000000000
0.058824 0.2483000000 0.2414300000 0.6128600000 1.0000000000
0.062745 0.2510700000 0.2523700000 0.6337400000 1.0000000000
0.066667 0.2536900000 0.2632700000 0.6540600000 1.0000000000
0.070588 0.2561800000 0.2741200000 0.6738100000 1.0000000000
0.074510 0.2585300000 0.2849200000 0.6930000000 1.0000000000
0.078431 0.2607400000 0.2956800000 0.7116200000 1.0000000000
0.082353 0.2628000000 0.3063900000 0.7296800000 1.0000000000
0.086275 0.2647300000 0.3170600000 0.7471800000 1.0000000000
0.090196 0.2665200000 0.3276800000 0.7641200000 1.0000000000
0.094118 0.2681600000 0.3382500000 0.7805000000 1.0000000000
0.098039 0.2696700000 0.3487800000 0.7963100000 1.0000000000
0.101961 0.2710300000 0.3592600000 0.8115600000 1.0000000000
0.105882 0.2722600000 0.3697000000 0.8262400000 1.0000000000
0.109804 0.2733400000 0.3800800000 0.8403700000 1.0000000000
0.113725 0.2742900000 0.3904300000 0.8539300000 1.0000000000
0.117647 0.2750900000 0.4007200000 0.8669200000 1.0000000000
0.121569 0.2757600000 0.4109700000 0.8793600000 1.0000000000
0.125490 0.2762800000 0.4211800000 0.8912300000 1.0000000000
0.129412 0.2766700000 0.4313400000 0.9025400000 1.0000000000
0.133333 0.2769100000 0.4414500000 0.9132800000 1.0000000000
0.137255 0.2770100000 0.4515200000 0.9234700000 1.0000000000
0.141176 0.2769800000 0.4615300000 0.9330900000 1.0000000000
0.145098 0.2768000000 0.4715100000 0.9421400000 1.0000000000
0.149020 0.2764800000 0.4814400000 0.9506400000 1.0000000000
0.152941 0.2760300000 0.4913200000 0.9585700000 1.0000000000
0.156863 0.2754300000 0.5011500000 0.9659400000 1.0000000000
0.160784 0.2746900000 0.5109400000 0.9727500000 1.0000000000
0.164706 0.2738100000 0.5206900000 0.9789900000 1.0000000000
0.168627 0.2727300000 0.5304000000 0.9846100000 1.0000000000
0.172549 0.2710600000 0.5401500000 0.9893000000 1.0000000000
0.176471 0.2687800000 0.5499500000 0.9930300000 1.0000000000
0.180392 0.2659200000 0.5597900000 0.9958300000 1.0000000000
0.184314 0.2625200000 0.5696700000 0.9977300000 1.0000000000
0.188235 0.2586200000 0.5795800000 0.9987600000 1.0000000000
0.192157 0.2542500000 0.5895000000 0.9989600000 1.0000000000
0.196078 0.2494600000 0.5994300000 0.9983500000 1.0000000000
0.200000 0.2442700000 0.6093700000 0.9969700000 1.0000000000
0.203922 0.2387400000 0.6193100000 0.9948500000 1.0000000000
0.207843 0.2328800000 0.6292300000 0.9920200000 1.0000000000
0.211765 0.2267600000 0.6391300000 0.9885100000 1.0000000000
0.215686 0.2203900000 0.6490100000 0.9843600000 1.0000000000
0.219608 0.2138200000 0.6588600000 0.9795900000 1.0000000000
0.223529 0.2070800000 0.6686600000 0.9742300000 1.0000000000
0.227451 0.2002100000 0.6784200000 0.9683300000 1.0000000000
0.231373 0.1932600000 0.6881200000 0.9619000000 1.0000000000
0.235294 0.1862500000 0.6977500000 0.9549800000 1.0000000000
0.239216 0.1792300000 0.7073200000 0.9476100000 1.0000000000
0.243137 0.1722300000 0.7168000000 0.9398100000 1.0000000000
0.247059 0.1652900000 0.7262000000 0.9316100000 1.0000000000
0.250980 0.1584400000 0.7355100000 0.9230500000 1.0000000000
0.254902 0.1517300000 0.7447200000 0.9141600000 1.0000000000
0.258824 0.1451900000 0.7538100000 0.9049600000 1.0000000000
0.262745 0.1388600000 0.7627900000 0.8955000000 1.0000000000
0.266667 0.1327800000 0.7716500000 0.8858000000 1.0000000000
0.270588 0.1269800000 0.7803700000 0.8759000000 1.0000000000
0.274510 0.1215100000 0.7889600000 0.8658100000 1.0000000000
0.278431 0.1163900000 0.7974000000 0.8555900000 1.0000000000
0.282353 0.1116700000 0.8056900000 0.8452500000 1.0000000000
0.286275 0.1073800000 0.8138100000 0.8348400000 1.0000000000
0.290196 0.1035700000 0.8217700000 0.8243700000 1.0000000000
0.294118 0.1002600000 0.8295500000 0.8138900000 1.0000000000
0.298039 0.0975000000 0.8371400000 0.8034200000 1.0000000000
0.301961 0.0953200000 0.8445500000 0.7929900000 1.0000000000
0.305882 0.0937700000 0.8517500000 0.7826400000 1.0000000000
0.309804 0.0928700000 0.8587500000 0.7724000000 1.0000000000
0.313725 0.0926700000 0.8655400000 0.7623000000 1.0000000000
0.317647 0.0932000000 0.8721100000 0.7523700000 1.0000000000
0.321569 0.0945100000 0.8784400000 0.7426500000 1.0000000000
0.325490 0.0966200000 0.8845400000 0.7331600000 1.0000000000
0.329412 0.0995800000 0.8904000000 0.7239300000 1.0000000000
0.333333 0.1034200000 0.8960000000 0.7150000000 1.0000000000
0.337255 0.1081500000 0.9014200000 0.7059900000 1.0000000000
0.341176 0.1137400000 0.9067300000 0.6965100000 1.0000000000
0.345098 0.1201400000 0.9119300000 0.6866000000 1.0000000000
0.349020 0.1273300000 0.9170100000 0.6762700000 1.0000000000
0.352941 0.1352600000 0.9219700000 0.6655600000 1.0000000000
0.356863 0.1439100000 0.9268000000 0.6544800000 1.0000000000
0.360784 0.1532300000 0.9315100000 0.6430800000 1.0000000000
0.364706 0.1631900000 0.9360900000 0.6313700000 1.0000000000
0.368627 0.1737700000 0.9405300000 0.6193800000 1.0000000000
0.372549 0.1849100000 0.9448400000 0.6071300000 1.0000000000
0.376471 0.1965900000 0.9490100000 0.5946600000 1.0000000000
0.380392 0.2087700000 0.9530400000 0.5819900000 1.0000000000
0.384314 0.2214200000 0.9569200000 0.5691400000 1.0000000000
0.388235 0.2344900000 0.9606500000 0.5561400000 1.0000000000
0.392157 0.2479700000 0.9642300000 0.5430300000 1.0000000000
0.396078 0.2618000000 0.9676500000 0.5298100000 1.0000000000
0.400000 0.2759700000 0.9709200000 0.5165300000 1.0000000000
0.403922 0.2904200000 0.9740300000 0.5032100000 1.0000000000
0.407843 0.3051300000 0.9769700000 0.4898700000 1.0000000000
0.411765 0.3200600000 0.9797400000 0.4765400000 1.0000000000
0.415686 0.3351700000 0.9823400000 0.4632500000 1.0000000000
0.419608 0.3504300000 0.9847700000 0.4500200000 1.0000000000
0.423529 0.3658100000 0.9870200000 0.4368800000 1.0000000000
0.427451 0.3812700000 0.9890900000 0.4238600000 1.0000000000
0.431373 0.3967800000 0.9909800000 0.4109800000 1.0000000000
0.435294 0.4122900000 0.9926800000 0.3982600000 1.0000000000
0.439216 0.4277800000 0.9941900000 0.3857500000 1.0000000000
0.443137 0.4432100000 0.9955100000 0.3734500000 1.0000000000
0.447059 0.4585400000 0.9966300000 0.3614000000 1.0000000000
0.450980 0.4737500000 0.9975500000 0.3496300000 1.0000000000
0.454902 0.4887900000 0.9982800000 0.3381600000 1.0000000000
0.458824 0.5036200000 0.9987900000 0.3270100000 1.0000000000
0.462745 0.5182200000 0.9991000000 0.3162200000 1.0000000000
0.466667 0.5325500000 0.9991900000 0.3058100000 1.0000000000
0.470588 0.5465800000 0.9990700000 0.2958100000 1.0000000000
0.474510 0.5602600000 0.9987300000 0.2862300000 1.0000000000
0.478431 0.5735700000 0.9981700000 0.2771200000 1.0000000000
0.482353 0.5864600000 0.9973900000 0.2684900000 1.0000000000
0.486275 0.5989100000 0.9963800000 0.2603800000 1.0000000000
0.490196 0.6108800000 0.9951400000 0.2528000000 1.0000000000
0.494118 0.6223300000 0.9936600000 0.2457900000 1.0000000000
0.498039 0.6332300000 0.9919500000 0.2393700000 1.0000000000
0.501961 0.6436200000 0.9899900000 0.2335600000 1.0000000000
0.505882 0.6539400000 0.9877500000 0.2283500000 1.0000000000
0.509804 0.6642800000 0.9852400000 0.2237000000 1.0000000000
0.513725 0.6746200000 0.9824600000 0.2196000000 1.0000000000
0.517647 0.6849400000 0.9794100000 0.2160200000 1.0000000000
0.521569 0.6952500000 0.9761000000 0.2129400000 1.0000000000
0.525490 0.7055300000 0.9725500000 0.2103200000 1.0000000000
0.529412 0.7157700000 0.9687500000 0.2081500000 1.0000000000
0.533333 0.7259600000 0.9647000000 0.2064000000 1.0000000000
0.537255 0.7361000000 0.9604300000 0.2050400000 1.0000000000
0.541176 0.7461700000 0.9559300000 0.2040600000 1.0000000000
0.545098 0.7561700000 0.9512100000 0.2034300000 1.0000000000
0.549020 0.7660800000 0.9462700000 0.2031100000 1.0000000000
0.552941 0.7759100000 0.9411300000 0.2031000000 1.0000000000
0.556863 0.7856300000 0.9357900000 0.2033600000 1.0000000000
0.560784 0.7952400000 0.9302500000 0.2038600000 1.0000000000
0.564706 0.8047300000 0.9245200000 0.2045900000 1.0000000000
0.568627 0.8141000000 0.9186100000 0.2055200000 1.0000000000
0.572549 0.8233300000 0.9125300000 0.2066300000 1.0000000000
0.576471 0.8324100000 0.9062700000 0.2078800000 1.0000000000
0.580392 0.8413300000 0.8998600000 0.2092600000 1.0000000000
0.584314 0.8501000000 0.8932800000 0.2107400000 1.0000000000
0.588235 0.8586800000 0.8865500000 0.2123000000 1.0000000000
0.592157 0.8670900000 0.8796800000 0.2139100000 1.0000000000
0.596078 0.8753000000 0.8726700000 0.2155500000 1.0000000000
0.600000 0.8833100000 0.8655300000 0.2171900000 1.0000000000
0.603922 0.8911200000 0.8582600000 0.2188000000 1.0000000000
0.607843 0.8987000000 0.8508700000 0.2203800000 1.0000000000
0.611765 0.9060500000 0.8433700000 0.2218800000 1.0000000000
0.615686 0.9131700000 0.8357600000 0.2232800000 1.0000000000
0.619608 0.9200400000 0.8280600000 0.2245600000 1.0000000000
0.623529 0.9266600000 0.8202500000 0.2257000000 1.0000000000
0.627451 0.9330100000 0.8123600000 0.2266700000 1.0000000000
0.631373 0.9390900000 0.8043900000 0.2274400000 1.0000000000
0.635294 0.9448900000 0.7963400000 0.2280000000 1.0000000000
0.639216 0.9503900000 0.7882300000 0.2283100000 1.0000000000
0.643137 0.9556000000 0.7800500000 0.2283600000 1.0000000000
0.647059 0.9604900000 0.7718100000 0.2281100000 1.0000000000
0.650980 0.9650700000 0.7635200000 0.2275400000 1.0000000000
0.654902 0.9693100000 0.7551900000 0.2266300000 1.0000000000
0.658824 0.9732300000 0.7468200000 0.2253600000 1.0000000000
0.662745 0.9767900000 0.7384200000 0.2236900000 1.0000000000
0.666667 0.9800000000 0.7300000000 0.2216100000 1.0000000000
0.670588 0.9828900000 0.7214000000 0.2191800000 1.0000000000
0.674510 0.9854900000 0.7125000000 0.2165000000 1.0000000000
0.678431 0.9878100000 0.7033000000 0.2135800000 1.0000000000
0.682353 0.9898600000 0.6938200000 0.2104300000 1.0000000000
0.686275 0.9916300000 0.6840800000 0.2070600000 1.0000000000
0.690196 0.9931400000 0.6740800000 0.2034800000 1.0000000000
0.694118 0.9943800000 0.6638600000 0.1997100000 1.0000000000
0.698039 0.9953500000 0.6534100000 0.1957700000 1.0000000000
0.701961 0.9960700000 0.6427700000 0.1916500000 1.0000000000
0.705882 0.9965400000 0.6319300000 0.1873800000 1.0000000000
0.709804 0.9967500000 0.6209300000 0.1829700000 1.0000000000
0.713725 0.9967200000 0.6097700000 0.1784200000 1.0000000000
0.717647 0.9964400000 0.5984600000 0.1737600000 1.0000000000
0.721569 0.9959300000 0.5870300000 0.1689900000 1.0000000000
0.725490 0.9951700000 0.5754900000 0.1641200000 1.0000000000
0.729412 0.9941900000 0.5638600000 0.1591800000 1.0000000000
0.733333 0.9929700000 0.5521400000 0.1541700000 1.0000000000
0.737255 0.9915300000 0.5403600000 0.1491000000 1.0000000000
0.741176 0.9898700000 0.5285400000 0.1439800000 1.0000000000
0.745098 0.9879900000 0.5166700000 0.1388300000 1.0000000000
0.749020 0.9859000000 0.5047900000 0.1336700000 1.0000000000
0.752941 0.9836000000 0.4929100000 0.1284900000 1.0000000000
0.756863 0.9810800000 0.4810400000 0.1233200000 1.0000000000
0.760784 0.9783700000 0.4692000000 0.1181700000 1.0000000000
0.764706 0.9754500000 0.4574000000 0.1130500000 1.0000000000
0.768627 0.9723400000 0.4456500000 0.1079700000 1.0000000000
0.772549 0.9690400000 0.4339900000 0.1029400000 1.0000000000
0.776471 0.9655500000 0.4224100000 0.0979800000 1.0000000000
0.780392 0.9618700000 0.4109300000 0.0931000000 1.0000000000
0.784314 0.9580100000 0.3995800000 0.0883100000 1.0000000000
0.788235 0.9539800000 0.3883600000 0.0836200000 1.0000000000
0.792157 0.9497700000 0.3772900000 0.0790500000 1.0000000000
0.796078 0.9453800000 0.3663800000 0.0746100000 1.0000000000
0.800000 0.9408400000 0.3556600000 0.0703100000 1.0000000000
0.803922 0.9361200000 0.3451300000 0.0661600000 1.0000000000
0.807843 0.9312500000 0.3348200000 0.0621800000 1.0000000000
0.811765 0.9262300000 0.3247300000 0.0583700000 1.0000000000
0.815686 0.9210500000 0.3148900000 0.0547500000 1.0000000000
0.819608 0.9157200000 0.3053000000 0.0513400000 1.0000000000
0.823529 0.9102400000 0.2959900000 0.0481400000 1.0000000000
0.827451 0.9046300000 0.2869600000 0.0451600000 1.0000000000
0.831373 0.8988800000 0.2782400000 0.0424300000 1.0000000000
0.835294 0.8929800000 0.2698100000 0.0399300000 1.0000000000
0.839216 0.8869100000 0.2615200000 0.0375300000 1.0000000000
0.843137 0.8806600000 0.2533400000 0.0352100000 1.0000000000
0.847059 0.8742200000 0.2452600000 0.0329700000 1.0000000000
0.850980 0.8676000000 0.2373000000 0.0308200000 1.0000000000
0.854902 0.8607900000 0.2294500000 0.0287500000 1.0000000000
0.858824 0.8538000000 0.2217000000 0.0267700000 1.0000000000
0.862745 0.8466200000 0.2140700000 0.0248700000 1.0000000000
0.866667 0.8392600000 0.2065400000 0.0230500000 1.0000000000
0.870588 0.8317200000 0.1991200000 0.0213100000 1.0000000000
0.874510 0.8239900000 0.1918200000 0.0196600000 1.0000000000
0.878431 0.8160800000 0.1846200000 0.0180900000 1.0000000000
0.882353 0.8079900000 0.1775300000 0.0166000000 1.0000000000
0.886275 0.7997100000 0.1705500000 0.0152000000 1.0000000000
0.890196 0.7912500000 0.1636800000 0.0138700000 1.0000000000
0.894118 0.7826000000 0.1569300000 0.0126400000 1.0000000000
0.898039 0.7737700000 0.1502800000 0.0114800000 1.0000000000
0.901961 0.7647600000 0.1437400000 0.0104100000 1.0000000000
0.905882 0.7555600000 0.1373100000 0.0094200000 1.0000000000
0.909804 0.7461700000 0.1309800000 0.0085100000 1.0000000000
0.913725 0.7366100000 0.1247700000 0.0076900000 1.0000000000
0.917647 0.7268600000 0.1186700000 0.0069500000 1.0000000000
0.921569 0.7169200000 0.1126800000 0.0062900000 1.0000000000
0.925490 0.7068000000 0.1068000000 0.0057100000 1.0000000000
0.929412 0.6965000000 0.1010200000 0.0052200000 1.0000000000
0.933333 0.6860200000 0.0953600000 0.0048100000 1.0000000000
0.937255 0.6753500000 0.0898000000 0.0044900000 1.0000000000
0.941176 0.6644900000 0.0843600000 0.0042400000 1.0000000000
0.945098 0.6534500000 0.0790200000 0.0040800000 1.0000000000
0.949020 0.6422300000 0.0738000000 0.0040100000 1.0000000000
0.952941 0.6308200000 0.0686800000 0.0040100000 1.0000000000
0.956863 0.6192300000 0.0636700000 0.0041000000 1.0000000000
0.960784 0.6074600000 0.0587800000 0.0042700000 1.0000000000
0.964706 0.5955000000 0.0539900000 0.0045300000 1.0000000000
0.968627 0.5833600000 0.0493100000 0.0048600000 1.0000000000
0.972549 0.5710300000 0.0447400000 0.0052900000 1.0000000000
0.976471 0.5585200000 0.0402800000 0.0057900000 1.0000000000
0.980392 0.5458300000 0.0359300000 0.0063800000 1.0000000000
0.984314 0.5329500000 0.0316900000 0.0070500000 1.0000000000
0.988235 0.5198900000 0.0275600000 0.0078000000 1.0000000000
0.992157 0.5066400000 0.0235400000 0.0086300000 1.0000000000
0.996078 0.4932100000 0.0196300000 0.0095500000 1.0000000000
1.000000 0.4796000000 0.0158300000 0.0105500000 1.0000000000
