0.000000 0.1873922834 0.0771020969 0.2161887538 1.0000000000
0.001965 0.1897585364 0.0750198619 0.2193005076 1.0000000000
0.003929 0.1919944918 0.0731828306 0.2224338524 1.0000000000
0.005894 0.1941035136 0.0716083049 0.2255872731 1.0000000000
0.007859 0.1960826033 0.0703212272 0.2287467328 1.0000000000
0.009823 0.1979483406 0.0693140661 0.2319464738 1.0000000000
0.011788 0.1997157144 0.0685927106 0.2351709407 1.0000000000
0.013752 0.2015613376 0.0679832710 0.2385297423 1.0000000000
0.015717 0.2035200795 0.0674441796 0.2420557663 1.0000000000
0.017682 0.2055805200 0.0669904624 0.2457249742 1.0000000000
0.019646 0.2077442377 0.0666145320 0.2495464429 1.0000000000
0.021611 0.2100121422 0.0663085739 0.2535289048 1.0000000000
0.023576 0.2123741105 0.0660850247 0.2576516509 1.0000000000
0.025540 0.2148284353 0.0659403856 0.2619167599 1.0000000000
0.027505 0.2173784507 0.0658596612 0.2663420935 1.0000000000
0.029470 0.2200125110 0.0658579189 0.2709027999 1.0000000000
0.031434 0.2227270674 0.0659337907 0.2755971465 1.0000000000
0.033399 0.2255216434 0.0660781731 0.2804339885 1.0000000000
0.035363 0.2283917709 0.0662899792 0.2854107441 1.0000000000
0.037328 0.2313295527 0.0665761869 0.2905136107 1.0000000000
0.039293 0.2343305573 0.0669355997 0.2957400993 1.0000000000
0.041257 0.2373906243 0.0673658881 0.3010892218 1.0000000000
0.043222 0.2405081333 0.0678571038 0.3065705449 1.0000000000
0.045187 0.2436737256 0.0684198552 0.3121652405 1.0000000000
0.047151 0.2468822624 0.0690536394 0.3178699383 1.0000000000
0.049116 0.2501284531 0.0697582064 0.3236810069 1.0000000000
0.051081 0.2534068587 0.0705335829 0.3295945757 1.0000000000
0.053045 0.2567119165 0.0713801062 0.3356064898 1.0000000000
0.055010 0.2600389519 0.0722947810 0.3417175670 1.0000000000
0.056974 0.2633812181 0.0732816579 0.3479188900 1.0000000000
0.058939 0.2667323321 0.0743440180 0.3542027607 1.0000000000
0.060904 0.2700863775 0.0754836756 0.3605637623 1.0000000000
0.062868 0.2734373934 0.0767028002 0.3669961614 1.0000000000
0.064833 0.2767793962 0.0780039410 0.3734938285 1.0000000000
0.066798 0.2801063858 0.0793899948 0.3800502853 1.0000000000
0.068762 0.2834123980 0.0808641534 0.3866586855 1.0000000000
0.070727 0.2866915139 0.0824298738 0.3933118253 1.0000000000
0.072692 0.2899379245 0.0840907883 0.4000021473 1.0000000000
0.074656 0.2931459310 0.0858506569 0.4067217808 1.0000000000
0.076621 0.2963100039 0.0877132510 0.4134625913 1.0000000000
0.078585 0.2994248396 0.0896822537 0.4202161967 1.0000000000
0.080550 0.3024853636 0.0917611874 0.4269740404 1.0000000000
0.082515 0.3054867582 0.0939527648 0.4337285000 1.0000000000
0.084479 0.3084244446 0.0962593853 0.4404719488 1.0000000000
0.086444 0.3112943448 0.0986847719 0.4471931372 1.0000000000
0.088409 0.3140927841 0.1012307768 0.4538833561 1.0000000000
0.090373 0.3168164809 0.1038986139 0.4605341466 1.0000000000
0.092338 0.3194626240 0.1066887988 0.4671372880 1.0000000000
0.094303 0.3220288228 0.1096011411 0.4736849473 1.0000000000
0.096267 0.3245130793 0.1126345979 0.4801700721 1.0000000000
0.098232 0.3269137125 0.1157873497 0.4865864650 1.0000000000
0.100196 0.3292300520 0.1190576432 0.4929259561 1.0000000000
0.102161 0.3314615489 0.1224424526 0.4991827459 1.0000000000
0.104126 0.3336080490 0.1259381830 0.5053516480 1.0000000000
0.106090 0.3356697857 0.1295407425 0.5114280722 1.0000000000
0.108055 0.3376473209 0.1332456228 0.5174080757 1.0000000000
0.110020 0.3395416875 0.1370480190 0.5232879754 1.0000000000
0.111984 0.3413541107 0.1409427921 0.5290650094 1.0000000000
0.113949 0.3430860029 0.1449246536 0.5347370428 1.0000000000
0.115914 0.3447390157 0.1489882059 0.5403024592 1.0000000000
0.117878 0.3463150718 0.1531280230 0.5457599924 1.0000000000
0.119843 0.3478165324 0.1573386351 0.5511085345 1.0000000000
0.121807 0.3492451355 0.1616147776 0.5563483747 1.0000000000
0.123772 0.3506030444 0.1659512998 0.5614796470 1.0000000000
0.125737 0.3518924861 0.1703432048 0.5665028491 1.0000000000
0.127701 0.3531157442 0.1747857038 0.5714187152 1.0000000000
0.129666 0.3542753496 0.1792741327 0.5762280966 1.0000000000
0.131631 0.3553741531 0.1838039258 0.5809319143 1.0000000000
0.133595 0.3564138114 0.1883711987 0.5855320766 1.0000000000
0.135560 0.3573966329 0.1929720820 0.5900301125 1.0000000000
0.137525 0.3583248997 0.1976029425 0.5944276852 1.0000000000
0.139489 0.3592008856 0.2022603792 0.5987265296 1.0000000000
0.141454 0.3600268181 0.2069412282 0.6029284543 1.0000000000
0.143418 0.3608049383 0.2116425179 0.6070353217 1.0000000000
0.145383 0.3615382901 0.2163611143 0.6110488068 1.0000000000
0.147348 0.3622280956 0.2210948843 0.6149711235 1.0000000000
0.149312 0.3628764356 0.2258414929 0.6188041741 1.0000000000
0.151277 0.3634853761 0.2305987622 0.6225498862 1.0000000000
0.153242 0.3640569302 0.2353647039 0.6262101345 1.0000000000
0.155206 0.3645930889 0.2401374702 0.6297868016 1.0000000000
0.157171 0.3650957985 0.2449153680 0.6332817352 1.0000000000
0.159136 0.3655669837 0.2496968348 0.6366967519 1.0000000000
0.161100 0.3660085397 0.2544804388 0.6400336180 1.0000000000
0.163065 0.3664224325 0.2592648116 0.6432940914 1.0000000000
0.165029 0.3668108554 0.2640485772 0.6464799165 1.0000000000
0.166994 0.3671751365 0.2688308567 0.6495927230 1.0000000000
0.168959 0.3675170709 0.2736106332 0.6526341171 1.0000000000
0.170923 0.3678384370 0.2783869718 0.6556056684 1.0000000000
0.172888 0.3681410148 0.2831590122 0.6585088881 1.0000000000
0.174853 0.3684265564 0.2879259644 0.6613452691 1.0000000000
0.176817 0.3686968223 0.2926870986 0.6641162530 1.0000000000
0.178782 0.3689535531 0.2974417549 0.6668232209 1.0000000000
0.180747 0.3691984784 0.3021893218 0.6694675433 1.0000000000
0.182711 0.3694333459 0.3069292355 0.6720505285 1.0000000000
0.184676 0.3696598763 0.3116609876 0.6745734474 1.0000000000
0.186640 0.3698798033 0.3163841010 0.6770375544 1.0000000000
0.188605 0.3700948713 0.3210981376 0.6794440540 1.0000000000
0.190570 0.3703068207 0.3258026970 0.6817941168 1.0000000000
0.192534 0.3705173863 0.3304974124 0.6840888879 1.0000000000
0.194499 0.3707283328 0.3351819381 0.6863294817 1.0000000000
0.196464 0.3709415155 0.3398559149 0.6885170338 1.0000000000
0.198428 0.3711585664 0.3445191141 0.6906525359 1.0000000000
0.200393 0.3713812422 0.3491712688 0.6927370347 1.0000000000
0.202358 0.3716113323 0.3538121373 0.6947714992 1.0000000000
0.204322 0.3718506156 0.3584414829 0.6967569581 1.0000000000
0.206287 0.3721008970 0.3630590974 0.6986943462 1.0000000000
0.208251 0.3723639786 0.3676647786 0.7005846350 1.0000000000
0.210216 0.3726416676 0.3722583500 0.7024287315 1.0000000000
0.212181 0.3729357865 0.3768396384 0.7042275578 1.0000000000
0.214145 0.3732481614 0.3814084856 0.7059820097 1.0000000000
0.216110 0.3735806215 0.3859647439 0.7076929761 1.0000000000
0.218075 0.3739349933 0.3905082753 0.7093613429 1.0000000000
0.220039 0.3743131320 0.3950389483 0.7109879652 1.0000000000
0.222004 0.3747168602 0.3995566499 0.7125736852 1.0000000000
0.223969 0.3751480251 0.4040612610 0.7141193696 1.0000000000
0.225933 0.3756084692 0.4085526764 0.7156258509 1.0000000000
0.227898 0.3761000129 0.4130307995 0.7170939692 1.0000000000
0.229862 0.3766244893 0.4174955375 0.7185245474 1.0000000000
0.231827 0.3771837184 0.4219468022 0.7199184152 1.0000000000
0.233792 0.3777794975 0.4263845143 0.7212763999 1.0000000000
0.235756 0.3784136351 0.4308085941 0.7225993199 1.0000000000
0.237721 0.3790878928 0.4352189761 0.7238879869 1.0000000000
0.239686 0.3798040374 0.4396155882 0.7251432378 1.0000000000
0.241650 0.3805638070 0.4439983721 0.7263658705 1.0000000000
0.243615 0.3813688793 0.4483672767 0.7275567132 1.0000000000
0.245580 0.3822209499 0.4527222503 0.7287165614 1.0000000000
0.247544 0.3831216808 0.4570632358 0.7298462679 1.0000000000
0.249509 0.3840726938 0.4613901878 0.7309466543 1.0000000000
0.251473 0.3850755679 0.4657030672 0.7320185403 1.0000000000
0.253438 0.3861318418 0.4700018341 0.7330627749 1.0000000000
0.255403 0.3872430146 0.4742864593 0.7340801679 1.0000000000
0.257367 0.3884105330 0.4785569113 0.7350715764 1.0000000000
0.259332 0.3896358016 0.4828131672 0.7360378255 1.0000000000
0.261297 0.3909201757 0.4870552025 0.7369797713 1.0000000000
0.263261 0.3922649488 0.4912830033 0.7378982478 1.0000000000
0.265226 0.3936713574 0.4954965578 0.7387941023 1.0000000000
0.267191 0.3951405881 0.4996958533 0.7396682021 1.0000000000
0.269155 0.3966737491 0.5038808905 0.7405213858 1.0000000000
0.271120 0.3982719153 0.5080516654 0.7413545092 1.0000000000
0.273084 0.3999360693 0.5122081814 0.7421684457 1.0000000000
0.275049 0.4016671401 0.5163504497 0.7429640345 1.0000000000
0.277014 0.4034660033 0.5204784765 0.7437421522 1.0000000000
0.278978 0.4053334379 0.5245922817 0.7445036584 1.0000000000
0.280943 0.4072701869 0.5286918801 0.7452494264 1.0000000000
0.282908 0.4092768900 0.5327773018 0.7459803064 1.0000000000
0.284872 0.4113541470 0.5368485777 0.7466971286 1.0000000000
0.286837 0.4135024574 0.5409057477 0.7474007330 1.0000000000
0.288802 0.4157223260 0.5449488272 0.7480920446 1.0000000000
0.290766 0.4180141408 0.5489778542 0.7487719317 1.0000000000
0.292731 0.4203782236 0.5529928716 0.7494412559 1.0000000000
0.294695 0.4228148568 0.5569939213 0.7501008699 1.0000000000
0.296660 0.4253242367 0.5609810496 0.7507516499 1.0000000000
0.298625 0.4279065228 0.5649543061 0.7513944352 1.0000000000
0.300589 0.4305617907 0.5689137457 0.7520300810 1.0000000000
0.302554 0.4332900887 0.5728594163 0.7526594653 1.0000000000
0.304519 0.4360913896 0.5767913800 0.7532834106 1.0000000000
0.306483 0.4389656396 0.5807096924 0.7539027621 1.0000000000
0.308448 0.4419127177 0.5846144110 0.7545183888 1.0000000000
0.310413 0.4449324685 0.5885055998 0.7551311042 1.0000000000
0.312377 0.4480247093 0.5923833145 0.7557417647 1.0000000000
0.314342 0.4511891869 0.5962476205 0.7563512064 1.0000000000
0.316306 0.4544256398 0.6000985950 0.7569601366 1.0000000000
0.318271 0.4577337723 0.6039363005 0.7575693690 1.0000000000
0.320236 0.4611132665 0.6077607772 0.7581798644 1.0000000000
0.322200 0.4645637672 0.6115720882 0.7587924262 1.0000000000
0.324165 0.4680849097 0.6153702870 0.7594078989 1.0000000000
0.326130 0.4716762952 0.6191554324 0.7600270923 1.0000000000
0.328094 0.4753375239 0.6229275728 0.7606508557 1.0000000000
0.330059 0.4790681624 0.6266867625 0.7612800038 1.0000000000
0.332024 0.4828677867 0.6304330455 0.7619153715 1.0000000000
0.333988 0.4867359599 0.6341664625 0.7625578009 1.0000000000
0.335953 0.4906722494 0.6378870486 0.7632081276 1.0000000000
0.337917 0.4946761848 0.6415948412 0.7638671900 1.0000000000
0.339882 0.4987473366 0.6452898685 0.7645357873 1.0000000000
0.341847 0.5028853540 0.6489721673 0.7652144672 1.0000000000
0.343811 0.5070896958 0.6526417240 0.7659044566 1.0000000000
0.345776 0.5113599254 0.6562985398 0.7666066378 1.0000000000
0.347741 0.5156955989 0.6599426081 0.7673219149 1.0000000000
0.349705 0.5200962739 0.6635739143 0.7680511940 1.0000000000
0.351670 0.5245615147 0.6671924300 0.7687954171 1.0000000000
0.353635 0.5290908618 0.6707981230 0.7695555229 1.0000000000
0.355599 0.5336838915 0.6743909371 0.7703325055 1.0000000000
0.357564 0.5383401558 0.6779708113 0.7711273444 1.0000000000
0.359528 0.5430593242 0.6815376725 0.7719407970 1.0000000000
0.361493 0.5478409815 0.6850914222 0.7727738647 1.0000000000
0.363458 0.5526845059 0.6886319452 0.7736279427 1.0000000000
0.365422 0.5575894042 0.6921591146 0.7745041338 1.0000000000
0.367387 0.5625551536 0.6956727838 0.7754035914 1.0000000000
0.369352 0.5675811785 0.6991727930 0.7763274853 1.0000000000
0.371316 0.5726668948 0.7026589535 0.7772770268 1.0000000000
0.373281 0.5778116439 0.7061310616 0.7782534512 1.0000000000
0.375246 0.5830148704 0.7095888768 0.7792578182 1.0000000000
0.377210 0.5882757978 0.7130321465 0.7802914141 1.0000000000
0.379175 0.5935933570 0.7164606050 0.7813558824 1.0000000000
0.381139 0.5989665814 0.7198739489 0.7824525990 1.0000000000
0.383104 0.6043943420 0.7232718614 0.7835829559 1.0000000000
0.385069 0.6098754318 0.7266539876 0.7847483573 1.0000000000
0.387033 0.6154084641 0.7300199523 0.7859502271 1.0000000000
0.388998 0.6209919306 0.7333693480 0.7871899462 1.0000000000
0.390963 0.6266240202 0.7367017540 0.7884690132 1.0000000000
0.392927 0.6323027139 0.7400167216 0.7897889276 1.0000000000
0.394892 0.6380258683 0.7433137671 0.7911510046 1.0000000000
0.396857 0.6437910831 0.7465923801 0.7925565320 1.0000000000
0.398821 0.6495957300 0.7498520122 0.7940067402 1.0000000000
0.400786 0.6554369233 0.7530920876 0.7955027113 1.0000000000
0.402750 0.6613112930 0.7563120271 0.7970456043 1.0000000000
0.404715 0.6672147980 0.7595112804 0.7986367465 1.0000000000
0.406680 0.6731442256 0.7626890873 0.8002762855 1.0000000000
0.408644 0.6790955450 0.7658447213 0.8019646617 1.0000000000
0.410609 0.6850644615 0.7689774029 0.8037020627 1.0000000000
0.412574 0.6910464101 0.7720862946 0.8054884169 1.0000000000
0.414538 0.6970365444 0.7751705001 0.8073233538 1.0000000000
0.416503 0.7030297723 0.7782290497 0.8092061885 1.0000000000
0.418468 0.7090207813 0.7812608872 0.8111359186 1.0000000000
0.420432 0.7150040308 0.7842648709 0.8131111656 1.0000000000
0.422397 0.7209728067 0.7872399592 0.8151307392 1.0000000000
0.424361 0.7269217751 0.7901846864 0.8171921747 1.0000000000
0.426326 0.7328454365 0.7930974647 0.8192926338 1.0000000000
0.428291 0.7387377170 0.7959766574 0.8214292278 1.0000000000
0.430255 0.7445924777 0.7988204772 0.8235986759 1.0000000000
0.432220 0.7504034677 0.8016269901 0.8257973785 1.0000000000
0.434185 0.7561644358 0.8043940873 0.8280213899 1.0000000000
0.436149 0.7618690794 0.8071194939 0.8302664862 1.0000000000
0.438114 0.7675110850 0.8098007599 0.8325281664 1.0000000000
0.440079 0.7730841659 0.8124352474 0.8348017295 1.0000000000
0.442043 0.7785789201 0.8150208938 0.8370834463 1.0000000000
0.444008 0.7839910104 0.8175542640 0.8393674746 1.0000000000
0.445972 0.7893144556 0.8200321319 0.8416486380 1.0000000000
0.447937 0.7945430509 0.8224511623 0.8439218479 1.0000000000
0.449902 0.7996707542 0.8248078181 0.8461821003 1.0000000000
0.451866 0.8046916443 0.8270983878 0.8484244930 1.0000000000
0.453831 0.8095999819 0.8293189667 0.8506444160 1.0000000000
0.455796 0.8143898212 0.8314655869 0.8528375906 1.0000000000
0.457760 0.8190465468 0.8335364930 0.8550020629 1.0000000000
0.459725 0.8235742968 0.8355248776 0.8571319133 1.0000000000
0.461690 0.8279689432 0.8374260075 0.8592239945 1.0000000000
0.463654 0.8322270571 0.8392349063 0.8612756350 1.0000000000
0.465619 0.8363403181 0.8409479652 0.8632852800 1.0000000000
0.467583 0.8403042081 0.8425605951 0.8652508824 1.0000000000
0.469548 0.8441261829 0.8440648271 0.8671697332 1.0000000000
0.471513 0.8478071070 0.8454546229 0.8690403678 1.0000000000
0.473477 0.8513371457 0.8467273580 0.8708608166 1.0000000000
0.475442 0.8547259319 0.8478748812 0.8726282981 1.0000000000
0.477407 0.8579825925 0.8488893481 0.8743403855 1.0000000000
0.479371 0.8611024544 0.8497675486 0.8759924292 1.0000000000
0.481336 0.8640898508 0.8505039117 0.8775792578 1.0000000000
0.483301 0.8669601551 0.8510896085 0.8790976698 1.0000000000
0.485265 0.8697047485 0.8515240300 0.8805388339 1.0000000000
0.487230 0.8723313409 0.8518016548 0.8818970436 1.0000000000
0.489194 0.8748534751 0.8519152612 0.8831692697 1.0000000000
0.491159 0.8772488086 0.8518702834 0.8843412038 1.0000000000
0.493124 0.8795410528 0.8516567541 0.8854143768 1.0000000000
0.495088 0.8817223106 0.8512759408 0.8863805693 1.0000000000
0.497053 0.8837852020 0.8507294054 0.8872322210 1.0000000000
0.499018 0.8857501584 0.8500092494 0.8879736506 1.0000000000
0.500982 0.8857115512 0.8500218612 0.8857253899 1.0000000000
0.502947 0.8855471481 0.8498717428 0.8833620612 1.0000000000
0.504912 0.8852589797 0.8495589281 0.8808841479 1.0000000000
0.506876 0.8848513816 0.8490842642 0.8782823529 1.0000000000
0.508841 0.8843271305 0.8484474157 0.8755678523 1.0000000000
0.510806 0.8836912715 0.8476489176 0.8727414710 1.0000000000
0.512770 0.8829516860 0.8466897028 0.8697961705 1.0000000000
0.514735 0.8821154249 0.8455700725 0.8667376505 1.0000000000
0.516699 0.8811916987 0.8442906672 0.8635659517 1.0000000000
0.518664 0.8801929332 0.8428522482 0.8602739993 1.0000000000
0.520629 0.8791324424 0.8412555488 0.8568557229 1.0000000000
0.522593 0.8780229844 0.8395016562 0.8533064535 1.0000000000
0.524558 0.8768784845 0.8375923807 0.8496137355 1.0000000000
0.526523 0.8757145871 0.8355302318 0.8457553752 1.0000000000
0.528487 0.8745379332 0.8333197295 0.8417192536 1.0000000000
0.530452 0.8733517136 0.8309671525 0.8374885100 1.0000000000
0.532417 0.8721533198 0.8284805282 0.8330486713 1.0000000000
0.534381 0.8709384672 0.8258685789 0.8283849726 1.0000000000
0.536346 0.8696913150 0.8231415886 0.8235047668 1.0000000000
0.538310 0.8683995470 0.8203087551 0.8184163896 1.0000000000
0.540275 0.8670531491 0.8173780404 0.8131341963 1.0000000000
0.542240 0.8656493433 0.8143554407 0.8076697232 1.0000000000
0.544204 0.8641834372 0.8112464422 0.8020461270 1.0000000000
0.546169 0.8626560105 0.8080552380 0.7962826664 1.0000000000
0.548134 0.8610711703 0.8047851791 0.7903952966 1.0000000000
0.550098 0.8594346370 0.8014392310 0.7843978875 1.0000000000
0.552063 0.8577566294 0.7980196314 0.7782957167 1.0000000000
0.554028 0.8560402231 0.7945296360 0.7721061004 1.0000000000
0.555992 0.8542921961 0.7909719678 0.7658380148 1.0000000000
0.557957 0.8525190721 0.7873493613 0.7594994149 1.0000000000
0.559921 0.8507269702 0.7836645734 0.7530974636 1.0000000000
0.561886 0.8489224556 0.7799202141 0.7466371929 1.0000000000
0.563851 0.8471119551 0.7761188024 0.7401227576 1.0000000000
0.565815 0.8452981073 0.7722633860 0.7335636824 1.0000000000
0.567780 0.8434852922 0.7683566040 0.7269653700 1.0000000000
0.569745 0.8416775077 0.7644010120 0.7203329939 1.0000000000
0.571709 0.8398783988 0.7603990720 0.7136714781 1.0000000000
0.573674 0.8380912348 0.7563531486 0.7069856139 1.0000000000
0.575639 0.8363189884 0.7522654895 0.7002799903 1.0000000000
0.577603 0.8345656906 0.7481379480 0.6935569765 1.0000000000
0.579568 0.8328327719 0.7439727182 0.6868223587 1.0000000000
0.581532 0.8311216353 0.7397718465 0.6800812520 1.0000000000
0.583497 0.8294340782 0.7355371222 0.6733377201 1.0000000000
0.585462 0.8277716072 0.7312702332 0.6665957020 1.0000000000
0.587426 0.8261354971 0.7269727552 0.6598590016 1.0000000000
0.589391 0.8245268129 0.7226461431 0.6531313792 1.0000000000
0.591356 0.8229463511 0.7182917733 0.6464164244 1.0000000000
0.593320 0.8213947206 0.7139109142 0.6397176670 1.0000000000
0.595285 0.8198723065 0.7095047498 0.6330385704 1.0000000000
0.597250 0.8183793116 0.7050743819 0.6263824548 1.0000000000
0.599214 0.8169157578 0.7006208301 0.6197526064 1.0000000000
0.601179 0.8154814663 0.6961450551 0.6131522121 1.0000000000
0.603143 0.8140761105 0.6916479479 0.6065843783 1.0000000000
0.605108 0.8126992204 0.6871303371 0.6000521482 1.0000000000
0.607073 0.8113501401 0.6825930155 0.5935584891 1.0000000000
0.609037 0.8100280947 0.6780367267 0.5871062691 1.0000000000
0.611002 0.8087321917 0.6734621670 0.5806983481 1.0000000000
0.612967 0.8074614045 0.6688700095 0.5743374637 1.0000000000
0.614931 0.8062146053 0.6642608959 0.5680262918 1.0000000000
0.616896 0.8049905479 0.6596354503 0.5617674511 1.0000000000
0.618861 0.8037879253 0.6549942655 0.5555635087 1.0000000000
0.620825 0.8026053115 0.6503379375 0.5494169158 1.0000000000
0.622790 0.8014412429 0.6456670346 0.5433300863 1.0000000000
0.624754 0.8002941539 0.6409821331 0.5373053519 1.0000000000
0.626719 0.7991624519 0.6362837937 0.5313449594 1.0000000000
0.628684 0.7980444782 0.6315725823 0.5254510814 1.0000000000
0.630648 0.7969385472 0.6268490568 0.5196258425 1.0000000000
0.632613 0.7958429238 0.6221137881 0.5138712409 1.0000000000
0.634578 0.7947558597 0.6173673440 0.5081892121 1.0000000000
0.636542 0.7936755970 0.6126102933 0.5025816129 1.0000000000
0.638507 0.7926003430 0.6078432209 0.4970502062 1.0000000000
0.640472 0.7915283284 0.6030667059 0.4915966702 1.0000000000
0.642436 0.7904577685 0.5982813428 0.4862225780 1.0000000000
0.644401 0.7893873777 0.5934875422 0.4809291382 1.0000000000
0.646365 0.7883151405 0.5886860017 0.4757179188 1.0000000000
0.648330 0.7872390411 0.5838774374 0.4705903958 1.0000000000
0.650295 0.7861573713 0.5790624630 0.4655477828 1.0000000000
0.652259 0.7850684502 0.5742417004 0.4605911621 1.0000000000
0.654224 0.7839706084 0.5694157833 0.4557215474 1.0000000000
0.656189 0.7828622526 0.5645853311 0.4509398582 1.0000000000
0.658153 0.7817418048 0.5597509805 0.4462468719 1.0000000000
0.660118 0.7806077475 0.5549133574 0.4416433243 1.0000000000
0.662083 0.7794586273 0.5500730841 0.4371297986 1.0000000000
0.664047 0.7782934581 0.5452305949 0.4327066478 1.0000000000
0.666012 0.7771103296 0.5403867491 0.4283745037 1.0000000000
0.667976 0.7759079073 0.5355421788 0.4241336791 1.0000000000
0.669941 0.7746849475 0.5306974938 0.4199844036 1.0000000000
0.671906 0.7734402183 0.5258533209 0.4159267954 1.0000000000
0.673870 0.7721725723 0.5210102659 0.4119608999 1.0000000000
0.675835 0.7708809196 0.5161689264 0.4080866758 1.0000000000
0.677800 0.7695642334 0.5113298902 0.4043039807 1.0000000000
0.679764 0.7682217660 0.5064936237 0.4006125709 1.0000000000
0.681729 0.7668522895 0.5016608471 0.3970122175 1.0000000000
0.683694 0.7654549259 0.4968321291 0.3935025400 1.0000000000
0.685658 0.7640288561 0.4920080253 0.3900830839 1.0000000000
0.687623 0.7625733355 0.4871890667 0.3867533504 1.0000000000
0.689587 0.7610876378 0.4823757913 0.3835127572 1.0000000000
0.691552 0.7595711111 0.4775687122 0.3803606578 1.0000000000
0.693517 0.7580232554 0.4727682732 0.3772963553 1.0000000000
0.695481 0.7564434158 0.4679750144 0.3743190904 1.0000000000
0.697446 0.7548310507 0.4631894280 0.3714280448 1.0000000000
0.699411 0.7531856637 0.4584119917 0.3686223664 1.0000000000
0.701375 0.7515068505 0.4536431450 0.3659011244 1.0000000000
0.703340 0.7497942055 0.4488833348 0.3632633756 1.0000000000
0.705305 0.7480473928 0.4441329778 0.3607081360 1.0000000000
0.707269 0.7462661579 0.4393924504 0.3582343914 1.0000000000
0.709234 0.7444501868 0.4346621718 0.3558410809 1.0000000000
0.711198 0.7425992160 0.4299425404 0.3535270925 1.0000000000
0.713163 0.7407130162 0.4252339390 0.3512913089 1.0000000000
0.715128 0.7387914002 0.4205367299 0.3491326015 1.0000000000
0.717092 0.7368342217 0.4158512585 0.3470497852 1.0000000000
0.719057 0.7348413360 0.4111778700 0.3450416947 1.0000000000
0.721022 0.7328127051 0.4065168469 0.3431071517 1.0000000000
0.722986 0.7307482075 0.4018685269 0.3412449533 1.0000000000
0.724951 0.7286477386 0.3972332448 0.3394538434 1.0000000000
0.726916 0.7265112290 0.3926113127 0.3377325942 1.0000000000
0.728880 0.7243386565 0.3880030159 0.3360799597 1.0000000000
0.730845 0.7221299918 0.3834086451 0.3344946998 1.0000000000
0.732809 0.7198852149 0.3788284884 0.3329755520 1.0000000000
0.734774 0.7176044491 0.3742627271 0.3315213862 1.0000000000
0.736739 0.7152876061 0.3697117023 0.3301308729 1.0000000000
0.738703 0.7129346684 0.3651757052 0.3288027427 1.0000000000
0.740668 0.7105456547 0.3606550029 0.3275357416 1.0000000000
0.742633 0.7081205957 0.3561498552 0.3263286189 1.0000000000
0.744597 0.7056595112 0.3516605298 0.3251801408 1.0000000000
0.746562 0.7031624946 0.3471872372 0.3240891368 1.0000000000
0.748527 0.7006296248 0.3427301931 0.3230544905 1.0000000000
0.750491 0.6980608154 0.3382897633 0.3220747886 1.0000000000
0.752456 0.6954560835 0.3338662216 0.3211488431 1.0000000000
0.754420 0.6928154485 0.3294598465 0.3202754315 1.0000000000
0.756385 0.6901389322 0.3250709182 0.3194533233 1.0000000000
0.758350 0.6874265644 0.3206997054 0.3186813762 1.0000000000
0.760314 0.6846785094 0.3163463482 0.3179587078 1.0000000000
0.762279 0.6818945715 0.3120113328 0.3172838049 1.0000000000
0.764244 0.6790747403 0.3076949788 0.3166554567 1.0000000000
0.766208 0.6762189792 0.3033976279 0.3160724937 1.0000000000
0.768173 0.6733272556 0.2991196276 0.3155337232 1.0000000000
0.770138 0.6703995955 0.2948612631 0.3150381396 1.0000000000
0.772102 0.6674360377 0.2906228008 0.3145848375 1.0000000000
0.774067 0.6644363247 0.2864048361 0.3141722340 1.0000000000
0.776031 0.6614003753 0.2822077887 0.3137991293 1.0000000000
0.777996 0.6583280801 0.2780321096 0.3134643448 1.0000000000
0.779961 0.6552193261 0.2738782665 0.3131666793 1.0000000000
0.781925 0.6520741729 0.2697465053 0.3129056061 1.0000000000
0.783890 0.6488923017 0.2656375534 0.3126794182 1.0000000000
0.785855 0.6456734938 0.2615520316 0.3124867375 1.0000000000
0.787819 0.6424175775 0.2574905199 0.3123263171 1.0000000000
0.789784 0.6391243388 0.2534536546 0.3121968961 1.0000000000
0.791749 0.6357937105 0.2494418582 0.3120979395 1.0000000000
0.793713 0.6324253485 0.2454559878 0.3120276597 1.0000000000
0.795678 0.6290189202 0.2414968919 0.3119844720 1.0000000000
0.797642 0.6255741650 0.2375653507 0.3119669831 1.0000000000
0.799607 0.6220907982 0.2336621873 0.3119738327 1.0000000000
0.801572 0.6185686526 0.2297879925 0.3120046384 1.0000000000
0.803536 0.6150072324 0.2259440204 0.3120568069 1.0000000000
0.805501 0.6114062073 0.2221312470 0.3121288140 1.0000000000
0.807466 0.6077652399 0.2183507017 0.3122190329 1.0000000000
0.809430 0.6040840170 0.2146033149 0.3123265264 1.0000000000
0.811395 0.6003621301 0.2108903014 0.3124493441 1.0000000000
0.813360 0.5965991811 0.2072129561 0.3125852303 1.0000000000
0.815324 0.5927948054 0.2035725141 0.3127323484 1.0000000000
0.817289 0.5889486194 0.1999702097 0.3128892221 1.0000000000
0.819253 0.5850602440 0.1964073705 0.3130540116 1.0000000000
0.821218 0.5811293276 0.1928854890 0.3132239939 1.0000000000
0.823183 0.5771555081 0.1894060149 0.3133970433 1.0000000000
0.825147 0.5731384575 0.1859703601 0.3135712687 1.0000000000
0.827112 0.5690778478 0.1825800446 0.3137444096 1.0000000000
0.829077 0.5649734353 0.1792366495 0.3139136046 1.0000000000
0.831041 0.5608249904 0.1759417089 0.3140763988 1.0000000000
0.833006 0.5566322903 0.1726967716 0.3142304320 1.0000000000
0.834971 0.5523952157 0.1695033881 0.3143729155 1.0000000000
0.836935 0.5481137003 0.1663630904 0.3145010299 1.0000000000
0.838900 0.5437877131 0.1632773855 0.3146120423 1.0000000000
0.840864 0.5394173665 0.1602476931 0.3147029503 1.0000000000
0.842829 0.5350027976 0.1572754078 0.3147708521 1.0000000000
0.844794 0.5305442049 0.1543618363 0.3148129979 1.0000000000
0.846758 0.5260418963 0.1515081866 0.3148265341 1.0000000000
0.848723 0.5214965286 0.1487154477 0.3148076795 1.0000000000
0.850688 0.5169084880 0.1459846307 0.3147540759 1.0000000000
0.852652 0.5122783511 0.1433165612 0.3146630923 1.0000000000
0.854617 0.5076068118 0.1407119265 0.3145320012 1.0000000000
0.856582 0.5028952497 0.1381708658 0.3143566215 1.0000000000
0.858546 0.4981443546 0.1356938030 0.3141351909 1.0000000000
0.860511 0.4933550438 0.1332809163 0.3138656196 1.0000000000
0.862475 0.4885284737 0.1309321093 0.3135455370 1.0000000000
0.864440 0.4836662862 0.1286467902 0.3131718857 1.0000000000
0.866405 0.4787703424 0.1264240140 0.3127417274 1.0000000000
0.868369 0.4738414370 0.1242635424 0.3122547017 1.0000000000
0.870334 0.4688811138 0.1221644558 0.3117091146 1.0000000000
0.872299 0.4638910284 0.1201256126 0.3111034345 1.0000000000
0.874263 0.4588728895 0.1181457114 0.3104363698 1.0000000000
0.876228 0.4538300509 0.1162218379 0.3097044125 1.0000000000
0.878193 0.4487629917 0.1143535557 0.3089090592 1.0000000000
0.880157 0.4436735865 0.1125391242 0.3080497310 1.0000000000
0.882122 0.4385637819 0.1107766783 0.3071260006 1.0000000000
0.884086 0.4334355841 0.1090642347 0.3061376793 1.0000000000
0.886051 0.4282910132 0.1073997763 0.3050847906 1.0000000000
0.888016 0.4231321427 0.1057812099 0.3039675809 1.0000000000
0.889980 0.4179610521 0.1042064489 0.3027865204 1.0000000000
0.891945 0.4127798563 0.1026734007 0.3015422644 1.0000000000
0.893910 0.4075912039 0.1011794559 0.3002351951 1.0000000000
0.895874 0.4023969238 0.0997229303 0.2988667437 1.0000000000
0.897839 0.3971987688 0.0983023210 0.2974385648 1.0000000000
0.899804 0.3919988756 0.0969158365 0.2959521201 1.0000000000
0.901768 0.3867993908 0.0955618196 0.2944090125 1.0000000000
0.903733 0.3816024738 0.0942387313 0.2928110751 1.0000000000
0.905697 0.3764103053 0.0929451981 0.2911602416 1.0000000000
0.907662 0.3712250843 0.0916799975 0.2894586540 1.0000000000
0.909627 0.3660503141 0.0904406854 0.2877077459 1.0000000000
0.911591 0.3608875239 0.0892271944 0.2859105046 1.0000000000
0.913556 0.3557388995 0.0880389744 0.2840695897 1.0000000000
0.915521 0.3506067825 0.0868755518 0.2821877054 1.0000000000
0.917485 0.3454935571 0.0857366550 0.2802676992 1.0000000000
0.919450 0.3404016436 0.0846222362 0.2783125460 1.0000000000
0.921415 0.3353335322 0.0835324341 0.2763253436 1.0000000000
0.923379 0.3302917447 0.0824676339 0.2743092940 1.0000000000
0.925344 0.3252788886 0.0814283901 0.2722677288 1.0000000000
0.927308 0.3202998656 0.0804129947 0.2702032289 1.0000000000
0.929273 0.3153587001 0.0794209973 0.2681190408 1.0000000000
0.931238 0.3104552085 0.0784568717 0.2660200573 1.0000000000
0.933202 0.3055922601 0.0775219631 0.2639100669 1.0000000000
0.935167 0.3007727681 0.0766178243 0.2617929410 1.0000000000
0.937132 0.2960004726 0.0757453360 0.2596724503 1.0000000000
0.939096 0.2912851539 0.0748990498 0.2575510160 1.0000000000
0.941061 0.2866230924 0.0740884608 0.2554347867 1.0000000000
0.943026 0.2820174630 0.0733156932 0.2533280030 1.0000000000
0.944990 0.2774715081 0.0725829699 0.2512349400 1.0000000000
0.946955 0.2729970152 0.0718835554 0.2491584709 1.0000000000
0.948919 0.2685909595 0.0712267163 0.2471044356 1.0000000000
0.950884 0.2642551221 0.0706165956 0.2450775887 1.0000000000
0.952849 0.2599946389 0.0700538556 0.2430821881 1.0000000000
0.954813 0.2558213555 0.0695323103 0.2411219049 1.0000000000
0.956778 0.2517289973 0.0690646308 0.2392026061 1.0000000000
0.958743 0.2477209299 0.0686533379 0.2373288009 1.0000000000
0.960707 0.2438114972 0.0682898515 0.2355042770 1.0000000000
0.962672 0.2399958619 0.0679850300 0.2337343426 1.0000000000
0.964637 0.2362749584 0.0677435982 0.2320236081 1.0000000000
0.966601 0.2326629992 0.0675571044 0.2303761749 1.0000000000
0.968566 0.2291562028 0.0674347309 0.2287968143 1.0000000000
0.970530 0.2257539682 0.0673821323 0.2272898478 1.0000000000
0.972495 0.2224730859 0.0673882141 0.2258596038 1.0000000000
0.974460 0.2193050393 0.0674657864 0.2245102362 1.0000000000
0.976424 0.2162527984 0.0676163303 0.2232456867 1.0000000000
0.978389 0.2133313860 0.0678301484 0.2220704321 1.0000000000
0.980354 0.2105288291 0.0681219525 0.2209875911 1.0000000000
0.982318 0.2078570466 0.0684843988 0.2200013392 1.0000000000
0.984283 0.2053172527 0.0689195923 0.2191151669 1.0000000000
0.986248 0.2029036533 0.0694352486 0.2183316789 1.0000000000
0.988212 0.2005876069 0.0700645761 0.2176272131 1.0000000000
0.990177 0.1981934366 0.0709746253 0.2169097506 1.0000000000
0.992141 0.1957185359 0.0721577810 0.2161749919 1.0000000000
0.994106 0.1931548637 0.0736068190 0.2154236294 1.0000000000
0.996071 0.1904957840 0.0753112784 0.2146562337 1.0000000000
0.998035 0.1877448204 0.0772515885 0.2138744858 1.0000000000
1.000000 0.1848803551 0.0794257303 0.2130765165 1.0000000000
