0.000000 1.0000000000 0.8034600000 0.9921500000 1.0000000000
0.003922 0.9939700000 0.7919700000 0.9837400000 1.0000000000
0.007843 0.9879100000 0.7805200000 0.9753500000 1.0000000000
0.011765 0.9818500000 0.7691000000 0.9669900000 1.0000000000
0.015686 0.9757800000 0.7577400000 0.9586700000 1.0000000000
0.019608 0.9697100000 0.7464300000 0.9503700000 1.0000000000
0.023529 0.9636300000 0.7351700000 0.9421100000 1.0000000000
0.027451 0.9575500000 0.7239700000 0.9338900000 1.0000000000
0.031373 0.9514700000 0.7128400000 0.9257000000 1.0000000000
0.035294 0.9453900000 0.7017700000 0.9175600000 1.0000000000
0.039216 0.9393100000 0.6907700000 0.9094500000 1.0000000000
0.043137 0.9332200000 0.6798400000 0.9013700000 1.0000000000
0.047059 0.9271300000 0.6689900000 0.8933400000 1.0000000000
0.050980 0.9210400000 0.6582100000 0.8853400000 1.0000000000
0.054902 0.9149500000 0.6475100000 0.8773800000 1.0000000000
0.058824 0.9088600000 0.6368900000 0.8694600000 1.0000000000
0.062745 0.9027600000 0.6263400000 0.8615800000 1.0000000000
0.066667 0.8966600000 0.6158800000 0.8537200000 1.0000000000
0.070588 0.8905500000 0.6055100000 0.8459100000 1.0000000000
0.074510 0.8844400000 0.5952200000 0.8381300000 1.0000000000
0.078431 0.8783100000 0.5850300000 0.8303900000 1.0000000000
0.082353 0.8721900000 0.5749100000 0.8226800000 1.0000000000
0.086275 0.8660500000 0.5649000000 0.8150000000 1.0000000000
0.090196 0.8599000000 0.5549900000 0.8073600000 1.0000000000
0.094118 0.8537300000 0.5451700000 0.7997400000 1.0000000000
0.098039 0.8475600000 0.5354400000 0.7921600000 1.0000000000
0.101961 0.8413800000 0.5258300000 0.7846100000 1.0000000000
0.105882 0.8351700000 0.5163000000 0.7770900000 1.0000000000
0.109804 0.8289600000 0.5069000000 0.7695900000 1.0000000000
0.113725 0.8227200000 0.4976100000 0.7621200000 1.0000000000
0.117647 0.8164700000 0.4884100000 0.7546900000 1.0000000000
0.121569 0.8101800000 0.4793400000 0.7472800000 1.0000000000
0.125490 0.8038900000 0.4703800000 0.7399000000 1.0000000000
0.129412 0.7975700000 0.4615400000 0.7325500000 1.0000000000
0.133333 0.7912300000 0.4528300000 0.7252200000 1.0000000000
0.137255 0.7848700000 0.4442400000 0.7179200000 1.0000000000
0.141176 0.7784700000 0.4357800000 0.7106400000 1.0000000000
0.145098 0.7720600000 0.4274500000 0.7033900000 1.0000000000
0.149020 0.7656200000 0.4192500000 0.6961700000 1.0000000000
0.152941 0.7591400000 0.4111800000 0.6889700000 1.0000000000
0.156863 0.7526400000 0.4032700000 0.6817900000 1.0000000000
0.160784 0.7461200000 0.3954900000 0.6746500000 1.0000000000
0.164706 0.7395700000 0.3878300000 0.6675200000 1.0000000000
0.168627 0.7329700000 0.3803400000 0.6604100000 1.0000000000
0.172549 0.7263400000 0.3729700000 0.6533100000 1.0000000000
0.176471 0.7196700000 0.3657500000 0.6462300000 1.0000000000
0.180392 0.7129300000 0.3586400000 0.6391500000 1.0000000000
0.184314 0.7061500000 0.3516600000 0.6320600000 1.0000000000
0.188235 0.6992900000 0.3448100000 0.6249600000 1.0000000000
0.192157 0.6923600000 0.3380400000 0.6178200000 1.0000000000
0.196078 0.6853200000 0.3313700000 0.6106400000 1.0000000000
0.200000 0.6781700000 0.3247900000 0.6034000000 1.0000000000
0.203922 0.6709100000 0.3183000000 0.5960900000 1.0000000000
0.207843 0.6635100000 0.3118400000 0.5887000000 1.0000000000
0.211765 0.6559800000 0.3054900000 0.5812300000 1.0000000000
0.215686 0.6482800000 0.2991700000 0.5736600000 1.0000000000
0.219608 0.6404500000 0.2928900000 0.5659900000 1.0000000000
0.223529 0.6324500000 0.2866700000 0.5582200000 1.0000000000
0.227451 0.6243000000 0.2805100000 0.5503500000 1.0000000000
0.231373 0.6159800000 0.2744200000 0.5423700000 1.0000000000
0.235294 0.6075200000 0.2683800000 0.5342800000 1.0000000000
0.239216 0.5988900000 0.2624000000 0.5261000000 1.0000000000
0.243137 0.5901200000 0.2564800000 0.5178200000 1.0000000000
0.247059 0.5812000000 0.2506300000 0.5094400000 1.0000000000
0.250980 0.5721400000 0.2448300000 0.5009700000 1.0000000000
0.254902 0.5629400000 0.2391400000 0.4924000000 1.0000000000
0.258824 0.5535900000 0.2334800000 0.4837600000 1.0000000000
0.262745 0.5441300000 0.2279500000 0.4750500000 1.0000000000
0.266667 0.5345400000 0.2224500000 0.4662300000 1.0000000000
0.270588 0.5248300000 0.2170600000 0.4573600000 1.0000000000
0.274510 0.5150100000 0.2117400000 0.4484300000 1.0000000000
0.278431 0.5050800000 0.2065100000 0.4394200000 1.0000000000
0.282353 0.4950700000 0.2013100000 0.4303600000 1.0000000000
0.286275 0.4849500000 0.1962800000 0.4212500000 1.0000000000
0.290196 0.4747600000 0.1912800000 0.4121000000 1.0000000000
0.294118 0.4645000000 0.1863900000 0.4029000000 1.0000000000
0.298039 0.4541500000 0.1815700000 0.3936700000 1.0000000000
0.301961 0.4437600000 0.1768800000 0.3844100000 1.0000000000
0.305882 0.4333100000 0.1722500000 0.3751300000 1.0000000000
0.309804 0.4228200000 0.1677300000 0.3658500000 1.0000000000
0.313725 0.4123200000 0.1633200000 0.3565500000 1.0000000000
0.317647 0.4017800000 0.1589700000 0.3472600000 1.0000000000
0.321569 0.3912500000 0.1547100000 0.3379600000 1.0000000000
0.325490 0.3807100000 0.1505800000 0.3286900000 1.0000000000
0.329412 0.3701700000 0.1465100000 0.3194500000 1.0000000000
0.333333 0.3596900000 0.1425800000 0.3102500000 1.0000000000
0.337255 0.3492300000 0.1387200000 0.3010600000 1.0000000000
0.341176 0.3388300000 0.1349900000 0.2919600000 1.0000000000
0.345098 0.3284900000 0.1313300000 0.2829300000 1.0000000000
0.349020 0.3182400000 0.1277800000 0.2739600000 1.0000000000
0.352941 0.3080800000 0.1243100000 0.2650800000 1.0000000000
0.356863 0.2980500000 0.1209700000 0.2563100000 1.0000000000
0.360784 0.2881500000 0.1177800000 0.2476800000 1.0000000000
0.364706 0.2784100000 0.1146200000 0.2391600000 1.0000000000
0.368627 0.2688500000 0.1116900000 0.2307900000 1.0000000000
0.372549 0.2594600000 0.1087700000 0.2225900000 1.0000000000
0.376471 0.2502500000 0.1060500000 0.2145500000 1.0000000000
0.380392 0.2413100000 0.1034100000 0.2067300000 1.0000000000
0.384314 0.2325800000 0.1008600000 0.1990500000 1.0000000000
0.388235 0.2241000000 0.0984940000 0.1916300000 1.0000000000
0.392157 0.2159300000 0.0961820000 0.1844300000 1.0000000000
0.396078 0.2079900000 0.0940980000 0.1774800000 1.0000000000
0.400000 0.2003200000 0.0921020000 0.1707200000 1.0000000000
0.403922 0.1929900000 0.0902100000 0.1642500000 1.0000000000
0.407843 0.1859600000 0.0884610000 0.1579900000 1.0000000000
0.411765 0.1791800000 0.0868610000 0.1519700000 1.0000000000
0.415686 0.1727200000 0.0853100000 0.1462300000 1.0000000000
0.419608 0.1665800000 0.0840170000 0.1407500000 1.0000000000
0.423529 0.1607000000 0.0827450000 0.1354600000 1.0000000000
0.427451 0.1551500000 0.0816830000 0.1304900000 1.0000000000
0.431373 0.1499000000 0.0806530000 0.1257000000 1.0000000000
0.435294 0.1449300000 0.0797800000 0.1211200000 1.0000000000
0.439216 0.1402000000 0.0790370000 0.1168500000 1.0000000000
0.443137 0.1357800000 0.0784260000 0.1128200000 1.0000000000
0.447059 0.1316800000 0.0779440000 0.1089400000 1.0000000000
0.450980 0.1278200000 0.0775860000 0.1052900000 1.0000000000
0.454902 0.1242200000 0.0773320000 0.1019000000 1.0000000000
0.458824 0.1209100000 0.0771610000 0.0987240000 1.0000000000
0.462745 0.1179300000 0.0770880000 0.0957390000 1.0000000000
0.466667 0.1151200000 0.0771240000 0.0929210000 1.0000000000
0.470588 0.1126700000 0.0772780000 0.0903440000 1.0000000000
0.474510 0.1104200000 0.0775570000 0.0878580000 1.0000000000
0.478431 0.1083500000 0.0779680000 0.0854310000 1.0000000000
0.482353 0.1066500000 0.0785160000 0.0832330000 1.0000000000
0.486275 0.1050000000 0.0792070000 0.0811850000 1.0000000000
0.490196 0.1036800000 0.0800480000 0.0792020000 1.0000000000
0.494118 0.1024500000 0.0810360000 0.0774080000 1.0000000000
0.498039 0.1014300000 0.0821730000 0.0757930000 1.0000000000
0.501961 0.1006000000 0.0833430000 0.0743440000 1.0000000000
0.505882 0.0999570000 0.0847330000 0.0730210000 1.0000000000
0.509804 0.0994920000 0.0861740000 0.0717990000 1.0000000000
0.513725 0.0992040000 0.0878680000 0.0707160000 1.0000000000
0.517647 0.0990920000 0.0896310000 0.0698130000 1.0000000000
0.521569 0.0991540000 0.0915820000 0.0690470000 1.0000000000
0.525490 0.0993840000 0.0935970000 0.0683370000 1.0000000000
0.529412 0.0997590000 0.0958710000 0.0677760000 1.0000000000
0.533333 0.1002900000 0.0983680000 0.0673510000 1.0000000000
0.537255 0.1009900000 0.1010000000 0.0670560000 1.0000000000
0.541176 0.1018500000 0.1039000000 0.0668910000 1.0000000000
0.545098 0.1029000000 0.1070200000 0.0668530000 1.0000000000
0.549020 0.1040700000 0.1103100000 0.0669420000 1.0000000000
0.552941 0.1054300000 0.1138000000 0.0671550000 1.0000000000
0.556863 0.1070100000 0.1175000000 0.0674850000 1.0000000000
0.560784 0.1086600000 0.1214200000 0.0679290000 1.0000000000
0.564706 0.1105900000 0.1256100000 0.0684900000 1.0000000000
0.568627 0.1126500000 0.1299800000 0.0691620000 1.0000000000
0.572549 0.1148300000 0.1345300000 0.0698420000 1.0000000000
0.576471 0.1172500000 0.1392300000 0.0706100000 1.0000000000
0.580392 0.1198500000 0.1442200000 0.0715280000 1.0000000000
0.584314 0.1225900000 0.1493700000 0.0724030000 1.0000000000
0.588235 0.1255800000 0.1546700000 0.0734630000 1.0000000000
0.592157 0.1286700000 0.1601500000 0.0744290000 1.0000000000
0.596078 0.1319600000 0.1658400000 0.0754510000 1.0000000000
0.600000 0.1354000000 0.1716900000 0.0764990000 1.0000000000
0.603922 0.1389800000 0.1777100000 0.0776150000 1.0000000000
0.607843 0.1427300000 0.1838200000 0.0788140000 1.0000000000
0.611765 0.1465800000 0.1901000000 0.0800980000 1.0000000000
0.615686 0.1505800000 0.1965400000 0.0814730000 1.0000000000
0.619608 0.1546800000 0.2030400000 0.0828200000 1.0000000000
0.623529 0.1589100000 0.2096800000 0.0843150000 1.0000000000
0.627451 0.1632400000 0.2164400000 0.0857260000 1.0000000000
0.631373 0.1676400000 0.2232600000 0.0873780000 1.0000000000
0.635294 0.1721400000 0.2301500000 0.0889550000 1.0000000000
0.639216 0.1767300000 0.2371700000 0.0906170000 1.0000000000
0.643137 0.1813900000 0.2441800000 0.0923140000 1.0000000000
0.647059 0.1861500000 0.2513200000 0.0940710000 1.0000000000
0.650980 0.1909200000 0.2584600000 0.0958390000 1.0000000000
0.654902 0.1957800000 0.2656700000 0.0977020000 1.0000000000
0.658824 0.2006700000 0.2729000000 0.0995390000 1.0000000000
0.662745 0.2056400000 0.2801600000 0.1014400000 1.0000000000
0.666667 0.2106200000 0.2874400000 0.1034200000 1.0000000000
0.670588 0.2156500000 0.2947500000 0.1053400000 1.0000000000
0.674510 0.2207200000 0.3020700000 0.1073700000 1.0000000000
0.678431 0.2257900000 0.3094200000 0.1094200000 1.0000000000
0.682353 0.2308700000 0.3167500000 0.1114600000 1.0000000000
0.686275 0.2360000000 0.3240700000 0.1135400000 1.0000000000
0.690196 0.2411200000 0.3314000000 0.1156300000 1.0000000000
0.694118 0.2462500000 0.3387400000 0.1177400000 1.0000000000
0.698039 0.2514200000 0.3460500000 0.1198800000 1.0000000000
0.701961 0.2565600000 0.3533700000 0.1220200000 1.0000000000
0.705882 0.2617100000 0.3606500000 0.1242200000 1.0000000000
0.709804 0.2668600000 0.3679300000 0.1264500000 1.0000000000
0.713725 0.2720000000 0.3751900000 0.1286500000 1.0000000000
0.717647 0.2771700000 0.3824200000 0.1309200000 1.0000000000
0.721569 0.2823100000 0.3896400000 0.1331600000 1.0000000000
0.725490 0.2874100000 0.3968200000 0.1354100000 1.0000000000
0.729412 0.2925300000 0.4039800000 0.1377300000 1.0000000000
0.733333 0.2976300000 0.4111100000 0.1399800000 1.0000000000
0.737255 0.3027100000 0.4182000000 0.1423200000 1.0000000000
0.741176 0.3077800000 0.4252700000 0.1446600000 1.0000000000
0.745098 0.3128300000 0.4323100000 0.1469900000 1.0000000000
0.749020 0.3178700000 0.4392900000 0.1493700000 1.0000000000
0.752941 0.3228900000 0.4462500000 0.1517300000 1.0000000000
0.756863 0.3278700000 0.4531800000 0.1541400000 1.0000000000
0.760784 0.3328600000 0.4600600000 0.1566000000 1.0000000000
0.764706 0.3378100000 0.4669300000 0.1590400000 1.0000000000
0.768627 0.3427600000 0.4737400000 0.1615500000 1.0000000000
0.772549 0.3476900000 0.4805400000 0.1640700000 1.0000000000
0.776471 0.3526000000 0.4873300000 0.1666100000 1.0000000000
0.780392 0.3575300000 0.4941000000 0.1692300000 1.0000000000
0.784314 0.3624500000 0.5008600000 0.1718500000 1.0000000000
0.788235 0.3673800000 0.5076400000 0.1745800000 1.0000000000
0.792157 0.3723400000 0.5144300000 0.1773800000 1.0000000000
0.796078 0.3773500000 0.5212500000 0.1802200000 1.0000000000
0.800000 0.3823800000 0.5281200000 0.1831800000 1.0000000000
0.803922 0.3874600000 0.5350500000 0.1862600000 1.0000000000
0.807843 0.3926100000 0.5420400000 0.1894200000 1.0000000000
0.811765 0.3978300000 0.5491100000 0.1927200000 1.0000000000
0.815686 0.4031100000 0.5562400000 0.1961600000 1.0000000000
0.819608 0.4084600000 0.5634800000 0.1997000000 1.0000000000
0.823529 0.4139000000 0.5707800000 0.2034500000 1.0000000000
0.827451 0.4194200000 0.5781900000 0.2073400000 1.0000000000
0.831373 0.4250300000 0.5857000000 0.2114000000 1.0000000000
0.835294 0.4307100000 0.5932900000 0.2156500000 1.0000000000
0.839216 0.4364900000 0.6009800000 0.2200900000 1.0000000000
0.843137 0.4423700000 0.6087800000 0.2247000000 1.0000000000
0.847059 0.4483300000 0.6166700000 0.2295600000 1.0000000000
0.850980 0.4543900000 0.6246500000 0.2346800000 1.0000000000
0.854902 0.4605300000 0.6327400000 0.2399700000 1.0000000000
0.858824 0.4667900000 0.6409200000 0.2455300000 1.0000000000
0.862745 0.4731300000 0.6492100000 0.2513800000 1.0000000000
0.866667 0.4795900000 0.6576000000 0.2574500000 1.0000000000
0.870588 0.4861200000 0.6660800000 0.2638200000 1.0000000000
0.874510 0.4927700000 0.6746600000 0.2704700000 1.0000000000
0.878431 0.4995100000 0.6833500000 0.2774000000 1.0000000000
0.882353 0.5063600000 0.6921300000 0.2846400000 1.0000000000
0.886275 0.5133100000 0.7010100000 0.2922000000 1.0000000000
0.890196 0.5203500000 0.7099800000 0.3000800000 1.0000000000
0.894118 0.5275000000 0.7190500000 0.3082800000 1.0000000000
0.898039 0.5347400000 0.7282100000 0.3168200000 1.0000000000
0.901961 0.5420700000 0.7374700000 0.3256700000 1.0000000000
0.905882 0.5495000000 0.7468200000 0.3349100000 1.0000000000
0.909804 0.5570200000 0.7562500000 0.3444300000 1.0000000000
0.913725 0.5646100000 0.7657700000 0.3543400000 1.0000000000
0.917647 0.5723000000 0.7753700000 0.3645700000 1.0000000000
0.921569 0.5800600000 0.7850600000 0.3751500000 1.0000000000
0.925490 0.5878900000 0.7948200000 0.3860700000 1.0000000000
0.929412 0.5958100000 0.8046500000 0.3973400000 1.0000000000
0.933333 0.6037900000 0.8145500000 0.4089400000 1.0000000000
0.937255 0.6118200000 0.8245300000 0.4208600000 1.0000000000
0.941176 0.6199100000 0.8345700000 0.4331100000 1.0000000000
0.945098 0.6280500000 0.8446700000 0.4456600000 1.0000000000
0.949020 0.6362300000 0.8548200000 0.4585200000 1.0000000000
0.952941 0.6444500000 0.8650300000 0.4716800000 1.0000000000
0.956863 0.6527000000 0.8753000000 0.4851100000 1.0000000000
0.960784 0.6609900000 0.8856200000 0.4988200000 1.0000000000
0.964706 0.6693000000 0.8959900000 0.5127800000 1.0000000000
0.968627 0.6776300000 0.9064100000 0.5269900000 1.0000000000
0.972549 0.6859700000 0.9168700000 0.5414100000 1.0000000000
0.976471 0.6943200000 0.9273800000 0.5560500000 1.0000000000
0.980392 0.7026900000 0.9379400000 0.5709000000 1.0000000000
0.984314 0.7110700000 0.9485500000 0.5859300000 1.0000000000
0.988235 0.7194500000 0.9592000000 0.6011200000 1.0000000000
0.992157 0.7278200000 0.9698900000 0.6164600000 1.0000000000
0.996078 0.7362000000 0.9806300000 0.6319100000 1.0000000000
1.000000 0.7445800000 0.9914100000 0.6474800000 1.0000000000
