0.000000 0.9932480000 0.9061570000 0.1439360000 1.0000000000
0.003922 0.9838680000 0.9048670000 0.1368970000 1.0000000000
0.007843 0.9744170000 0.9035900000 0.1302150000 1.0000000000
0.011765 0.9648940000 0.9023230000 0.1239410000 1.0000000000
0.015686 0.9553000000 0.9010650000 0.1181280000 1.0000000000
0.019608 0.9456360000 0.8998150000 0.1128380000 1.0000000000
0.023529 0.9359040000 0.8985700000 0.1081310000 1.0000000000
0.027451 0.9261060000 0.8973300000 0.1040710000 1.0000000000
0.031373 0.9162420000 0.8960910000 0.1007170000 1.0000000000
0.035294 0.9063110000 0.8948550000 0.0981250000 1.0000000000
0.039216 0.8963200000 0.8936160000 0.0963350000 1.0000000000
0.043137 0.8862710000 0.8923740000 0.0953740000 1.0000000000
0.047059 0.8761680000 0.8911250000 0.0952500000 1.0000000000
0.050980 0.8660130000 0.8898680000 0.0959530000 1.0000000000
0.054902 0.8558100000 0.8886010000 0.0974520000 1.0000000000
0.058824 0.8455610000 0.8873220000 0.0997020000 1.0000000000
0.062745 0.8352700000 0.8860290000 0.1026460000 1.0000000000
0.066667 0.8249400000 0.8847200000 0.1062170000 1.0000000000
0.070588 0.8145760000 0.8833930000 0.1103470000 1.0000000000
0.074510 0.8041820000 0.8820460000 0.1149650000 1.0000000000
0.078431 0.7937600000 0.8806780000 0.1200050000 1.0000000000
0.082353 0.7833150000 0.8792850000 0.1254050000 1.0000000000
0.086275 0.7728520000 0.8778680000 0.1311090000 1.0000000000
0.090196 0.7623730000 0.8764240000 0.1370640000 1.0000000000
0.094118 0.7518840000 0.8749510000 0.1432280000 1.0000000000
0.098039 0.7413880000 0.8734490000 0.1495610000 1.0000000000
0.101961 0.7308890000 0.8719160000 0.1560290000 1.0000000000
0.105882 0.7203910000 0.8703500000 0.1626030000 1.0000000000
0.109804 0.7098980000 0.8687510000 0.1692570000 1.0000000000
0.113725 0.6994150000 0.8671170000 0.1759710000 1.0000000000
0.117647 0.6889440000 0.8654480000 0.1827250000 1.0000000000
0.121569 0.6784890000 0.8637420000 0.1895030000 1.0000000000
0.125490 0.6680540000 0.8619990000 0.1962930000 1.0000000000
0.129412 0.6576420000 0.8602190000 0.2030820000 1.0000000000
0.133333 0.6472570000 0.8584000000 0.2098610000 1.0000000000
0.137255 0.6369020000 0.8565420000 0.2166200000 1.0000000000
0.141176 0.6265790000 0.8546450000 0.2233530000 1.0000000000
0.145098 0.6162930000 0.8527090000 0.2300520000 1.0000000000
0.149020 0.6060450000 0.8507330000 0.2367120000 1.0000000000
0.152941 0.5958390000 0.8487170000 0.2433290000 1.0000000000
0.156863 0.5856780000 0.8466610000 0.2498970000 1.0000000000
0.160784 0.5755630000 0.8445660000 0.2564150000 1.0000000000
0.164706 0.5654980000 0.8424300000 0.2628770000 1.0000000000
0.168627 0.5554840000 0.8402540000 0.2692810000 1.0000000000
0.172549 0.5455240000 0.8380390000 0.2756260000 1.0000000000
0.176471 0.5356210000 0.8357850000 0.2819080000 1.0000000000
0.180392 0.5257760000 0.8334910000 0.2881270000 1.0000000000
0.184314 0.5159920000 0.8311580000 0.2942790000 1.0000000000
0.188235 0.5062710000 0.8287860000 0.3003620000 1.0000000000
0.192157 0.4966150000 0.8263760000 0.3063770000 1.0000000000
0.196078 0.4870260000 0.8239290000 0.3123210000 1.0000000000
0.200000 0.4775040000 0.8214440000 0.3181950000 1.0000000000
0.203922 0.4680530000 0.8189210000 0.3239980000 1.0000000000
0.207843 0.4586740000 0.8163630000 0.3297270000 1.0000000000
0.211765 0.4493680000 0.8137680000 0.3353840000 1.0000000000
0.215686 0.4401370000 0.8111380000 0.3409670000 1.0000000000
0.219608 0.4309830000 0.8084730000 0.3464760000 1.0000000000
0.223529 0.4219080000 0.8057740000 0.3519100000 1.0000000000
0.227451 0.4129130000 0.8030410000 0.3572690000 1.0000000000
0.231373 0.4040010000 0.8002750000 0.3625520000 1.0000000000
0.235294 0.3951740000 0.7974750000 0.3677570000 1.0000000000
0.239216 0.3864330000 0.7946440000 0.3728860000 1.0000000000
0.243137 0.3777790000 0.7917810000 0.3779390000 1.0000000000
0.247059 0.3692140000 0.7888880000 0.3829140000 1.0000000000
0.250980 0.3607410000 0.7859640000 0.3878140000 1.0000000000
0.254902 0.3523600000 0.7830110000 0.3926360000 1.0000000000
0.258824 0.3440740000 0.7800290000 0.3973810000 1.0000000000
0.262745 0.3358850000 0.7770180000 0.4020490000 1.0000000000
0.266667 0.3277960000 0.7739800000 0.4066400000 1.0000000000
0.270588 0.3198090000 0.7709140000 0.4111520000 1.0000000000
0.274510 0.3119250000 0.7678220000 0.4155860000 1.0000000000
0.278431 0.3041480000 0.7647040000 0.4199430000 1.0000000000
0.282353 0.2964790000 0.7615610000 0.4242230000 1.0000000000
0.286275 0.2889210000 0.7583940000 0.4284260000 1.0000000000
0.290196 0.2814770000 0.7552030000 0.4325520000 1.0000000000
0.294118 0.2741490000 0.7519880000 0.4366010000 1.0000000000
0.298039 0.2669410000 0.7487510000 0.4405730000 1.0000000000
0.301961 0.2598570000 0.7454920000 0.4444670000 1.0000000000
0.305882 0.2528990000 0.7422110000 0.4482840000 1.0000000000
0.309804 0.2460700000 0.7389100000 0.4520240000 1.0000000000
0.313725 0.2393740000 0.7355880000 0.4556880000 1.0000000000
0.317647 0.2328150000 0.7322470000 0.4592770000 1.0000000000
0.321569 0.2263970000 0.7288880000 0.4627890000 1.0000000000
0.325490 0.2201240000 0.7255090000 0.4662260000 1.0000000000
0.329412 0.2140000000 0.7221140000 0.4695880000 1.0000000000
0.333333 0.2080300000 0.7187010000 0.4728730000 1.0000000000
0.337255 0.2022190000 0.7152720000 0.4760840000 1.0000000000
0.341176 0.1965710000 0.7118270000 0.4792210000 1.0000000000
0.345098 0.1910900000 0.7083660000 0.4822840000 1.0000000000
0.349020 0.1857830000 0.7048910000 0.4852730000 1.0000000000
0.352941 0.1806530000 0.7014020000 0.4881890000 1.0000000000
0.356863 0.1757070000 0.6979000000 0.4910330000 1.0000000000
0.360784 0.1709480000 0.6943840000 0.4938030000 1.0000000000
0.364706 0.1663830000 0.6908560000 0.4965020000 1.0000000000
0.368627 0.1620160000 0.6873160000 0.4991290000 1.0000000000
0.372549 0.1578510000 0.6837650000 0.5016860000 1.0000000000
0.376471 0.1538940000 0.6802030000 0.5041720000 1.0000000000
0.380392 0.1501480000 0.6766310000 0.5065890000 1.0000000000
0.384314 0.1466160000 0.6730500000 0.5089360000 1.0000000000
0.388235 0.1433030000 0.6694590000 0.5112150000 1.0000000000
0.392157 0.1402100000 0.6658590000 0.5134270000 1.0000000000
0.396078 0.1373390000 0.6622520000 0.5155710000 1.0000000000
0.400000 0.1346920000 0.6586360000 0.5176490000 1.0000000000
0.403922 0.1322680000 0.6550140000 0.5196610000 1.0000000000
0.407843 0.1300670000 0.6513840000 0.5216080000 1.0000000000
0.411765 0.1280870000 0.6477490000 0.5234910000 1.0000000000
0.415686 0.1263260000 0.6441070000 0.5253110000 1.0000000000
0.419608 0.1247800000 0.6404610000 0.5270680000 1.0000000000
0.423529 0.1234440000 0.6368090000 0.5287630000 1.0000000000
0.427451 0.1223120000 0.6331530000 0.5303980000 1.0000000000
0.431373 0.1213800000 0.6294920000 0.5319730000 1.0000000000
0.435294 0.1206380000 0.6258280000 0.5334880000 1.0000000000
0.439216 0.1200810000 0.6221610000 0.5349460000 1.0000000000
0.443137 0.1196990000 0.6184900000 0.5363470000 1.0000000000
0.447059 0.1194830000 0.6148170000 0.5376920000 1.0000000000
0.450980 0.1194230000 0.6111410000 0.5389820000 1.0000000000
0.454902 0.1195120000 0.6074640000 0.5402180000 1.0000000000
0.458824 0.1197380000 0.6037850000 0.5414000000 1.0000000000
0.462745 0.1200920000 0.6001040000 0.5425300000 1.0000000000
0.466667 0.1205650000 0.5964220000 0.5436110000 1.0000000000
0.470588 0.1211480000 0.5927390000 0.5446410000 1.0000000000
0.474510 0.1218310000 0.5890550000 0.5456230000 1.0000000000
0.478431 0.1226060000 0.5853710000 0.5465570000 1.0000000000
0.482353 0.1234630000 0.5816870000 0.5474450000 1.0000000000
0.486275 0.1243950000 0.5780020000 0.5482870000 1.0000000000
0.490196 0.1253940000 0.5743180000 0.5490860000 1.0000000000
0.494118 0.1264530000 0.5706330000 0.5498410000 1.0000000000
0.498039 0.1275680000 0.5669490000 0.5505560000 1.0000000000
0.501961 0.1287290000 0.5632650000 0.5512290000 1.0000000000
0.505882 0.1299330000 0.5595820000 0.5518640000 1.0000000000
0.509804 0.1311720000 0.5558990000 0.5524590000 1.0000000000
0.513725 0.1324440000 0.5522160000 0.5530180000 1.0000000000
0.517647 0.1337430000 0.5485350000 0.5535410000 1.0000000000
0.521569 0.1350660000 0.5448530000 0.5540290000 1.0000000000
0.525490 0.1364080000 0.5411730000 0.5544830000 1.0000000000
0.529412 0.1377700000 0.5374920000 0.5549060000 1.0000000000
0.533333 0.1391470000 0.5338120000 0.5552980000 1.0000000000
0.537255 0.1405360000 0.5301320000 0.5556590000 1.0000000000
0.541176 0.1419350000 0.5264530000 0.5559910000 1.0000000000
0.545098 0.1433430000 0.5227730000 0.5562950000 1.0000000000
0.549020 0.1447590000 0.5190930000 0.5565720000 1.0000000000
0.552941 0.1461800000 0.5154130000 0.5568230000 1.0000000000
0.556863 0.1476070000 0.5117330000 0.5570490000 1.0000000000
0.560784 0.1490390000 0.5080510000 0.5572500000 1.0000000000
0.564706 0.1504760000 0.5043690000 0.5574300000 1.0000000000
0.568627 0.1519180000 0.5006850000 0.5575870000 1.0000000000
0.572549 0.1533640000 0.4970000000 0.5577240000 1.0000000000
0.576471 0.1548150000 0.4933130000 0.5578400000 1.0000000000
0.580392 0.1562700000 0.4896240000 0.5579360000 1.0000000000
0.584314 0.1577290000 0.4859320000 0.5580130000 1.0000000000
0.588235 0.1591940000 0.4822370000 0.5580730000 1.0000000000
0.592157 0.1606650000 0.4785400000 0.5581150000 1.0000000000
0.596078 0.1621420000 0.4748380000 0.5581400000 1.0000000000
0.600000 0.1636250000 0.4711330000 0.5581480000 1.0000000000
0.603922 0.1651170000 0.4674230000 0.5581410000 1.0000000000
0.607843 0.1666170000 0.4637080000 0.5581190000 1.0000000000
0.611765 0.1681260000 0.4599880000 0.5580820000 1.0000000000
0.615686 0.1696460000 0.4562620000 0.5580300000 1.0000000000
0.619608 0.1711760000 0.4525300000 0.5579650000 1.0000000000
0.623529 0.1727190000 0.4487910000 0.5578850000 1.0000000000
0.627451 0.1742740000 0.4450440000 0.5577920000 1.0000000000
0.631373 0.1758410000 0.4412900000 0.5576850000 1.0000000000
0.635294 0.1774230000 0.4375270000 0.5575650000 1.0000000000
0.639216 0.1790190000 0.4337560000 0.5574300000 1.0000000000
0.643137 0.1806290000 0.4299750000 0.5572820000 1.0000000000
0.647059 0.1822560000 0.4261840000 0.5571200000 1.0000000000
0.650980 0.1838980000 0.4223830000 0.5569440000 1.0000000000
0.654902 0.1855560000 0.4185700000 0.5567530000 1.0000000000
0.658824 0.1872310000 0.4147460000 0.5565470000 1.0000000000
0.662745 0.1889230000 0.4109100000 0.5563260000 1.0000000000
0.666667 0.1906310000 0.4070610000 0.5560890000 1.0000000000
0.670588 0.1923570000 0.4031990000 0.5558360000 1.0000000000
0.674510 0.1941000000 0.3993230000 0.5555650000 1.0000000000
0.678431 0.1958600000 0.3954330000 0.5552760000 1.0000000000
0.682353 0.1976360000 0.3915280000 0.5549690000 1.0000000000
0.686275 0.1994300000 0.3876070000 0.5546420000 1.0000000000
0.690196 0.2012390000 0.3836700000 0.5542940000 1.0000000000
0.694118 0.2030630000 0.3797160000 0.5539250000 1.0000000000
0.698039 0.2049030000 0.3757460000 0.5535330000 1.0000000000
0.701961 0.2067560000 0.3717580000 0.5531170000 1.0000000000
0.705882 0.2086230000 0.3677520000 0.5526750000 1.0000000000
0.709804 0.2105030000 0.3637270000 0.5522060000 1.0000000000
0.713725 0.2123950000 0.3596830000 0.5517100000 1.0000000000
0.717647 0.2142980000 0.3556190000 0.5511840000 1.0000000000
0.721569 0.2162100000 0.3515350000 0.5506270000 1.0000000000
0.725490 0.2181300000 0.3474320000 0.5500380000 1.0000000000
0.729412 0.2200570000 0.3433070000 0.5494130000 1.0000000000
0.733333 0.2219890000 0.3391610000 0.5487520000 1.0000000000
0.737255 0.2239250000 0.3349940000 0.5480530000 1.0000000000
0.741176 0.2258630000 0.3308050000 0.5473140000 1.0000000000
0.745098 0.2278020000 0.3265940000 0.5465320000 1.0000000000
0.749020 0.2297390000 0.3223610000 0.5457060000 1.0000000000
0.752941 0.2316740000 0.3181060000 0.5448340000 1.0000000000
0.756863 0.2336030000 0.3138280000 0.5439140000 1.0000000000
0.760784 0.2355260000 0.3095270000 0.5429440000 1.0000000000
0.764706 0.2374410000 0.3052020000 0.5419210000 1.0000000000
0.768627 0.2393460000 0.3008550000 0.5408440000 1.0000000000
0.772549 0.2412370000 0.2964850000 0.5397090000 1.0000000000
0.776471 0.2431130000 0.2920920000 0.5385160000 1.0000000000
0.780392 0.2449720000 0.2876750000 0.5372600000 1.0000000000
0.784314 0.2468110000 0.2832370000 0.5359410000 1.0000000000
0.788235 0.2486290000 0.2787750000 0.5345560000 1.0000000000
0.792157 0.2504250000 0.2742900000 0.5331030000 1.0000000000
0.796078 0.2521940000 0.2697830000 0.5315790000 1.0000000000
0.800000 0.2539350000 0.2652540000 0.5299830000 1.0000000000
0.803922 0.2556450000 0.2607030000 0.5283120000 1.0000000000
0.807843 0.2573220000 0.2561300000 0.5265630000 1.0000000000
0.811765 0.2589650000 0.2515370000 0.5247360000 1.0000000000
0.815686 0.2605710000 0.2469220000 0.5228280000 1.0000000000
0.819608 0.2621380000 0.2422860000 0.5208370000 1.0000000000
0.823529 0.2636630000 0.2376310000 0.5187620000 1.0000000000
0.827451 0.2651450000 0.2329560000 0.5165990000 1.0000000000
0.831373 0.2665800000 0.2282620000 0.5143490000 1.0000000000
0.835294 0.2679680000 0.2235490000 0.5120080000 1.0000000000
0.839216 0.2693080000 0.2188180000 0.5095770000 1.0000000000
0.843137 0.2705950000 0.2140690000 0.5070520000 1.0000000000
0.847059 0.2718280000 0.2093030000 0.5044340000 1.0000000000
0.850980 0.2730060000 0.2045200000 0.5017210000 1.0000000000
0.854902 0.2741280000 0.1997210000 0.4989110000 1.0000000000
0.858824 0.2751910000 0.1949050000 0.4960050000 1.0000000000
0.862745 0.2761940000 0.1900740000 0.4930010000 1.0000000000
0.866667 0.2771340000 0.1852280000 0.4898980000 1.0000000000
0.870588 0.2780120000 0.1803670000 0.4866970000 1.0000000000
0.874510 0.2788260000 0.1754900000 0.4833970000 1.0000000000
0.878431 0.2795740000 0.1705990000 0.4799970000 1.0000000000
0.882353 0.2802550000 0.1656930000 0.4764980000 1.0000000000
0.886275 0.2808680000 0.1607710000 0.4728990000 1.0000000000
0.890196 0.2814120000 0.1558340000 0.4692010000 1.0000000000
0.894118 0.2818870000 0.1508810000 0.4654050000 1.0000000000
0.898039 0.2822900000 0.1459120000 0.4615100000 1.0000000000
0.901961 0.2826230000 0.1409260000 0.4575170000 1.0000000000
0.905882 0.2828840000 0.1359200000 0.4534270000 1.0000000000
0.909804 0.2830720000 0.1308950000 0.4492410000 1.0000000000
0.913725 0.2831870000 0.1258480000 0.4449600000 1.0000000000
0.917647 0.2832290000 0.1207770000 0.4405840000 1.0000000000
0.921569 0.2831970000 0.1156800000 0.4361150000 1.0000000000
0.925490 0.2830910000 0.1105530000 0.4315540000 1.0000000000
0.929412 0.2829100000 0.1053930000 0.4269020000 1.0000000000
0.933333 0.2826560000 0.1001960000 0.4221600000 1.0000000000
0.937255 0.2823270000 0.0949550000 0.4173310000 1.0000000000
0.941176 0.2819240000 0.0896660000 0.4124150000 1.0000000000
0.945098 0.2814460000 0.0843200000 0.4074140000 1.0000000000
0.949020 0.2808940000 0.0789070000 0.4023290000 1.0000000000
0.952941 0.2802670000 0.0734170000 0.3971630000 1.0000000000
0.956863 0.2795660000 0.0678360000 0.3919170000 1.0000000000
0.960784 0.2787910000 0.0621450000 0.3865920000 1.0000000000
0.964706 0.2779410000 0.0563240000 0.3811910000 1.0000000000
0.968627 0.2770180000 0.0503440000 0.3757150000 1.0000000000
0.972549 0.2760220000 0.0441670000 0.3701640000 1.0000000000
0.976471 0.2749520000 0.0377520000 0.3645430000 1.0000000000
0.980392 0.2738090000 0.0314970000 0.3588530000 1.0000000000
0.984314 0.2725940000 0.0255630000 0.3530930000 1.0000000000
0.988235 0.2713050000 0.0199420000 0.3472690000 1.0000000000
0.992157 0.2699440000 0.0146250000 0.3413790000 1.0000000000
0.996078 0.2685100000 0.0096050000 0.3354270000 1.0000000000
1.000000 0.2670040000 0.0048740000 0.3294150000 1.0000000000
