0.000000 0.8941176471 1.0000000000 0.4784313725 1.0000000000
0.003922 0.8957785467 0.9985851596 0.4725259516 1.0000000000
0.007843 0.8974394464 0.9971703191 0.4666205306 1.0000000000
0.011765 0.8991003460 0.9957554787 0.4607151096 1.0000000000
0.015686 0.9007612457 0.9943406382 0.4548096886 1.0000000000
0.019608 0.9024221453 0.9929257978 0.4489042676 1.0000000000
0.023529 0.9040830450 0.9915109573 0.4429988466 1.0000000000
0.027451 0.9057439446 0.9900961169 0.4370934256 1.0000000000
0.031373 0.9074048443 0.9886812764 0.4311880046 1.0000000000
0.035294 0.9090657439 0.9872664360 0.4252825836 1.0000000000
0.039216 0.9107266436 0.9858515955 0.4193771626 1.0000000000
0.043137 0.9123875433 0.9844367551 0.4134717416 1.0000000000
0.047059 0.9140484429 0.9830219146 0.4075663206 1.0000000000
0.050980 0.9157093426 0.9816070742 0.4016608997 1.0000000000
0.054902 0.9173702422 0.9801922338 0.3957554787 1.0000000000
0.058824 0.9190311419 0.9787773933 0.3898500577 1.0000000000
0.062745 0.9206920415 0.9773625529 0.3839446367 1.0000000000
0.066667 0.9223529412 0.9759477124 0.3780392157 1.0000000000
0.070588 0.9240138408 0.9745328720 0.3721337947 1.0000000000
0.074510 0.9256747405 0.9731180315 0.3662283737 1.0000000000
0.078431 0.9273356401 0.9717031911 0.3603229527 1.0000000000
0.082353 0.9289965398 0.9702883506 0.3544175317 1.0000000000
0.086275 0.9306574394 0.9688735102 0.3485121107 1.0000000000
0.090196 0.9323183391 0.9674586697 0.3426066897 1.0000000000
0.094118 0.9339792388 0.9660438293 0.3367012687 1.0000000000
0.098039 0.9356401384 0.9646289889 0.3307958478 1.0000000000
0.101961 0.9373010381 0.9632141484 0.3248904268 1.0000000000
0.105882 0.9389619377 0.9617993080 0.3189850058 1.0000000000
0.109804 0.9406228374 0.9603844675 0.3130795848 1.0000000000
0.113725 0.9422837370 0.9589696271 0.3071741638 1.0000000000
0.117647 0.9439446367 0.9575547866 0.3012687428 1.0000000000
0.121569 0.9456055363 0.9561399462 0.2953633218 1.0000000000
0.125490 0.9472664360 0.9547251057 0.2894579008 1.0000000000
0.129412 0.9489273356 0.9533102653 0.2835524798 1.0000000000
0.133333 0.9505882353 0.9518954248 0.2776470588 1.0000000000
0.137255 0.9522491349 0.9504805844 0.2717416378 1.0000000000
0.141176 0.9539100346 0.9490657439 0.2658362168 1.0000000000
0.145098 0.9555709343 0.9476509035 0.2599307958 1.0000000000
0.149020 0.9572318339 0.9462360631 0.2540253749 1.0000000000
0.152941 0.9588927336 0.9448212226 0.2481199539 1.0000000000
0.156863 0.9605536332 0.9434063822 0.2422145329 1.0000000000
0.160784 0.9622145329 0.9419915417 0.2363091119 1.0000000000
0.164706 0.9638754325 0.9405767013 0.2304036909 1.0000000000
0.168627 0.9655363322 0.9391618608 0.2244982699 1.0000000000
0.172549 0.9671972318 0.9377470204 0.2185928489 1.0000000000
0.176471 0.9688581315 0.9363321799 0.2126874279 1.0000000000
0.180392 0.9705190311 0.9349173395 0.2067820069 1.0000000000
0.184314 0.9721799308 0.9335024990 0.2008765859 1.0000000000
0.188235 0.9738408304 0.9320876586 0.1949711649 1.0000000000
0.192157 0.9755017301 0.9306728181 0.1890657439 1.0000000000
0.196078 0.9771626298 0.9292579777 0.1831603230 1.0000000000
0.200000 0.9788235294 0.9278431373 0.1772549020 1.0000000000
0.203922 0.9804844291 0.9264282968 0.1713494810 1.0000000000
0.207843 0.9821453287 0.9250134564 0.1654440600 1.0000000000
0.211765 0.9838062284 0.9235986159 0.1595386390 1.0000000000
0.215686 0.9854671280 0.9221837755 0.1536332180 1.0000000000
0.219608 0.9871280277 0.9207689350 0.1477277970 1.0000000000
0.223529 0.9887889273 0.9193540946 0.1418223760 1.0000000000
0.227451 0.9904498270 0.9179392541 0.1359169550 1.0000000000
0.231373 0.9921107266 0.9165244137 0.1300115340 1.0000000000
0.235294 0.9937716263 0.9151095732 0.1241061130 1.0000000000
0.239216 0.9954325260 0.9136947328 0.1182006920 1.0000000000
0.243137 0.9970934256 0.9122798923 0.1122952710 1.0000000000
0.247059 0.9987543253 0.9108650519 0.1063898501 1.0000000000
0.250980 1.0000000000 0.9091426374 0.1015609381 1.0000000000
0.254902 1.0000000000 0.9064975010 0.0999615532 1.0000000000
0.258824 1.0000000000 0.9038523645 0.0983621684 1.0000000000
0.262745 1.0000000000 0.9012072280 0.0967627835 1.0000000000
0.266667 1.0000000000 0.8985620915 0.0951633987 1.0000000000
0.270588 1.0000000000 0.8959169550 0.0935640138 1.0000000000
0.274510 1.0000000000 0.8932718185 0.0919646290 1.0000000000
0.278431 1.0000000000 0.8906266820 0.0903652441 1.0000000000
0.282353 1.0000000000 0.8879815456 0.0887658593 1.0000000000
0.286275 1.0000000000 0.8853364091 0.0871664744 1.0000000000
0.290196 1.0000000000 0.8826912726 0.0855670896 1.0000000000
0.294118 1.0000000000 0.8800461361 0.0839677047 1.0000000000
0.298039 1.0000000000 0.8774009996 0.0823683199 1.0000000000
0.301961 1.0000000000 0.8747558631 0.0807689350 1.0000000000
0.305882 1.0000000000 0.8721107266 0.0791695502 1.0000000000
0.309804 1.0000000000 0.8694655902 0.0775701653 1.0000000000
0.313725 1.0000000000 0.8668204537 0.0759707805 1.0000000000
0.317647 1.0000000000 0.8641753172 0.0743713956 1.0000000000
0.321569 1.0000000000 0.8615301807 0.0727720108 1.0000000000
0.325490 1.0000000000 0.8588850442 0.0711726259 1.0000000000
0.329412 1.0000000000 0.8562399077 0.0695732411 1.0000000000
0.333333 1.0000000000 0.8535947712 0.0679738562 1.0000000000
0.337255 1.0000000000 0.8509496348 0.0663744714 1.0000000000
0.341176 1.0000000000 0.8483044983 0.0647750865 1.0000000000
0.345098 1.0000000000 0.8456593618 0.0631757017 1.0000000000
0.349020 1.0000000000 0.8430142253 0.0615763168 1.0000000000
0.352941 1.0000000000 0.8403690888 0.0599769319 1.0000000000
0.356863 1.0000000000 0.8377239523 0.0583775471 1.0000000000
0.360784 1.0000000000 0.8350788158 0.0567781622 1.0000000000
0.364706 1.0000000000 0.8324336794 0.0551787774 1.0000000000
0.368627 1.0000000000 0.8297885429 0.0535793925 1.0000000000
0.372549 1.0000000000 0.8271434064 0.0519800077 1.0000000000
0.376471 1.0000000000 0.8244982699 0.0503806228 1.0000000000
0.380392 1.0000000000 0.8218531334 0.0487812380 1.0000000000
0.384314 1.0000000000 0.8192079969 0.0471818531 1.0000000000
0.388235 1.0000000000 0.8165628604 0.0455824683 1.0000000000
0.392157 1.0000000000 0.8139177240 0.0439830834 1.0000000000
0.396078 1.0000000000 0.8112725875 0.0423836986 1.0000000000
0.400000 1.0000000000 0.8086274510 0.0407843137 1.0000000000
0.403922 1.0000000000 0.8059823145 0.0391849289 1.0000000000
0.407843 1.0000000000 0.8033371780 0.0375855440 1.0000000000
0.411765 1.0000000000 0.8006920415 0.0359861592 1.0000000000
0.415686 1.0000000000 0.7980469050 0.0343867743 1.0000000000
0.419608 1.0000000000 0.7954017686 0.0327873895 1.0000000000
0.423529 1.0000000000 0.7927566321 0.0311880046 1.0000000000
0.427451 1.0000000000 0.7901114956 0.0295886198 1.0000000000
0.431373 1.0000000000 0.7874663591 0.0279892349 1.0000000000
0.435294 1.0000000000 0.7848212226 0.0263898501 1.0000000000
0.439216 1.0000000000 0.7821760861 0.0247904652 1.0000000000
0.443137 1.0000000000 0.7795309496 0.0231910804 1.0000000000
0.447059 1.0000000000 0.7768858131 0.0215916955 1.0000000000
0.450980 1.0000000000 0.7742406767 0.0199923106 1.0000000000
0.454902 1.0000000000 0.7715955402 0.0183929258 1.0000000000
0.458824 1.0000000000 0.7689504037 0.0167935409 1.0000000000
0.462745 1.0000000000 0.7663052672 0.0151941561 1.0000000000
0.466667 1.0000000000 0.7636601307 0.0135947712 1.0000000000
0.470588 1.0000000000 0.7610149942 0.0119953864 1.0000000000
0.474510 1.0000000000 0.7583698577 0.0103960015 1.0000000000
0.478431 1.0000000000 0.7557247213 0.0087966167 1.0000000000
0.482353 1.0000000000 0.7530795848 0.0071972318 1.0000000000
0.486275 1.0000000000 0.7504344483 0.0055978470 1.0000000000
0.490196 1.0000000000 0.7477893118 0.0039984621 1.0000000000
0.494118 1.0000000000 0.7451441753 0.0023990773 1.0000000000
0.498039 1.0000000000 0.7424990388 0.0007996924 1.0000000000
0.501961 1.0000000000 0.7402845060 0.0000000000 1.0000000000
0.505882 1.0000000000 0.7385005767 0.0000000000 1.0000000000
0.509804 1.0000000000 0.7367166474 0.0000000000 1.0000000000
0.513725 1.0000000000 0.7349327182 0.0000000000 1.0000000000
0.517647 1.0000000000 0.7331487889 0.0000000000 1.0000000000
0.521569 1.0000000000 0.7313648597 0.0000000000 1.0000000000
0.525490 1.0000000000 0.7295809304 0.0000000000 1.0000000000
0.529412 1.0000000000 0.7277970012 0.0000000000 1.0000000000
0.533333 1.0000000000 0.7260130719 0.0000000000 1.0000000000
0.537255 1.0000000000 0.7242291426 0.0000000000 1.0000000000
0.541176 1.0000000000 0.7224452134 0.0000000000 1.0000000000
0.545098 1.0000000000 0.7206612841 0.0000000000 1.0000000000
0.549020 1.0000000000 0.7188773549 0.0000000000 1.0000000000
0.552941 1.0000000000 0.7170934256 0.0000000000 1.0000000000
0.556863 1.0000000000 0.7153094963 0.0000000000 1.0000000000
0.560784 1.0000000000 0.7135255671 0.0000000000 1.0000000000
0.564706 1.0000000000 0.7117416378 0.0000000000 1.0000000000
0.568627 1.0000000000 0.7099577086 0.0000000000 1.0000000000
0.572549 1.0000000000 0.7081737793 0.0000000000 1.0000000000
0.576471 1.0000000000 0.7063898501 0.0000000000 1.0000000000
0.580392 1.0000000000 0.7046059208 0.0000000000 1.0000000000
0.584314 1.0000000000 0.7028219915 0.0000000000 1.0000000000
0.588235 1.0000000000 0.7010380623 0.0000000000 1.0000000000
0.592157 1.0000000000 0.6992541330 0.0000000000 1.0000000000
0.596078 1.0000000000 0.6974702038 0.0000000000 1.0000000000
0.600000 1.0000000000 0.6956862745 0.0000000000 1.0000000000
0.603922 1.0000000000 0.6939023453 0.0000000000 1.0000000000
0.607843 1.0000000000 0.6921184160 0.0000000000 1.0000000000
0.611765 1.0000000000 0.6903344867 0.0000000000 1.0000000000
0.615686 1.0000000000 0.6885505575 0.0000000000 1.0000000000
0.619608 1.0000000000 0.6867666282 0.0000000000 1.0000000000
0.623529 1.0000000000 0.6849826990 0.0000000000 1.0000000000
0.627451 1.0000000000 0.6831987697 0.0000000000 1.0000000000
0.631373 1.0000000000 0.6814148404 0.0000000000 1.0000000000
0.635294 1.0000000000 0.6796309112 0.0000000000 1.0000000000
0.639216 1.0000000000 0.6778469819 0.0000000000 1.0000000000
0.643137 1.0000000000 0.6760630527 0.0000000000 1.0000000000
0.647059 1.0000000000 0.6742791234 0.0000000000 1.0000000000
0.650980 1.0000000000 0.6724951942 0.0000000000 1.0000000000
0.654902 1.0000000000 0.6707112649 0.0000000000 1.0000000000
0.658824 1.0000000000 0.6689273356 0.0000000000 1.0000000000
0.662745 1.0000000000 0.6671434064 0.0000000000 1.0000000000
0.666667 1.0000000000 0.6653594771 0.0000000000 1.0000000000
0.670588 1.0000000000 0.6635755479 0.0000000000 1.0000000000
0.674510 1.0000000000 0.6617916186 0.0000000000 1.0000000000
0.678431 1.0000000000 0.6600076894 0.0000000000 1.0000000000
0.682353 1.0000000000 0.6582237601 0.0000000000 1.0000000000
0.686275 1.0000000000 0.6564398308 0.0000000000 1.0000000000
0.690196 1.0000000000 0.6546559016 0.0000000000 1.0000000000
0.694118 1.0000000000 0.6528719723 0.0000000000 1.0000000000
0.698039 1.0000000000 0.6510880431 0.0000000000 1.0000000000
0.701961 1.0000000000 0.6493041138 0.0000000000 1.0000000000
0.705882 1.0000000000 0.6475201845 0.0000000000 1.0000000000
0.709804 1.0000000000 0.6457362553 0.0000000000 1.0000000000
0.713725 1.0000000000 0.6439523260 0.0000000000 1.0000000000
0.717647 1.0000000000 0.6421683968 0.0000000000 1.0000000000
0.721569 1.0000000000 0.6403844675 0.0000000000 1.0000000000
0.725490 1.0000000000 0.6386005383 0.0000000000 1.0000000000
0.729412 1.0000000000 0.6368166090 0.0000000000 1.0000000000
0.733333 1.0000000000 0.6350326797 0.0000000000 1.0000000000
0.737255 1.0000000000 0.6332487505 0.0000000000 1.0000000000
0.741176 1.0000000000 0.6314648212 0.0000000000 1.0000000000
0.745098 1.0000000000 0.6296808920 0.0000000000 1.0000000000
0.749020 1.0000000000 0.6278969627 0.0000000000 1.0000000000
0.752941 0.9998615917 0.6259284890 0.0000000000 1.0000000000
0.756863 0.9996770473 0.6238985006 0.0000000000 1.0000000000
0.760784 0.9994925029 0.6218685121 0.0000000000 1.0000000000
0.764706 0.9993079585 0.6198385236 0.0000000000 1.0000000000
0.768627 0.9991234141 0.6178085352 0.0000000000 1.0000000000
0.772549 0.9989388697 0.6157785467 0.0000000000 1.0000000000
0.776471 0.9987543253 0.6137485582 0.0000000000 1.0000000000
0.780392 0.9985697809 0.6117185698 0.0000000000 1.0000000000
0.784314 0.9983852364 0.6096885813 0.0000000000 1.0000000000
0.788235 0.9982006920 0.6076585928 0.0000000000 1.0000000000
0.792157 0.9980161476 0.6056286044 0.0000000000 1.0000000000
0.796078 0.9978316032 0.6035986159 0.0000000000 1.0000000000
0.800000 0.9976470588 0.6015686275 0.0000000000 1.0000000000
0.803922 0.9974625144 0.5995386390 0.0000000000 1.0000000000
0.807843 0.9972779700 0.5975086505 0.0000000000 1.0000000000
0.811765 0.9970934256 0.5954786621 0.0000000000 1.0000000000
0.815686 0.9969088812 0.5934486736 0.0000000000 1.0000000000
0.819608 0.9967243368 0.5914186851 0.0000000000 1.0000000000
0.823529 0.9965397924 0.5893886967 0.0000000000 1.0000000000
0.827451 0.9963552480 0.5873587082 0.0000000000 1.0000000000
0.831373 0.9961707036 0.5853287197 0.0000000000 1.0000000000
0.835294 0.9959861592 0.5832987313 0.0000000000 1.0000000000
0.839216 0.9958016148 0.5812687428 0.0000000000 1.0000000000
0.843137 0.9956170704 0.5792387543 0.0000000000 1.0000000000
0.847059 0.9954325260 0.5772087659 0.0000000000 1.0000000000
0.850980 0.9952479815 0.5751787774 0.0000000000 1.0000000000
0.854902 0.9950634371 0.5731487889 0.0000000000 1.0000000000
0.858824 0.9948788927 0.5711188005 0.0000000000 1.0000000000
0.862745 0.9946943483 0.5690888120 0.0000000000 1.0000000000
0.866667 0.9945098039 0.5670588235 0.0000000000 1.0000000000
0.870588 0.9943252595 0.5650288351 0.0000000000 1.0000000000
0.874510 0.9941407151 0.5629988466 0.0000000000 1.0000000000
0.878431 0.9939561707 0.5609688581 0.0000000000 1.0000000000
0.882353 0.9937716263 0.5589388697 0.0000000000 1.0000000000
0.886275 0.9935870819 0.5569088812 0.0000000000 1.0000000000
0.890196 0.9934025375 0.5548788927 0.0000000000 1.0000000000
0.894118 0.9932179931 0.5528489043 0.0000000000 1.0000000000
0.898039 0.9930334487 0.5508189158 0.0000000000 1.0000000000
0.901961 0.9928489043 0.5487889273 0.0000000000 1.0000000000
0.905882 0.9926643599 0.5467589389 0.0000000000 1.0000000000
0.909804 0.9924798155 0.5447289504 0.0000000000 1.0000000000
0.913725 0.9922952710 0.5426989619 0.0000000000 1.0000000000
0.917647 0.9921107266 0.5406689735 0.0000000000 1.0000000000
0.921569 0.9919261822 0.5386389850 0.0000000000 1.0000000000
0.925490 0.9917416378 0.5366089965 0.0000000000 1.0000000000
0.929412 0.9915570934 0.5345790081 0.0000000000 1.0000000000
0.933333 0.9913725490 0.5325490196 0.0000000000 1.0000000000
0.937255 0.9911880046 0.5305190311 0.0000000000 1.0000000000
0.941176 0.9910034602 0.5284890427 0.0000000000 1.0000000000
0.945098 0.9908189158 0.5264590542 0.0000000000 1.0000000000
0.949020 0.9906343714 0.5244290657 0.0000000000 1.0000000000
0.952941 0.9904498270 0.5223990773 0.0000000000 1.0000000000
0.956863 0.9902652826 0.5203690888 0.0000000000 1.0000000000
0.960784 0.9900807382 0.5183391003 0.0000000000 1.0000000000
0.964706 0.9898961938 0.5163091119 0.0000000000 1.0000000000
0.968627 0.9897116494 0.5142791234 0.0000000000 1.0000000000
0.972549 0.9895271050 0.5122491349 0.0000000000 1.0000000000
0.976471 0.9893425606 0.5102191465 0.0000000000 1.0000000000
0.980392 0.9891580161 0.5081891580 0.0000000000 1.0000000000
0.984314 0.9889734717 0.5061591696 0.0000000000 1.0000000000
0.988235 0.9887889273 0.5041291811 0.0000000000 1.0000000000
0.992157 0.9886043829 0.5020991926 0.0000000000 1.0000000000
0.996078 0.9884198385 0.5000692042 0.0000000000 1.0000000000
1.000000 0.9882352941 0.4980392157 0.0000000000 1.0000000000
