0.000000 0.0000000000 0.2705882353 0.1607843137 1.0000000000
0.003922 0.0000000000 0.2748942714 0.1625067282 1.0000000000
0.007843 0.0000000000 0.2792003076 0.1642291426 1.0000000000
0.011765 0.0000000000 0.2835063437 0.1659515571 1.0000000000
0.015686 0.0000000000 0.2878123799 0.1676739715 1.0000000000
0.019608 0.0000000000 0.2921184160 0.1693963860 1.0000000000
0.023529 0.0000000000 0.2964244521 0.1711188005 1.0000000000
0.027451 0.0000000000 0.3007304883 0.1728412149 1.0000000000
0.031373 0.0000000000 0.3050365244 0.1745636294 1.0000000000
0.035294 0.0000000000 0.3093425606 0.1762860438 1.0000000000
0.039216 0.0000000000 0.3136485967 0.1780084583 1.0000000000
0.043137 0.0000000000 0.3179546328 0.1797308727 1.0000000000
0.047059 0.0000000000 0.3222606690 0.1814532872 1.0000000000
0.050980 0.0000000000 0.3265667051 0.1831757017 1.0000000000
0.054902 0.0000000000 0.3308727413 0.1848981161 1.0000000000
0.058824 0.0000000000 0.3351787774 0.1866205306 1.0000000000
0.062745 0.0000000000 0.3394848135 0.1883429450 1.0000000000
0.066667 0.0000000000 0.3437908497 0.1900653595 1.0000000000
0.070588 0.0000000000 0.3480968858 0.1917877739 1.0000000000
0.074510 0.0000000000 0.3524029220 0.1935101884 1.0000000000
0.078431 0.0000000000 0.3567089581 0.1952326028 1.0000000000
0.082353 0.0000000000 0.3610149942 0.1969550173 1.0000000000
0.086275 0.0000000000 0.3653210304 0.1986774318 1.0000000000
0.090196 0.0000000000 0.3696270665 0.2003998462 1.0000000000
0.094118 0.0000000000 0.3739331027 0.2021222607 1.0000000000
0.098039 0.0000000000 0.3782391388 0.2038446751 1.0000000000
0.101961 0.0000000000 0.3825451749 0.2055670896 1.0000000000
0.105882 0.0000000000 0.3868512111 0.2072895040 1.0000000000
0.109804 0.0000000000 0.3911572472 0.2090119185 1.0000000000
0.113725 0.0000000000 0.3954632834 0.2107343329 1.0000000000
0.117647 0.0000000000 0.3997693195 0.2124567474 1.0000000000
0.121569 0.0000000000 0.4040753556 0.2141791619 1.0000000000
0.125490 0.0005382545 0.4082737409 0.2158708189 1.0000000000
0.129412 0.0048442907 0.4117185698 0.2173471742 1.0000000000
0.133333 0.0091503268 0.4151633987 0.2188235294 1.0000000000
0.137255 0.0134563629 0.4186082276 0.2202998847 1.0000000000
0.141176 0.0177623991 0.4220530565 0.2217762399 1.0000000000
0.145098 0.0220684352 0.4254978854 0.2232525952 1.0000000000
0.149020 0.0263744714 0.4289427143 0.2247289504 1.0000000000
0.152941 0.0306805075 0.4323875433 0.2262053057 1.0000000000
0.156863 0.0349865436 0.4358323722 0.2276816609 1.0000000000
0.160784 0.0392925798 0.4392772011 0.2291580161 1.0000000000
0.164706 0.0435986159 0.4427220300 0.2306343714 1.0000000000
0.168627 0.0479046521 0.4461668589 0.2321107266 1.0000000000
0.172549 0.0522106882 0.4496116878 0.2335870819 1.0000000000
0.176471 0.0565167243 0.4530565167 0.2350634371 1.0000000000
0.180392 0.0608227605 0.4565013456 0.2365397924 1.0000000000
0.184314 0.0651287966 0.4599461745 0.2380161476 1.0000000000
0.188235 0.0694348328 0.4633910035 0.2394925029 1.0000000000
0.192157 0.0737408689 0.4668358324 0.2409688581 1.0000000000
0.196078 0.0780469050 0.4702806613 0.2424452134 1.0000000000
0.200000 0.0823529412 0.4737254902 0.2439215686 1.0000000000
0.203922 0.0866589773 0.4771703191 0.2453979239 1.0000000000
0.207843 0.0909650135 0.4806151480 0.2468742791 1.0000000000
0.211765 0.0952710496 0.4840599769 0.2483506344 1.0000000000
0.215686 0.0995770857 0.4875048058 0.2498269896 1.0000000000
0.219608 0.1038831219 0.4909496348 0.2513033449 1.0000000000
0.223529 0.1081891580 0.4943944637 0.2527797001 1.0000000000
0.227451 0.1124951942 0.4978392926 0.2542560554 1.0000000000
0.231373 0.1168012303 0.5012841215 0.2557324106 1.0000000000
0.235294 0.1211072664 0.5047289504 0.2572087659 1.0000000000
0.239216 0.1254133026 0.5081737793 0.2586851211 1.0000000000
0.243137 0.1297193387 0.5116186082 0.2601614764 1.0000000000
0.247059 0.1340253749 0.5150634371 0.2616378316 1.0000000000
0.250980 0.1381776240 0.5188465975 0.2635447905 1.0000000000
0.254902 0.1418685121 0.5236447520 0.2667435602 1.0000000000
0.258824 0.1455594002 0.5284429066 0.2699423299 1.0000000000
0.262745 0.1492502884 0.5332410611 0.2731410996 1.0000000000
0.266667 0.1529411765 0.5380392157 0.2763398693 1.0000000000
0.270588 0.1566320646 0.5428373702 0.2795386390 1.0000000000
0.274510 0.1603229527 0.5476355248 0.2827374087 1.0000000000
0.278431 0.1640138408 0.5524336794 0.2859361784 1.0000000000
0.282353 0.1677047290 0.5572318339 0.2891349481 1.0000000000
0.286275 0.1713956171 0.5620299885 0.2923337178 1.0000000000
0.290196 0.1750865052 0.5668281430 0.2955324875 1.0000000000
0.294118 0.1787773933 0.5716262976 0.2987312572 1.0000000000
0.298039 0.1824682814 0.5764244521 0.3019300269 1.0000000000
0.301961 0.1861591696 0.5812226067 0.3051287966 1.0000000000
0.305882 0.1898500577 0.5860207612 0.3083275663 1.0000000000
0.309804 0.1935409458 0.5908189158 0.3115263360 1.0000000000
0.313725 0.1972318339 0.5956170704 0.3147251057 1.0000000000
0.317647 0.2009227220 0.6004152249 0.3179238754 1.0000000000
0.321569 0.2046136101 0.6052133795 0.3211226451 1.0000000000
0.325490 0.2083044983 0.6100115340 0.3243214148 1.0000000000
0.329412 0.2119953864 0.6148096886 0.3275201845 1.0000000000
0.333333 0.2156862745 0.6196078431 0.3307189542 1.0000000000
0.337255 0.2193771626 0.6244059977 0.3339177240 1.0000000000
0.341176 0.2230680507 0.6292041522 0.3371164937 1.0000000000
0.345098 0.2267589389 0.6340023068 0.3403152634 1.0000000000
0.349020 0.2304498270 0.6388004614 0.3435140331 1.0000000000
0.352941 0.2341407151 0.6435986159 0.3467128028 1.0000000000
0.356863 0.2378316032 0.6483967705 0.3499115725 1.0000000000
0.360784 0.2415224913 0.6531949250 0.3531103422 1.0000000000
0.364706 0.2452133795 0.6579930796 0.3563091119 1.0000000000
0.368627 0.2489042676 0.6627912341 0.3595078816 1.0000000000
0.372549 0.2525951557 0.6675893887 0.3627066513 1.0000000000
0.376471 0.2574394464 0.6718339100 0.3659976932 1.0000000000
0.380392 0.2642060746 0.6751557093 0.3694425221 1.0000000000
0.384314 0.2709727028 0.6784775087 0.3728873510 1.0000000000
0.388235 0.2777393310 0.6817993080 0.3763321799 1.0000000000
0.392157 0.2845059592 0.6851211073 0.3797770088 1.0000000000
0.396078 0.2912725875 0.6884429066 0.3832218378 1.0000000000
0.400000 0.2980392157 0.6917647059 0.3866666667 1.0000000000
0.403922 0.3048058439 0.6950865052 0.3901114956 1.0000000000
0.407843 0.3115724721 0.6984083045 0.3935563245 1.0000000000
0.411765 0.3183391003 0.7017301038 0.3970011534 1.0000000000
0.415686 0.3251057286 0.7050519031 0.4004459823 1.0000000000
0.419608 0.3318723568 0.7083737024 0.4038908112 1.0000000000
0.423529 0.3386389850 0.7116955017 0.4073356401 1.0000000000
0.427451 0.3454056132 0.7150173010 0.4107804691 1.0000000000
0.431373 0.3521722414 0.7183391003 0.4142252980 1.0000000000
0.435294 0.3589388697 0.7216608997 0.4176701269 1.0000000000
0.439216 0.3657054979 0.7249826990 0.4211149558 1.0000000000
0.443137 0.3724721261 0.7283044983 0.4245597847 1.0000000000
0.447059 0.3792387543 0.7316262976 0.4280046136 1.0000000000
0.450980 0.3860053825 0.7349480969 0.4314494425 1.0000000000
0.454902 0.3927720108 0.7382698962 0.4348942714 1.0000000000
0.458824 0.3995386390 0.7415916955 0.4383391003 1.0000000000
0.462745 0.4063052672 0.7449134948 0.4417839293 1.0000000000
0.466667 0.4130718954 0.7482352941 0.4452287582 1.0000000000
0.470588 0.4198385236 0.7515570934 0.4486735871 1.0000000000
0.474510 0.4266051519 0.7548788927 0.4521184160 1.0000000000
0.478431 0.4333717801 0.7582006920 0.4555632449 1.0000000000
0.482353 0.4401384083 0.7615224913 0.4590080738 1.0000000000
0.486275 0.4469050365 0.7648442907 0.4624529027 1.0000000000
0.490196 0.4536716647 0.7681660900 0.4658977316 1.0000000000
0.494118 0.4604382930 0.7714878893 0.4693425606 1.0000000000
0.498039 0.4672049212 0.7748096886 0.4727873895 1.0000000000
0.501961 0.4738485198 0.7778854287 0.4758016148 1.0000000000
0.505882 0.4803690888 0.7807151096 0.4783852364 1.0000000000
0.509804 0.4868896578 0.7835447905 0.4809688581 1.0000000000
0.513725 0.4934102268 0.7863744714 0.4835524798 1.0000000000
0.517647 0.4999307958 0.7892041522 0.4861361015 1.0000000000
0.521569 0.5064513649 0.7920338331 0.4887197232 1.0000000000
0.525490 0.5129719339 0.7948635140 0.4913033449 1.0000000000
0.529412 0.5194925029 0.7976931949 0.4938869666 1.0000000000
0.533333 0.5260130719 0.8005228758 0.4964705882 1.0000000000
0.537255 0.5325336409 0.8033525567 0.4990542099 1.0000000000
0.541176 0.5390542099 0.8061822376 0.5016378316 1.0000000000
0.545098 0.5455747789 0.8090119185 0.5042214533 1.0000000000
0.549020 0.5520953479 0.8118415994 0.5068050750 1.0000000000
0.552941 0.5586159170 0.8146712803 0.5093886967 1.0000000000
0.556863 0.5651364860 0.8175009612 0.5119723183 1.0000000000
0.560784 0.5716570550 0.8203306421 0.5145559400 1.0000000000
0.564706 0.5781776240 0.8231603230 0.5171395617 1.0000000000
0.568627 0.5846981930 0.8259900038 0.5197231834 1.0000000000
0.572549 0.5912187620 0.8288196847 0.5223068051 1.0000000000
0.576471 0.5977393310 0.8316493656 0.5248904268 1.0000000000
0.580392 0.6042599000 0.8344790465 0.5274740484 1.0000000000
0.584314 0.6107804691 0.8373087274 0.5300576701 1.0000000000
0.588235 0.6173010381 0.8401384083 0.5326412918 1.0000000000
0.592157 0.6238216071 0.8429680892 0.5352249135 1.0000000000
0.596078 0.6303421761 0.8457977701 0.5378085352 1.0000000000
0.600000 0.6368627451 0.8486274510 0.5403921569 1.0000000000
0.603922 0.6433833141 0.8514571319 0.5429757785 1.0000000000
0.607843 0.6499038831 0.8542868128 0.5455594002 1.0000000000
0.611765 0.6564244521 0.8571164937 0.5481430219 1.0000000000
0.615686 0.6629450211 0.8599461745 0.5507266436 1.0000000000
0.619608 0.6694655902 0.8627758554 0.5533102653 1.0000000000
0.623529 0.6759861592 0.8656055363 0.5558938870 1.0000000000
0.627451 0.6818146867 0.8681276432 0.5584775087 1.0000000000
0.631373 0.6872279892 0.8704652057 0.5610611303 1.0000000000
0.635294 0.6926412918 0.8728027682 0.5636447520 1.0000000000
0.639216 0.6980545944 0.8751403306 0.5662283737 1.0000000000
0.643137 0.7034678970 0.8774778931 0.5688119954 1.0000000000
0.647059 0.7088811995 0.8798154556 0.5713956171 1.0000000000
0.650980 0.7142945021 0.8821530181 0.5739792388 1.0000000000
0.654902 0.7197078047 0.8844905805 0.5765628604 1.0000000000
0.658824 0.7251211073 0.8868281430 0.5791464821 1.0000000000
0.662745 0.7305344098 0.8891657055 0.5817301038 1.0000000000
0.666667 0.7359477124 0.8915032680 0.5843137255 1.0000000000
0.670588 0.7413610150 0.8938408304 0.5868973472 1.0000000000
0.674510 0.7467743176 0.8961783929 0.5894809689 1.0000000000
0.678431 0.7521876201 0.8985159554 0.5920645905 1.0000000000
0.682353 0.7576009227 0.9008535179 0.5946482122 1.0000000000
0.686275 0.7630142253 0.9031910804 0.5972318339 1.0000000000
0.690196 0.7684275279 0.9055286428 0.5998154556 1.0000000000
0.694118 0.7738408304 0.9078662053 0.6023990773 1.0000000000
0.698039 0.7792541330 0.9102037678 0.6049826990 1.0000000000
0.701961 0.7846674356 0.9125413303 0.6075663206 1.0000000000
0.705882 0.7900807382 0.9148788927 0.6101499423 1.0000000000
0.709804 0.7954940408 0.9172164552 0.6127335640 1.0000000000
0.713725 0.8009073433 0.9195540177 0.6153171857 1.0000000000
0.717647 0.8063206459 0.9218915802 0.6179008074 1.0000000000
0.721569 0.8117339485 0.9242291426 0.6204844291 1.0000000000
0.725490 0.8171472511 0.9265667051 0.6230680507 1.0000000000
0.729412 0.8225605536 0.9289042676 0.6256516724 1.0000000000
0.733333 0.8279738562 0.9312418301 0.6282352941 1.0000000000
0.737255 0.8333871588 0.9335793925 0.6308189158 1.0000000000
0.741176 0.8388004614 0.9359169550 0.6334025375 1.0000000000
0.745098 0.8442137639 0.9382545175 0.6359861592 1.0000000000
0.749020 0.8496270665 0.9405920800 0.6385697809 1.0000000000
0.752941 0.8537485582 0.9422837370 0.6412456747 1.0000000000
0.756863 0.8574394464 0.9437600923 0.6439523260 1.0000000000
0.760784 0.8611303345 0.9452364475 0.6466589773 1.0000000000
0.764706 0.8648212226 0.9467128028 0.6493656286 1.0000000000
0.768627 0.8685121107 0.9481891580 0.6520722799 1.0000000000
0.772549 0.8722029988 0.9496655133 0.6547789312 1.0000000000
0.776471 0.8758938870 0.9511418685 0.6574855825 1.0000000000
0.780392 0.8795847751 0.9526182238 0.6601922338 1.0000000000
0.784314 0.8832756632 0.9540945790 0.6628988850 1.0000000000
0.788235 0.8869665513 0.9555709343 0.6656055363 1.0000000000
0.792157 0.8906574394 0.9570472895 0.6683121876 1.0000000000
0.796078 0.8943483276 0.9585236448 0.6710188389 1.0000000000
0.800000 0.8980392157 0.9600000000 0.6737254902 1.0000000000
0.803922 0.9017301038 0.9614763552 0.6764321415 1.0000000000
0.807843 0.9054209919 0.9629527105 0.6791387928 1.0000000000
0.811765 0.9091118800 0.9644290657 0.6818454441 1.0000000000
0.815686 0.9128027682 0.9659054210 0.6845520953 1.0000000000
0.819608 0.9164936563 0.9673817762 0.6872587466 1.0000000000
0.823529 0.9201845444 0.9688581315 0.6899653979 1.0000000000
0.827451 0.9238754325 0.9703344867 0.6926720492 1.0000000000
0.831373 0.9275663206 0.9718108420 0.6953787005 1.0000000000
0.835294 0.9312572088 0.9732871972 0.6980853518 1.0000000000
0.839216 0.9349480969 0.9747635525 0.7007920031 1.0000000000
0.843137 0.9386389850 0.9762399077 0.7034986544 1.0000000000
0.847059 0.9423298731 0.9777162630 0.7062053057 1.0000000000
0.850980 0.9460207612 0.9791926182 0.7089119569 1.0000000000
0.854902 0.9497116494 0.9806689735 0.7116186082 1.0000000000
0.858824 0.9534025375 0.9821453287 0.7143252595 1.0000000000
0.862745 0.9570934256 0.9836216840 0.7170319108 1.0000000000
0.866667 0.9607843137 0.9850980392 0.7197385621 1.0000000000
0.870588 0.9644752018 0.9865743945 0.7224452134 1.0000000000
0.874510 0.9681660900 0.9880507497 0.7251518647 1.0000000000
0.878431 0.9694886582 0.9885582468 0.7302268358 1.0000000000
0.882353 0.9704728950 0.9889273356 0.7356401384 1.0000000000
0.886275 0.9714571319 0.9892964245 0.7410534410 1.0000000000
0.890196 0.9724413687 0.9896655133 0.7464667436 1.0000000000
0.894118 0.9734256055 0.9900346021 0.7518800461 1.0000000000
0.898039 0.9744098424 0.9904036909 0.7572933487 1.0000000000
0.901961 0.9753940792 0.9907727797 0.7627066513 1.0000000000
0.905882 0.9763783160 0.9911418685 0.7681199539 1.0000000000
0.909804 0.9773625529 0.9915109573 0.7735332564 1.0000000000
0.913725 0.9783467897 0.9918800461 0.7789465590 1.0000000000
0.917647 0.9793310265 0.9922491349 0.7843598616 1.0000000000
0.921569 0.9803152634 0.9926182238 0.7897731642 1.0000000000
0.925490 0.9812995002 0.9929873126 0.7951864667 1.0000000000
0.929412 0.9822837370 0.9933564014 0.8005997693 1.0000000000
0.933333 0.9832679739 0.9937254902 0.8060130719 1.0000000000
0.937255 0.9842522107 0.9940945790 0.8114263745 1.0000000000
0.941176 0.9852364475 0.9944636678 0.8168396770 1.0000000000
0.945098 0.9862206844 0.9948327566 0.8222529796 1.0000000000
0.949020 0.9872049212 0.9952018454 0.8276662822 1.0000000000
0.952941 0.9881891580 0.9955709343 0.8330795848 1.0000000000
0.956863 0.9891733948 0.9959400231 0.8384928874 1.0000000000
0.960784 0.9901576317 0.9963091119 0.8439061899 1.0000000000
0.964706 0.9911418685 0.9966782007 0.8493194925 1.0000000000
0.968627 0.9921261053 0.9970472895 0.8547327951 1.0000000000
0.972549 0.9931103422 0.9974163783 0.8601460977 1.0000000000
0.976471 0.9940945790 0.9977854671 0.8655594002 1.0000000000
0.980392 0.9950788158 0.9981545559 0.8709727028 1.0000000000
0.984314 0.9960630527 0.9985236448 0.8763860054 1.0000000000
0.988235 0.9970472895 0.9988927336 0.8817993080 1.0000000000
0.992157 0.9980315263 0.9992618224 0.8872126105 1.0000000000
0.996078 0.9990157632 0.9996309112 0.8926259131 1.0000000000
1.000000 1.0000000000 1.0000000000 0.8980392157 1.0000000000
