0.000000 0.0313725490 0.1137254902 0.3450980392 1.0000000000
0.003922 0.0349404075 0.1165551711 0.3524798155 1.0000000000
0.007843 0.0385082661 0.1193848520 0.3598615917 1.0000000000
0.011765 0.0420761246 0.1222145329 0.3672433679 1.0000000000
0.015686 0.0456439831 0.1250442138 0.3746251442 1.0000000000
0.019608 0.0492118416 0.1278738947 0.3820069204 1.0000000000
0.023529 0.0527797001 0.1307035755 0.3893886967 1.0000000000
0.027451 0.0563475586 0.1335332564 0.3967704729 1.0000000000
0.031373 0.0599154171 0.1363629373 0.4041522491 1.0000000000
0.035294 0.0634832757 0.1391926182 0.4115340254 1.0000000000
0.039216 0.0670511342 0.1420222991 0.4189158016 1.0000000000
0.043137 0.0706189927 0.1448519800 0.4262975779 1.0000000000
0.047059 0.0741868512 0.1476816609 0.4336793541 1.0000000000
0.050980 0.0777547097 0.1505113418 0.4410611303 1.0000000000
0.054902 0.0813225682 0.1533410227 0.4484429066 1.0000000000
0.058824 0.0848904268 0.1561707036 0.4558246828 1.0000000000
0.062745 0.0884582853 0.1590003845 0.4632064591 1.0000000000
0.066667 0.0920261438 0.1618300654 0.4705882353 1.0000000000
0.070588 0.0955940023 0.1646597463 0.4779700115 1.0000000000
0.074510 0.0991618608 0.1674894271 0.4853517878 1.0000000000
0.078431 0.1027297193 0.1703191080 0.4927335640 1.0000000000
0.082353 0.1062975779 0.1731487889 0.5001153403 1.0000000000
0.086275 0.1098654364 0.1759784698 0.5074971165 1.0000000000
0.090196 0.1134332949 0.1788081507 0.5148788927 1.0000000000
0.094118 0.1170011534 0.1816378316 0.5222606690 1.0000000000
0.098039 0.1205690119 0.1844675125 0.5296424452 1.0000000000
0.101961 0.1241368704 0.1872971934 0.5370242215 1.0000000000
0.105882 0.1277047290 0.1901268743 0.5444059977 1.0000000000
0.109804 0.1312725875 0.1929565552 0.5517877739 1.0000000000
0.113725 0.1348404460 0.1957862361 0.5591695502 1.0000000000
0.117647 0.1384083045 0.1986159170 0.5665513264 1.0000000000
0.121569 0.1419761630 0.2014455978 0.5739331027 1.0000000000
0.125490 0.1450519031 0.2045674740 0.5806997309 1.0000000000
0.129412 0.1446828143 0.2097347174 0.5831603230 1.0000000000
0.133333 0.1443137255 0.2149019608 0.5856209150 1.0000000000
0.137255 0.1439446367 0.2200692042 0.5880815071 1.0000000000
0.141176 0.1435755479 0.2252364475 0.5905420992 1.0000000000
0.145098 0.1432064591 0.2304036909 0.5930026913 1.0000000000
0.149020 0.1428373702 0.2355709343 0.5954632834 1.0000000000
0.152941 0.1424682814 0.2407381776 0.5979238754 1.0000000000
0.156863 0.1420991926 0.2459054210 0.6003844675 1.0000000000
0.160784 0.1417301038 0.2510726644 0.6028450596 1.0000000000
0.164706 0.1413610150 0.2562399077 0.6053056517 1.0000000000
0.168627 0.1409919262 0.2614071511 0.6077662438 1.0000000000
0.172549 0.1406228374 0.2665743945 0.6102268358 1.0000000000
0.176471 0.1402537486 0.2717416378 0.6126874279 1.0000000000
0.180392 0.1398846597 0.2769088812 0.6151480200 1.0000000000
0.184314 0.1395155709 0.2820761246 0.6176086121 1.0000000000
0.188235 0.1391464821 0.2872433679 0.6200692042 1.0000000000
0.192157 0.1387773933 0.2924106113 0.6225297962 1.0000000000
0.196078 0.1384083045 0.2975778547 0.6249903883 1.0000000000
0.200000 0.1380392157 0.3027450980 0.6274509804 1.0000000000
0.203922 0.1376701269 0.3079123414 0.6299115725 1.0000000000
0.207843 0.1373010381 0.3130795848 0.6323721646 1.0000000000
0.211765 0.1369319493 0.3182468281 0.6348327566 1.0000000000
0.215686 0.1365628604 0.3234140715 0.6372933487 1.0000000000
0.219608 0.1361937716 0.3285813149 0.6397539408 1.0000000000
0.223529 0.1358246828 0.3337485582 0.6422145329 1.0000000000
0.227451 0.1354555940 0.3389158016 0.6446751250 1.0000000000
0.231373 0.1350865052 0.3440830450 0.6471357170 1.0000000000
0.235294 0.1347174164 0.3492502884 0.6495963091 1.0000000000
0.239216 0.1343483276 0.3544175317 0.6520569012 1.0000000000
0.243137 0.1339792388 0.3595847751 0.6545174933 1.0000000000
0.247059 0.1336101499 0.3647520185 0.6569780854 1.0000000000
0.250980 0.1331795463 0.3701960784 0.6595617070 1.0000000000
0.254902 0.1325643983 0.3764705882 0.6625144175 1.0000000000
0.258824 0.1319492503 0.3827450980 0.6654671280 1.0000000000
0.262745 0.1313341023 0.3890196078 0.6684198385 1.0000000000
0.266667 0.1307189542 0.3952941176 0.6713725490 1.0000000000
0.270588 0.1301038062 0.4015686275 0.6743252595 1.0000000000
0.274510 0.1294886582 0.4078431373 0.6772779700 1.0000000000
0.278431 0.1288735102 0.4141176471 0.6802306805 1.0000000000
0.282353 0.1282583622 0.4203921569 0.6831833910 1.0000000000
0.286275 0.1276432141 0.4266666667 0.6861361015 1.0000000000
0.290196 0.1270280661 0.4329411765 0.6890888120 1.0000000000
0.294118 0.1264129181 0.4392156863 0.6920415225 1.0000000000
0.298039 0.1257977701 0.4454901961 0.6949942330 1.0000000000
0.301961 0.1251826221 0.4517647059 0.6979469435 1.0000000000
0.305882 0.1245674740 0.4580392157 0.7008996540 1.0000000000
0.309804 0.1239523260 0.4643137255 0.7038523645 1.0000000000
0.313725 0.1233371780 0.4705882353 0.7068050750 1.0000000000
0.317647 0.1227220300 0.4768627451 0.7097577855 1.0000000000
0.321569 0.1221068820 0.4831372549 0.7127104960 1.0000000000
0.325490 0.1214917339 0.4894117647 0.7156632065 1.0000000000
0.329412 0.1208765859 0.4956862745 0.7186159170 1.0000000000
0.333333 0.1202614379 0.5019607843 0.7215686275 1.0000000000
0.337255 0.1196462899 0.5082352941 0.7245213379 1.0000000000
0.341176 0.1190311419 0.5145098039 0.7274740484 1.0000000000
0.345098 0.1184159938 0.5207843137 0.7304267589 1.0000000000
0.349020 0.1178008458 0.5270588235 0.7333794694 1.0000000000
0.352941 0.1171856978 0.5333333333 0.7363321799 1.0000000000
0.356863 0.1165705498 0.5396078431 0.7392848904 1.0000000000
0.360784 0.1159554018 0.5458823529 0.7422376009 1.0000000000
0.364706 0.1153402537 0.5521568627 0.7451903114 1.0000000000
0.368627 0.1147251057 0.5584313725 0.7481430219 1.0000000000
0.372549 0.1141099577 0.5647058824 0.7510957324 1.0000000000
0.376471 0.1153863899 0.5703344867 0.7531257209 1.0000000000
0.380392 0.1198154556 0.5748865821 0.7536178393 1.0000000000
0.384314 0.1242445213 0.5794386774 0.7541099577 1.0000000000
0.388235 0.1286735871 0.5839907728 0.7546020761 1.0000000000
0.392157 0.1331026528 0.5885428681 0.7550941945 1.0000000000
0.396078 0.1375317186 0.5930949635 0.7555863130 1.0000000000
0.400000 0.1419607843 0.5976470588 0.7560784314 1.0000000000
0.403922 0.1463898501 0.6021991542 0.7565705498 1.0000000000
0.407843 0.1508189158 0.6067512495 0.7570626682 1.0000000000
0.411765 0.1552479815 0.6113033449 0.7575547866 1.0000000000
0.415686 0.1596770473 0.6158554402 0.7580469050 1.0000000000
0.419608 0.1641061130 0.6204075356 0.7585390235 1.0000000000
0.423529 0.1685351788 0.6249596309 0.7590311419 1.0000000000
0.427451 0.1729642445 0.6295117263 0.7595232603 1.0000000000
0.431373 0.1773933103 0.6340638216 0.7600153787 1.0000000000
0.435294 0.1818223760 0.6386159170 0.7605074971 1.0000000000
0.439216 0.1862514418 0.6431680123 0.7609996155 1.0000000000
0.443137 0.1906805075 0.6477201077 0.7614917339 1.0000000000
0.447059 0.1951095732 0.6522722030 0.7619838524 1.0000000000
0.450980 0.1995386390 0.6568242983 0.7624759708 1.0000000000
0.454902 0.2039677047 0.6613763937 0.7629680892 1.0000000000
0.458824 0.2083967705 0.6659284890 0.7634602076 1.0000000000
0.462745 0.2128258362 0.6704805844 0.7639523260 1.0000000000
0.466667 0.2172549020 0.6750326797 0.7644444444 1.0000000000
0.470588 0.2216839677 0.6795847751 0.7649365629 1.0000000000
0.474510 0.2261130334 0.6841368704 0.7654286813 1.0000000000
0.478431 0.2305420992 0.6886889658 0.7659207997 1.0000000000
0.482353 0.2349711649 0.6932410611 0.7664129181 1.0000000000
0.486275 0.2394002307 0.6977931565 0.7669050365 1.0000000000
0.490196 0.2438292964 0.7023452518 0.7673971549 1.0000000000
0.494118 0.2482583622 0.7068973472 0.7678892734 1.0000000000
0.498039 0.2526874279 0.7114494425 0.7683813918 1.0000000000
0.501961 0.2587158785 0.7151403306 0.7680738178 1.0000000000
0.505882 0.2663437140 0.7179700115 0.7669665513 1.0000000000
0.509804 0.2739715494 0.7207996924 0.7658592849 1.0000000000
0.513725 0.2815993849 0.7236293733 0.7647520185 1.0000000000
0.517647 0.2892272203 0.7264590542 0.7636447520 1.0000000000
0.521569 0.2968550557 0.7292887351 0.7625374856 1.0000000000
0.525490 0.3044828912 0.7321184160 0.7614302191 1.0000000000
0.529412 0.3121107266 0.7349480969 0.7603229527 1.0000000000
0.533333 0.3197385621 0.7377777778 0.7592156863 1.0000000000
0.537255 0.3273663975 0.7406074587 0.7581084198 1.0000000000
0.541176 0.3349942330 0.7434371396 0.7570011534 1.0000000000
0.545098 0.3426220684 0.7462668205 0.7558938870 1.0000000000
0.549020 0.3502499039 0.7490965013 0.7547866205 1.0000000000
0.552941 0.3578777393 0.7519261822 0.7536793541 1.0000000000
0.556863 0.3655055748 0.7547558631 0.7525720877 1.0000000000
0.560784 0.3731334102 0.7575855440 0.7514648212 1.0000000000
0.564706 0.3807612457 0.7604152249 0.7503575548 1.0000000000
0.568627 0.3883890811 0.7632449058 0.7492502884 1.0000000000
0.572549 0.3960169166 0.7660745867 0.7481430219 1.0000000000
0.576471 0.4036447520 0.7689042676 0.7470357555 1.0000000000
0.580392 0.4112725875 0.7717339485 0.7459284890 1.0000000000
0.584314 0.4189004229 0.7745636294 0.7448212226 1.0000000000
0.588235 0.4265282584 0.7773933103 0.7437139562 1.0000000000
0.592157 0.4341560938 0.7802229912 0.7426066897 1.0000000000
0.596078 0.4417839293 0.7830526720 0.7414994233 1.0000000000
0.600000 0.4494117647 0.7858823529 0.7403921569 1.0000000000
0.603922 0.4570396002 0.7887120338 0.7392848904 1.0000000000
0.607843 0.4646674356 0.7915417147 0.7381776240 1.0000000000
0.611765 0.4722952710 0.7943713956 0.7370703576 1.0000000000
0.615686 0.4799231065 0.7972010765 0.7359630911 1.0000000000
0.619608 0.4875509419 0.8000307574 0.7348558247 1.0000000000
0.623529 0.4951787774 0.8028604383 0.7337485582 1.0000000000
0.627451 0.5035755479 0.8060745867 0.7327950788 1.0000000000
0.631373 0.5124336794 0.8095194156 0.7319338716 1.0000000000
0.635294 0.5212918108 0.8129642445 0.7310726644 1.0000000000
0.639216 0.5301499423 0.8164090734 0.7302114571 1.0000000000
0.643137 0.5390080738 0.8198539023 0.7293502499 1.0000000000
0.647059 0.5478662053 0.8232987313 0.7284890427 1.0000000000
0.650980 0.5567243368 0.8267435602 0.7276278354 1.0000000000
0.654902 0.5655824683 0.8301883891 0.7267666282 1.0000000000
0.658824 0.5744405998 0.8336332180 0.7259054210 1.0000000000
0.662745 0.5832987313 0.8370780469 0.7250442138 1.0000000000
0.666667 0.5921568627 0.8405228758 0.7241830065 1.0000000000
0.670588 0.6010149942 0.8439677047 0.7233217993 1.0000000000
0.674510 0.6098731257 0.8474125336 0.7224605921 1.0000000000
0.678431 0.6187312572 0.8508573626 0.7215993849 1.0000000000
0.682353 0.6275893887 0.8543021915 0.7207381776 1.0000000000
0.686275 0.6364475202 0.8577470204 0.7198769704 1.0000000000
0.690196 0.6453056517 0.8611918493 0.7190157632 1.0000000000
0.694118 0.6541637832 0.8646366782 0.7181545559 1.0000000000
0.698039 0.6630219146 0.8680815071 0.7172933487 1.0000000000
0.701961 0.6718800461 0.8715263360 0.7164321415 1.0000000000
0.705882 0.6807381776 0.8749711649 0.7155709343 1.0000000000
0.709804 0.6895963091 0.8784159938 0.7147097270 1.0000000000
0.713725 0.6984544406 0.8818608228 0.7138485198 1.0000000000
0.717647 0.7073125721 0.8853056517 0.7129873126 1.0000000000
0.721569 0.7161707036 0.8887504806 0.7121261053 1.0000000000
0.725490 0.7250288351 0.8921953095 0.7112648981 1.0000000000
0.729412 0.7338869666 0.8956401384 0.7104036909 1.0000000000
0.733333 0.7427450980 0.8990849673 0.7095424837 1.0000000000
0.737255 0.7516032295 0.9025297962 0.7086812764 1.0000000000
0.741176 0.7604613610 0.9059746251 0.7078200692 1.0000000000
0.745098 0.7693194925 0.9094194541 0.7069588620 1.0000000000
0.749020 0.7781776240 0.9128642830 0.7060976547 1.0000000000
0.752941 0.7838985006 0.9151095732 0.7056055363 1.0000000000
0.756863 0.7885736255 0.9169550173 0.7052364475 1.0000000000
0.760784 0.7932487505 0.9188004614 0.7048673587 1.0000000000
0.764706 0.7979238754 0.9206459054 0.7044982699 1.0000000000
0.768627 0.8025990004 0.9224913495 0.7041291811 1.0000000000
0.772549 0.8072741253 0.9243367935 0.7037600923 1.0000000000
0.776471 0.8119492503 0.9261822376 0.7033910035 1.0000000000
0.780392 0.8166243752 0.9280276817 0.7030219146 1.0000000000
0.784314 0.8212995002 0.9298731257 0.7026528258 1.0000000000
0.788235 0.8259746251 0.9317185698 0.7022837370 1.0000000000
0.792157 0.8306497501 0.9335640138 0.7019146482 1.0000000000
0.796078 0.8353248750 0.9354094579 0.7015455594 1.0000000000
0.800000 0.8400000000 0.9372549020 0.7011764706 1.0000000000
0.803922 0.8446751250 0.9391003460 0.7008073818 1.0000000000
0.807843 0.8493502499 0.9409457901 0.7004382930 1.0000000000
0.811765 0.8540253749 0.9427912341 0.7000692042 1.0000000000
0.815686 0.8587004998 0.9446366782 0.6997001153 1.0000000000
0.819608 0.8633756248 0.9464821223 0.6993310265 1.0000000000
0.823529 0.8680507497 0.9483275663 0.6989619377 1.0000000000
0.827451 0.8727258747 0.9501730104 0.6985928489 1.0000000000
0.831373 0.8774009996 0.9520184544 0.6982237601 1.0000000000
0.835294 0.8820761246 0.9538638985 0.6978546713 1.0000000000
0.839216 0.8867512495 0.9557093426 0.6974855825 1.0000000000
0.843137 0.8914263745 0.9575547866 0.6971164937 1.0000000000
0.847059 0.8961014994 0.9594002307 0.6967474048 1.0000000000
0.850980 0.9007766244 0.9612456747 0.6963783160 1.0000000000
0.854902 0.9054517493 0.9630911188 0.6960092272 1.0000000000
0.858824 0.9101268743 0.9649365629 0.6956401384 1.0000000000
0.862745 0.9148019992 0.9667820069 0.6952710496 1.0000000000
0.866667 0.9194771242 0.9686274510 0.6949019608 1.0000000000
0.870588 0.9241522491 0.9704728950 0.6945328720 1.0000000000
0.874510 0.9288273741 0.9723183391 0.6941637832 1.0000000000
0.878431 0.9313494810 0.9733025759 0.6984236832 1.0000000000
0.882353 0.9335640138 0.9741637832 0.7033448674 1.0000000000
0.886275 0.9357785467 0.9750249904 0.7082660515 1.0000000000
0.890196 0.9379930796 0.9758861976 0.7131872357 1.0000000000
0.894118 0.9402076125 0.9767474048 0.7181084198 1.0000000000
0.898039 0.9424221453 0.9776086121 0.7230296040 1.0000000000
0.901961 0.9446366782 0.9784698193 0.7279507882 1.0000000000
0.905882 0.9468512111 0.9793310265 0.7328719723 1.0000000000
0.909804 0.9490657439 0.9801922338 0.7377931565 1.0000000000
0.913725 0.9512802768 0.9810534410 0.7427143406 1.0000000000
0.917647 0.9534948097 0.9819146482 0.7476355248 1.0000000000
0.921569 0.9557093426 0.9827758554 0.7525567090 1.0000000000
0.925490 0.9579238754 0.9836370627 0.7574778931 1.0000000000
0.929412 0.9601384083 0.9844982699 0.7623990773 1.0000000000
0.933333 0.9623529412 0.9853594771 0.7673202614 1.0000000000
0.937255 0.9645674740 0.9862206844 0.7722414456 1.0000000000
0.941176 0.9667820069 0.9870818916 0.7771626298 1.0000000000
0.945098 0.9689965398 0.9879430988 0.7820838139 1.0000000000
0.949020 0.9712110727 0.9888043060 0.7870049981 1.0000000000
0.952941 0.9734256055 0.9896655133 0.7919261822 1.0000000000
0.956863 0.9756401384 0.9905267205 0.7968473664 1.0000000000
0.960784 0.9778546713 0.9913879277 0.8017685506 1.0000000000
0.964706 0.9800692042 0.9922491349 0.8066897347 1.0000000000
0.968627 0.9822837370 0.9931103422 0.8116109189 1.0000000000
0.972549 0.9844982699 0.9939715494 0.8165321030 1.0000000000
0.976471 0.9867128028 0.9948327566 0.8214532872 1.0000000000
0.980392 0.9889273356 0.9956939639 0.8263744714 1.0000000000
0.984314 0.9911418685 0.9965551711 0.8312956555 1.0000000000
0.988235 0.9933564014 0.9974163783 0.8362168397 1.0000000000
0.992157 0.9955709343 0.9982775855 0.8411380238 1.0000000000
0.996078 0.9977854671 0.9991387928 0.8460592080 1.0000000000
1.000000 1.0000000000 1.0000000000 0.8509803922 1.0000000000
