0.000000 1.0000000000 1.0000000000 0.8000000000 1.0000000000
0.003922 1.0000000000 0.9977854671 0.7945866974 1.0000000000
0.007843 1.0000000000 0.9955709343 0.7891733948 1.0000000000
0.011765 1.0000000000 0.9933564014 0.7837600923 1.0000000000
0.015686 1.0000000000 0.9911418685 0.7783467897 1.0000000000
0.019608 1.0000000000 0.9889273356 0.7729334871 1.0000000000
0.023529 1.0000000000 0.9867128028 0.7675201845 1.0000000000
0.027451 1.0000000000 0.9844982699 0.7621068820 1.0000000000
0.031373 1.0000000000 0.9822837370 0.7566935794 1.0000000000
0.035294 1.0000000000 0.9800692042 0.7512802768 1.0000000000
0.039216 1.0000000000 0.9778546713 0.7458669742 1.0000000000
0.043137 1.0000000000 0.9756401384 0.7404536717 1.0000000000
0.047059 1.0000000000 0.9734256055 0.7350403691 1.0000000000
0.050980 1.0000000000 0.9712110727 0.7296270665 1.0000000000
0.054902 1.0000000000 0.9689965398 0.7242137639 1.0000000000
0.058824 1.0000000000 0.9667820069 0.7188004614 1.0000000000
0.062745 1.0000000000 0.9645674740 0.7133871588 1.0000000000
0.066667 1.0000000000 0.9623529412 0.7079738562 1.0000000000
0.070588 1.0000000000 0.9601384083 0.7025605536 1.0000000000
0.074510 1.0000000000 0.9579238754 0.6971472511 1.0000000000
0.078431 1.0000000000 0.9557093426 0.6917339485 1.0000000000
0.082353 1.0000000000 0.9534948097 0.6863206459 1.0000000000
0.086275 1.0000000000 0.9512802768 0.6809073433 1.0000000000
0.090196 1.0000000000 0.9490657439 0.6754940408 1.0000000000
0.094118 1.0000000000 0.9468512111 0.6700807382 1.0000000000
0.098039 1.0000000000 0.9446366782 0.6646674356 1.0000000000
0.101961 1.0000000000 0.9424221453 0.6592541330 1.0000000000
0.105882 1.0000000000 0.9402076125 0.6538408304 1.0000000000
0.109804 1.0000000000 0.9379930796 0.6484275279 1.0000000000
0.113725 1.0000000000 0.9357785467 0.6430142253 1.0000000000
0.117647 1.0000000000 0.9335640138 0.6376009227 1.0000000000
0.121569 1.0000000000 0.9313494810 0.6321876201 1.0000000000
0.125490 0.9999846213 0.9291041907 0.6268050750 1.0000000000
0.129412 0.9998615917 0.9266435986 0.6216378316 1.0000000000
0.133333 0.9997385621 0.9241830065 0.6164705882 1.0000000000
0.137255 0.9996155325 0.9217224145 0.6113033449 1.0000000000
0.141176 0.9994925029 0.9192618224 0.6061361015 1.0000000000
0.145098 0.9993694733 0.9168012303 0.6009688581 1.0000000000
0.149020 0.9992464437 0.9143406382 0.5958016148 1.0000000000
0.152941 0.9991234141 0.9118800461 0.5906343714 1.0000000000
0.156863 0.9990003845 0.9094194541 0.5854671280 1.0000000000
0.160784 0.9988773549 0.9069588620 0.5802998847 1.0000000000
0.164706 0.9987543253 0.9044982699 0.5751326413 1.0000000000
0.168627 0.9986312957 0.9020376778 0.5699653979 1.0000000000
0.172549 0.9985082661 0.8995770857 0.5647981546 1.0000000000
0.176471 0.9983852364 0.8971164937 0.5596309112 1.0000000000
0.180392 0.9982622068 0.8946559016 0.5544636678 1.0000000000
0.184314 0.9981391772 0.8921953095 0.5492964245 1.0000000000
0.188235 0.9980161476 0.8897347174 0.5441291811 1.0000000000
0.192157 0.9978931180 0.8872741253 0.5389619377 1.0000000000
0.196078 0.9977700884 0.8848135333 0.5337946943 1.0000000000
0.200000 0.9976470588 0.8823529412 0.5286274510 1.0000000000
0.203922 0.9975240292 0.8798923491 0.5234602076 1.0000000000
0.207843 0.9974009996 0.8774317570 0.5182929642 1.0000000000
0.211765 0.9972779700 0.8749711649 0.5131257209 1.0000000000
0.215686 0.9971549404 0.8725105729 0.5079584775 1.0000000000
0.219608 0.9970319108 0.8700499808 0.5027912341 1.0000000000
0.223529 0.9969088812 0.8675893887 0.4976239908 1.0000000000
0.227451 0.9967858516 0.8651287966 0.4924567474 1.0000000000
0.231373 0.9966628220 0.8626682045 0.4872895040 1.0000000000
0.235294 0.9965397924 0.8602076125 0.4821222607 1.0000000000
0.239216 0.9964167628 0.8577470204 0.4769550173 1.0000000000
0.243137 0.9962937332 0.8552864283 0.4717877739 1.0000000000
0.247059 0.9961707036 0.8528258362 0.4666205306 1.0000000000
0.250980 0.9960784314 0.8497808535 0.4614532872 1.0000000000
0.254902 0.9960784314 0.8449826990 0.4562860438 1.0000000000
0.258824 0.9960784314 0.8401845444 0.4511188005 1.0000000000
0.262745 0.9960784314 0.8353863899 0.4459515571 1.0000000000
0.266667 0.9960784314 0.8305882353 0.4407843137 1.0000000000
0.270588 0.9960784314 0.8257900807 0.4356170704 1.0000000000
0.274510 0.9960784314 0.8209919262 0.4304498270 1.0000000000
0.278431 0.9960784314 0.8161937716 0.4252825836 1.0000000000
0.282353 0.9960784314 0.8113956171 0.4201153403 1.0000000000
0.286275 0.9960784314 0.8065974625 0.4149480969 1.0000000000
0.290196 0.9960784314 0.8017993080 0.4097808535 1.0000000000
0.294118 0.9960784314 0.7970011534 0.4046136101 1.0000000000
0.298039 0.9960784314 0.7922029988 0.3994463668 1.0000000000
0.301961 0.9960784314 0.7874048443 0.3942791234 1.0000000000
0.305882 0.9960784314 0.7826066897 0.3891118800 1.0000000000
0.309804 0.9960784314 0.7778085352 0.3839446367 1.0000000000
0.313725 0.9960784314 0.7730103806 0.3787773933 1.0000000000
0.317647 0.9960784314 0.7682122261 0.3736101499 1.0000000000
0.321569 0.9960784314 0.7634140715 0.3684429066 1.0000000000
0.325490 0.9960784314 0.7586159170 0.3632756632 1.0000000000
0.329412 0.9960784314 0.7538177624 0.3581084198 1.0000000000
0.333333 0.9960784314 0.7490196078 0.3529411765 1.0000000000
0.337255 0.9960784314 0.7442214533 0.3477739331 1.0000000000
0.341176 0.9960784314 0.7394232987 0.3426066897 1.0000000000
0.345098 0.9960784314 0.7346251442 0.3374394464 1.0000000000
0.349020 0.9960784314 0.7298269896 0.3322722030 1.0000000000
0.352941 0.9960784314 0.7250288351 0.3271049596 1.0000000000
0.356863 0.9960784314 0.7202306805 0.3219377163 1.0000000000
0.360784 0.9960784314 0.7154325260 0.3167704729 1.0000000000
0.364706 0.9960784314 0.7106343714 0.3116032295 1.0000000000
0.368627 0.9960784314 0.7058362168 0.3064359862 1.0000000000
0.372549 0.9960784314 0.7010380623 0.3012687428 1.0000000000
0.376471 0.9960322953 0.6963321799 0.2973010381 1.0000000000
0.380392 0.9959092657 0.6917800846 0.2953325644 1.0000000000
0.384314 0.9957862361 0.6872279892 0.2933640907 1.0000000000
0.388235 0.9956632065 0.6826758939 0.2913956171 1.0000000000
0.392157 0.9955401769 0.6781237985 0.2894271434 1.0000000000
0.396078 0.9954171473 0.6735717032 0.2874586697 1.0000000000
0.400000 0.9952941176 0.6690196078 0.2854901961 1.0000000000
0.403922 0.9951710880 0.6644675125 0.2835217224 1.0000000000
0.407843 0.9950480584 0.6599154171 0.2815532488 1.0000000000
0.411765 0.9949250288 0.6553633218 0.2795847751 1.0000000000
0.415686 0.9948019992 0.6508112265 0.2776163014 1.0000000000
0.419608 0.9946789696 0.6462591311 0.2756478278 1.0000000000
0.423529 0.9945559400 0.6417070358 0.2736793541 1.0000000000
0.427451 0.9944329104 0.6371549404 0.2717108804 1.0000000000
0.431373 0.9943098808 0.6326028451 0.2697424068 1.0000000000
0.435294 0.9941868512 0.6280507497 0.2677739331 1.0000000000
0.439216 0.9940638216 0.6234986544 0.2658054594 1.0000000000
0.443137 0.9939407920 0.6189465590 0.2638369858 1.0000000000
0.447059 0.9938177624 0.6143944637 0.2618685121 1.0000000000
0.450980 0.9936947328 0.6098423683 0.2599000384 1.0000000000
0.454902 0.9935717032 0.6052902730 0.2579315648 1.0000000000
0.458824 0.9934486736 0.6007381776 0.2559630911 1.0000000000
0.462745 0.9933256440 0.5961860823 0.2539946175 1.0000000000
0.466667 0.9932026144 0.5916339869 0.2520261438 1.0000000000
0.470588 0.9930795848 0.5870818916 0.2500576701 1.0000000000
0.474510 0.9929565552 0.5825297962 0.2480891965 1.0000000000
0.478431 0.9928335256 0.5779777009 0.2461207228 1.0000000000
0.482353 0.9927104960 0.5734256055 0.2441522491 1.0000000000
0.486275 0.9925874664 0.5688735102 0.2421837755 1.0000000000
0.490196 0.9924644368 0.5643214148 0.2402153018 1.0000000000
0.494118 0.9923414072 0.5597693195 0.2382468281 1.0000000000
0.498039 0.9922183775 0.5552172241 0.2362783545 1.0000000000
0.501961 0.9920953479 0.5490657439 0.2341868512 1.0000000000
0.505882 0.9919723183 0.5413148789 0.2319723183 1.0000000000
0.509804 0.9918492887 0.5335640138 0.2297577855 1.0000000000
0.513725 0.9917262591 0.5258131488 0.2275432526 1.0000000000
0.517647 0.9916032295 0.5180622837 0.2253287197 1.0000000000
0.521569 0.9914801999 0.5103114187 0.2231141869 1.0000000000
0.525490 0.9913571703 0.5025605536 0.2208996540 1.0000000000
0.529412 0.9912341407 0.4948096886 0.2186851211 1.0000000000
0.533333 0.9911111111 0.4870588235 0.2164705882 1.0000000000
0.537255 0.9909880815 0.4793079585 0.2142560554 1.0000000000
0.541176 0.9908650519 0.4715570934 0.2120415225 1.0000000000
0.545098 0.9907420223 0.4638062284 0.2098269896 1.0000000000
0.549020 0.9906189927 0.4560553633 0.2076124567 1.0000000000
0.552941 0.9904959631 0.4483044983 0.2053979239 1.0000000000
0.556863 0.9903729335 0.4405536332 0.2031833910 1.0000000000
0.560784 0.9902499039 0.4328027682 0.2009688581 1.0000000000
0.564706 0.9901268743 0.4250519031 0.1987543253 1.0000000000
0.568627 0.9900038447 0.4173010381 0.1965397924 1.0000000000
0.572549 0.9898808151 0.4095501730 0.1943252595 1.0000000000
0.576471 0.9897577855 0.4017993080 0.1921107266 1.0000000000
0.580392 0.9896347559 0.3940484429 0.1898961938 1.0000000000
0.584314 0.9895117263 0.3862975779 0.1876816609 1.0000000000
0.588235 0.9893886967 0.3785467128 0.1854671280 1.0000000000
0.592157 0.9892656671 0.3707958478 0.1832525952 1.0000000000
0.596078 0.9891426374 0.3630449827 0.1810380623 1.0000000000
0.600000 0.9890196078 0.3552941176 0.1788235294 1.0000000000
0.603922 0.9888965782 0.3475432526 0.1766089965 1.0000000000
0.607843 0.9887735486 0.3397923875 0.1743944637 1.0000000000
0.611765 0.9886505190 0.3320415225 0.1721799308 1.0000000000
0.615686 0.9885274894 0.3242906574 0.1699653979 1.0000000000
0.619608 0.9884044598 0.3165397924 0.1677508651 1.0000000000
0.623529 0.9882814302 0.3087889273 0.1655363322 1.0000000000
0.627451 0.9863129566 0.3018838908 0.1636293733 1.0000000000
0.631373 0.9832372165 0.2954863514 0.1619069589 1.0000000000
0.635294 0.9801614764 0.2890888120 0.1601845444 1.0000000000
0.639216 0.9770857363 0.2826912726 0.1584621300 1.0000000000
0.643137 0.9740099962 0.2762937332 0.1567397155 1.0000000000
0.647059 0.9709342561 0.2698961938 0.1550173010 1.0000000000
0.650980 0.9678585160 0.2634986544 0.1532948866 1.0000000000
0.654902 0.9647827759 0.2571011150 0.1515724721 1.0000000000
0.658824 0.9617070358 0.2507035755 0.1498500577 1.0000000000
0.662745 0.9586312957 0.2443060361 0.1481276432 1.0000000000
0.666667 0.9555555556 0.2379084967 0.1464052288 1.0000000000
0.670588 0.9524798155 0.2315109573 0.1446828143 1.0000000000
0.674510 0.9494040754 0.2251134179 0.1429603998 1.0000000000
0.678431 0.9463283353 0.2187158785 0.1412379854 1.0000000000
0.682353 0.9432525952 0.2123183391 0.1395155709 1.0000000000
0.686275 0.9401768551 0.2059207997 0.1377931565 1.0000000000
0.690196 0.9371011150 0.1995232603 0.1360707420 1.0000000000
0.694118 0.9340253749 0.1931257209 0.1343483276 1.0000000000
0.698039 0.9309496348 0.1867281815 0.1326259131 1.0000000000
0.701961 0.9278738947 0.1803306421 0.1309034987 1.0000000000
0.705882 0.9247981546 0.1739331027 0.1291810842 1.0000000000
0.709804 0.9217224145 0.1675355632 0.1274586697 1.0000000000
0.713725 0.9186466744 0.1611380238 0.1257362553 1.0000000000
0.717647 0.9155709343 0.1547404844 0.1240138408 1.0000000000
0.721569 0.9124951942 0.1483429450 0.1222914264 1.0000000000
0.725490 0.9094194541 0.1419454056 0.1205690119 1.0000000000
0.729412 0.9063437140 0.1355478662 0.1188465975 1.0000000000
0.733333 0.9032679739 0.1291503268 0.1171241830 1.0000000000
0.737255 0.9001922338 0.1227527874 0.1154017686 1.0000000000
0.741176 0.8971164937 0.1163552480 0.1136793541 1.0000000000
0.745098 0.8940407536 0.1099577086 0.1119569396 1.0000000000
0.749020 0.8909650135 0.1035601692 0.1102345252 1.0000000000
0.752941 0.8866897347 0.0995617070 0.1107266436 1.0000000000
0.756863 0.8820146098 0.0963629373 0.1119569396 1.0000000000
0.760784 0.8773394848 0.0931641676 0.1131872357 1.0000000000
0.764706 0.8726643599 0.0899653979 0.1144175317 1.0000000000
0.768627 0.8679892349 0.0867666282 0.1156478278 1.0000000000
0.772549 0.8633141100 0.0835678585 0.1168781238 1.0000000000
0.776471 0.8586389850 0.0803690888 0.1181084198 1.0000000000
0.780392 0.8539638601 0.0771703191 0.1193387159 1.0000000000
0.784314 0.8492887351 0.0739715494 0.1205690119 1.0000000000
0.788235 0.8446136101 0.0707727797 0.1217993080 1.0000000000
0.792157 0.8399384852 0.0675740100 0.1230296040 1.0000000000
0.796078 0.8352633602 0.0643752403 0.1242599000 1.0000000000
0.800000 0.8305882353 0.0611764706 0.1254901961 1.0000000000
0.803922 0.8259131103 0.0579777009 0.1267204921 1.0000000000
0.807843 0.8212379854 0.0547789312 0.1279507882 1.0000000000
0.811765 0.8165628604 0.0515801615 0.1291810842 1.0000000000
0.815686 0.8118877355 0.0483813918 0.1304113802 1.0000000000
0.819608 0.8072126105 0.0451826221 0.1316416763 1.0000000000
0.823529 0.8025374856 0.0419838524 0.1328719723 1.0000000000
0.827451 0.7978623606 0.0387850827 0.1341022684 1.0000000000
0.831373 0.7931872357 0.0355863130 0.1353325644 1.0000000000
0.835294 0.7885121107 0.0323875433 0.1365628604 1.0000000000
0.839216 0.7838369858 0.0291887735 0.1377931565 1.0000000000
0.843137 0.7791618608 0.0259900038 0.1390234525 1.0000000000
0.847059 0.7744867359 0.0227912341 0.1402537486 1.0000000000
0.850980 0.7698116109 0.0195924644 0.1414840446 1.0000000000
0.854902 0.7651364860 0.0163936947 0.1427143406 1.0000000000
0.858824 0.7604613610 0.0131949250 0.1439446367 1.0000000000
0.862745 0.7557862361 0.0099961553 0.1451749327 1.0000000000
0.866667 0.7511111111 0.0067973856 0.1464052288 1.0000000000
0.870588 0.7464359862 0.0035986159 0.1476355248 1.0000000000
0.874510 0.7417608612 0.0003998462 0.1488658208 1.0000000000
0.878431 0.7346097655 0.0000000000 0.1490196078 1.0000000000
0.882353 0.7271049596 0.0000000000 0.1490196078 1.0000000000
0.886275 0.7196001538 0.0000000000 0.1490196078 1.0000000000
0.890196 0.7120953479 0.0000000000 0.1490196078 1.0000000000
0.894118 0.7045905421 0.0000000000 0.1490196078 1.0000000000
0.898039 0.6970857363 0.0000000000 0.1490196078 1.0000000000
0.901961 0.6895809304 0.0000000000 0.1490196078 1.0000000000
0.905882 0.6820761246 0.0000000000 0.1490196078 1.0000000000
0.909804 0.6745713187 0.0000000000 0.1490196078 1.0000000000
0.913725 0.6670665129 0.0000000000 0.1490196078 1.0000000000
0.917647 0.6595617070 0.0000000000 0.1490196078 1.0000000000
0.921569 0.6520569012 0.0000000000 0.1490196078 1.0000000000
0.925490 0.6445520953 0.0000000000 0.1490196078 1.0000000000
0.929412 0.6370472895 0.0000000000 0.1490196078 1.0000000000
0.933333 0.6295424837 0.0000000000 0.1490196078 1.0000000000
0.937255 0.6220376778 0.0000000000 0.1490196078 1.0000000000
0.941176 0.6145328720 0.0000000000 0.1490196078 1.0000000000
0.945098 0.6070280661 0.0000000000 0.1490196078 1.0000000000
0.949020 0.5995232603 0.0000000000 0.1490196078 1.0000000000
0.952941 0.5920184544 0.0000000000 0.1490196078 1.0000000000
0.956863 0.5845136486 0.0000000000 0.1490196078 1.0000000000
0.960784 0.5770088428 0.0000000000 0.1490196078 1.0000000000
0.964706 0.5695040369 0.0000000000 0.1490196078 1.0000000000
0.968627 0.5619992311 0.0000000000 0.1490196078 1.0000000000
0.972549 0.5544944252 0.0000000000 0.1490196078 1.0000000000
0.976471 0.5469896194 0.0000000000 0.1490196078 1.0000000000
0.980392 0.5394848135 0.0000000000 0.1490196078 1.0000000000
0.984314 0.5319800077 0.0000000000 0.1490196078 1.0000000000
0.988235 0.5244752018 0.0000000000 0.1490196078 1.0000000000
0.992157 0.5169703960 0.0000000000 0.1490196078 1.0000000000
0.996078 0.5094655902 0.0000000000 0.1490196078 1.0000000000
1.000000 0.5019607843 0.0000000000 0.1490196078 1.0000000000
