0.000000 1.0000000000 1.0000000000 0.8980392157 1.0000000000
0.003922 1.0000000000 0.9990157632 0.8929950019 1.0000000000
0.007843 1.0000000000 0.9980315263 0.8879507882 1.0000000000
0.011765 1.0000000000 0.9970472895 0.8829065744 1.0000000000
0.015686 1.0000000000 0.9960630527 0.8778623606 1.0000000000
0.019608 1.0000000000 0.9950788158 0.8728181469 1.0000000000
0.023529 1.0000000000 0.9940945790 0.8677739331 1.0000000000
0.027451 1.0000000000 0.9931103422 0.8627297193 1.0000000000
0.031373 1.0000000000 0.9921261053 0.8576855056 1.0000000000
0.035294 1.0000000000 0.9911418685 0.8526412918 1.0000000000
0.039216 1.0000000000 0.9901576317 0.8475970780 1.0000000000
0.043137 1.0000000000 0.9891733948 0.8425528643 1.0000000000
0.047059 1.0000000000 0.9881891580 0.8375086505 1.0000000000
0.050980 1.0000000000 0.9872049212 0.8324644368 1.0000000000
0.054902 1.0000000000 0.9862206844 0.8274202230 1.0000000000
0.058824 1.0000000000 0.9852364475 0.8223760092 1.0000000000
0.062745 1.0000000000 0.9842522107 0.8173317955 1.0000000000
0.066667 1.0000000000 0.9832679739 0.8122875817 1.0000000000
0.070588 1.0000000000 0.9822837370 0.8072433679 1.0000000000
0.074510 1.0000000000 0.9812995002 0.8021991542 1.0000000000
0.078431 1.0000000000 0.9803152634 0.7971549404 1.0000000000
0.082353 1.0000000000 0.9793310265 0.7921107266 1.0000000000
0.086275 1.0000000000 0.9783467897 0.7870665129 1.0000000000
0.090196 1.0000000000 0.9773625529 0.7820222991 1.0000000000
0.094118 1.0000000000 0.9763783160 0.7769780854 1.0000000000
0.098039 1.0000000000 0.9753940792 0.7719338716 1.0000000000
0.101961 1.0000000000 0.9744098424 0.7668896578 1.0000000000
0.105882 1.0000000000 0.9734256055 0.7618454441 1.0000000000
0.109804 1.0000000000 0.9724413687 0.7568012303 1.0000000000
0.113725 1.0000000000 0.9714571319 0.7517570165 1.0000000000
0.117647 1.0000000000 0.9704728950 0.7467128028 1.0000000000
0.121569 1.0000000000 0.9694886582 0.7416685890 1.0000000000
0.125490 0.9999846213 0.9683198770 0.7365936178 1.0000000000
0.129412 0.9998615917 0.9658592849 0.7313033449 1.0000000000
0.133333 0.9997385621 0.9633986928 0.7260130719 1.0000000000
0.137255 0.9996155325 0.9609381007 0.7207227989 1.0000000000
0.141176 0.9994925029 0.9584775087 0.7154325260 1.0000000000
0.145098 0.9993694733 0.9560169166 0.7101422530 1.0000000000
0.149020 0.9992464437 0.9535563245 0.7048519800 1.0000000000
0.152941 0.9991234141 0.9510957324 0.6995617070 1.0000000000
0.156863 0.9990003845 0.9486351403 0.6942714341 1.0000000000
0.160784 0.9988773549 0.9461745483 0.6889811611 1.0000000000
0.164706 0.9987543253 0.9437139562 0.6836908881 1.0000000000
0.168627 0.9986312957 0.9412533641 0.6784006151 1.0000000000
0.172549 0.9985082661 0.9387927720 0.6731103422 1.0000000000
0.176471 0.9983852364 0.9363321799 0.6678200692 1.0000000000
0.180392 0.9982622068 0.9338715879 0.6625297962 1.0000000000
0.184314 0.9981391772 0.9314109958 0.6572395233 1.0000000000
0.188235 0.9980161476 0.9289504037 0.6519492503 1.0000000000
0.192157 0.9978931180 0.9264898116 0.6466589773 1.0000000000
0.196078 0.9977700884 0.9240292195 0.6413687043 1.0000000000
0.200000 0.9976470588 0.9215686275 0.6360784314 1.0000000000
0.203922 0.9975240292 0.9191080354 0.6307881584 1.0000000000
0.207843 0.9974009996 0.9166474433 0.6254978854 1.0000000000
0.211765 0.9972779700 0.9141868512 0.6202076125 1.0000000000
0.215686 0.9971549404 0.9117262591 0.6149173395 1.0000000000
0.219608 0.9970319108 0.9092656671 0.6096270665 1.0000000000
0.223529 0.9969088812 0.9068050750 0.6043367935 1.0000000000
0.227451 0.9967858516 0.9043444829 0.5990465206 1.0000000000
0.231373 0.9966628220 0.9018838908 0.5937562476 1.0000000000
0.235294 0.9965397924 0.8994232987 0.5884659746 1.0000000000
0.239216 0.9964167628 0.8969627067 0.5831757017 1.0000000000
0.243137 0.9962937332 0.8945021146 0.5778854287 1.0000000000
0.247059 0.9961707036 0.8920415225 0.5725951557 1.0000000000
0.250980 0.9960784314 0.8892425990 0.5665974625 1.0000000000
0.254902 0.9960784314 0.8854286813 0.5584775087 1.0000000000
0.258824 0.9960784314 0.8816147636 0.5503575548 1.0000000000
0.262745 0.9960784314 0.8778008458 0.5422376009 1.0000000000
0.266667 0.9960784314 0.8739869281 0.5341176471 1.0000000000
0.270588 0.9960784314 0.8701730104 0.5259976932 1.0000000000
0.274510 0.9960784314 0.8663590927 0.5178777393 1.0000000000
0.278431 0.9960784314 0.8625451749 0.5097577855 1.0000000000
0.282353 0.9960784314 0.8587312572 0.5016378316 1.0000000000
0.286275 0.9960784314 0.8549173395 0.4935178777 1.0000000000
0.290196 0.9960784314 0.8511034218 0.4853979239 1.0000000000
0.294118 0.9960784314 0.8472895040 0.4772779700 1.0000000000
0.298039 0.9960784314 0.8434755863 0.4691580161 1.0000000000
0.301961 0.9960784314 0.8396616686 0.4610380623 1.0000000000
0.305882 0.9960784314 0.8358477509 0.4529181084 1.0000000000
0.309804 0.9960784314 0.8320338331 0.4447981546 1.0000000000
0.313725 0.9960784314 0.8282199154 0.4366782007 1.0000000000
0.317647 0.9960784314 0.8244059977 0.4285582468 1.0000000000
0.321569 0.9960784314 0.8205920800 0.4204382930 1.0000000000
0.325490 0.9960784314 0.8167781622 0.4123183391 1.0000000000
0.329412 0.9960784314 0.8129642445 0.4041983852 1.0000000000
0.333333 0.9960784314 0.8091503268 0.3960784314 1.0000000000
0.337255 0.9960784314 0.8053364091 0.3879584775 1.0000000000
0.341176 0.9960784314 0.8015224913 0.3798385236 1.0000000000
0.345098 0.9960784314 0.7977085736 0.3717185698 1.0000000000
0.349020 0.9960784314 0.7938946559 0.3635986159 1.0000000000
0.352941 0.9960784314 0.7900807382 0.3554786621 1.0000000000
0.356863 0.9960784314 0.7862668205 0.3473587082 1.0000000000
0.360784 0.9960784314 0.7824529027 0.3392387543 1.0000000000
0.364706 0.9960784314 0.7786389850 0.3311188005 1.0000000000
0.368627 0.9960784314 0.7748250673 0.3229988466 1.0000000000
0.372549 0.9960784314 0.7710111496 0.3148788927 1.0000000000
0.376471 0.9960784314 0.7666435986 0.3080507497 1.0000000000
0.380392 0.9960784314 0.7613533256 0.3033756248 1.0000000000
0.384314 0.9960784314 0.7560630527 0.2987004998 1.0000000000
0.388235 0.9960784314 0.7507727797 0.2940253749 1.0000000000
0.392157 0.9960784314 0.7454825067 0.2893502499 1.0000000000
0.396078 0.9960784314 0.7401922338 0.2846751250 1.0000000000
0.400000 0.9960784314 0.7349019608 0.2800000000 1.0000000000
0.403922 0.9960784314 0.7296116878 0.2753248750 1.0000000000
0.407843 0.9960784314 0.7243214148 0.2706497501 1.0000000000
0.411765 0.9960784314 0.7190311419 0.2659746251 1.0000000000
0.415686 0.9960784314 0.7137408689 0.2612995002 1.0000000000
0.419608 0.9960784314 0.7084505959 0.2566243752 1.0000000000
0.423529 0.9960784314 0.7031603230 0.2519492503 1.0000000000
0.427451 0.9960784314 0.6978700500 0.2472741253 1.0000000000
0.431373 0.9960784314 0.6925797770 0.2425990004 1.0000000000
0.435294 0.9960784314 0.6872895040 0.2379238754 1.0000000000
0.439216 0.9960784314 0.6819992311 0.2332487505 1.0000000000
0.443137 0.9960784314 0.6767089581 0.2285736255 1.0000000000
0.447059 0.9960784314 0.6714186851 0.2238985006 1.0000000000
0.450980 0.9960784314 0.6661284121 0.2192233756 1.0000000000
0.454902 0.9960784314 0.6608381392 0.2145482507 1.0000000000
0.458824 0.9960784314 0.6555478662 0.2098731257 1.0000000000
0.462745 0.9960784314 0.6502575932 0.2051980008 1.0000000000
0.466667 0.9960784314 0.6449673203 0.2005228758 1.0000000000
0.470588 0.9960784314 0.6396770473 0.1958477509 1.0000000000
0.474510 0.9960784314 0.6343867743 0.1911726259 1.0000000000
0.478431 0.9960784314 0.6290965013 0.1864975010 1.0000000000
0.482353 0.9960784314 0.6238062284 0.1818223760 1.0000000000
0.486275 0.9960784314 0.6185159554 0.1771472511 1.0000000000
0.490196 0.9960784314 0.6132256824 0.1724721261 1.0000000000
0.494118 0.9960784314 0.6079354095 0.1677970012 1.0000000000
0.498039 0.9960784314 0.6026451365 0.1631218762 1.0000000000
0.501961 0.9949711649 0.5974778931 0.1594925029 1.0000000000
0.505882 0.9927566321 0.5924336794 0.1569088812 1.0000000000
0.509804 0.9905420992 0.5873894656 0.1543252595 1.0000000000
0.513725 0.9883275663 0.5823452518 0.1517416378 1.0000000000
0.517647 0.9861130334 0.5773010381 0.1491580161 1.0000000000
0.521569 0.9838985006 0.5722568243 0.1465743945 1.0000000000
0.525490 0.9816839677 0.5672126105 0.1439907728 1.0000000000
0.529412 0.9794694348 0.5621683968 0.1414071511 1.0000000000
0.533333 0.9772549020 0.5571241830 0.1388235294 1.0000000000
0.537255 0.9750403691 0.5520799692 0.1362399077 1.0000000000
0.541176 0.9728258362 0.5470357555 0.1336562860 1.0000000000
0.545098 0.9706113033 0.5419915417 0.1310726644 1.0000000000
0.549020 0.9683967705 0.5369473280 0.1284890427 1.0000000000
0.552941 0.9661822376 0.5319031142 0.1259054210 1.0000000000
0.556863 0.9639677047 0.5268589004 0.1233217993 1.0000000000
0.560784 0.9617531719 0.5218146867 0.1207381776 1.0000000000
0.564706 0.9595386390 0.5167704729 0.1181545559 1.0000000000
0.568627 0.9573241061 0.5117262591 0.1155709343 1.0000000000
0.572549 0.9551095732 0.5066820454 0.1129873126 1.0000000000
0.576471 0.9528950404 0.5016378316 0.1104036909 1.0000000000
0.580392 0.9506805075 0.4965936178 0.1078200692 1.0000000000
0.584314 0.9484659746 0.4915494041 0.1052364475 1.0000000000
0.588235 0.9462514418 0.4865051903 0.1026528258 1.0000000000
0.592157 0.9440369089 0.4814609765 0.1000692042 1.0000000000
0.596078 0.9418223760 0.4764167628 0.0974855825 1.0000000000
0.600000 0.9396078431 0.4713725490 0.0949019608 1.0000000000
0.603922 0.9373933103 0.4663283353 0.0923183391 1.0000000000
0.607843 0.9351787774 0.4612841215 0.0897347174 1.0000000000
0.611765 0.9329642445 0.4562399077 0.0871510957 1.0000000000
0.615686 0.9307497116 0.4511956940 0.0845674740 1.0000000000
0.619608 0.9285351788 0.4461514802 0.0819838524 1.0000000000
0.623529 0.9263206459 0.4411072664 0.0794002307 1.0000000000
0.627451 0.9230296040 0.4364475202 0.0770472895 1.0000000000
0.631373 0.9190926567 0.4320184544 0.0748327566 1.0000000000
0.635294 0.9151557093 0.4275893887 0.0726182238 1.0000000000
0.639216 0.9112187620 0.4231603230 0.0704036909 1.0000000000
0.643137 0.9072818147 0.4187312572 0.0681891580 1.0000000000
0.647059 0.9033448674 0.4143021915 0.0659746251 1.0000000000
0.650980 0.8994079200 0.4098731257 0.0637600923 1.0000000000
0.654902 0.8954709727 0.4054440600 0.0615455594 1.0000000000
0.658824 0.8915340254 0.4010149942 0.0593310265 1.0000000000
0.662745 0.8875970780 0.3965859285 0.0571164937 1.0000000000
0.666667 0.8836601307 0.3921568627 0.0549019608 1.0000000000
0.670588 0.8797231834 0.3877277970 0.0526874279 1.0000000000
0.674510 0.8757862361 0.3832987313 0.0504728950 1.0000000000
0.678431 0.8718492887 0.3788696655 0.0482583622 1.0000000000
0.682353 0.8679123414 0.3744405998 0.0460438293 1.0000000000
0.686275 0.8639753941 0.3700115340 0.0438292964 1.0000000000
0.690196 0.8600384468 0.3655824683 0.0416147636 1.0000000000
0.694118 0.8561014994 0.3611534025 0.0394002307 1.0000000000
0.698039 0.8521645521 0.3567243368 0.0371856978 1.0000000000
0.701961 0.8482276048 0.3522952710 0.0349711649 1.0000000000
0.705882 0.8442906574 0.3478662053 0.0327566321 1.0000000000
0.709804 0.8403537101 0.3434371396 0.0305420992 1.0000000000
0.713725 0.8364167628 0.3390080738 0.0283275663 1.0000000000
0.717647 0.8324798155 0.3345790081 0.0261130334 1.0000000000
0.721569 0.8285428681 0.3301499423 0.0238985006 1.0000000000
0.725490 0.8246059208 0.3257208766 0.0216839677 1.0000000000
0.729412 0.8206689735 0.3212918108 0.0194694348 1.0000000000
0.733333 0.8167320261 0.3168627451 0.0172549020 1.0000000000
0.737255 0.8127950788 0.3124336794 0.0150403691 1.0000000000
0.741176 0.8088581315 0.3080046136 0.0128258362 1.0000000000
0.745098 0.8049211842 0.3035755479 0.0106113033 1.0000000000
0.749020 0.8009842368 0.2991464821 0.0083967705 1.0000000000
0.752941 0.7952941176 0.2958246828 0.0080276817 1.0000000000
0.756863 0.7890196078 0.2928719723 0.0082737409 1.0000000000
0.760784 0.7827450980 0.2899192618 0.0085198001 1.0000000000
0.764706 0.7764705882 0.2869665513 0.0087658593 1.0000000000
0.768627 0.7701960784 0.2840138408 0.0090119185 1.0000000000
0.772549 0.7639215686 0.2810611303 0.0092579777 1.0000000000
0.776471 0.7576470588 0.2781084198 0.0095040369 1.0000000000
0.780392 0.7513725490 0.2751557093 0.0097500961 1.0000000000
0.784314 0.7450980392 0.2722029988 0.0099961553 1.0000000000
0.788235 0.7388235294 0.2692502884 0.0102422145 1.0000000000
0.792157 0.7325490196 0.2662975779 0.0104882737 1.0000000000
0.796078 0.7262745098 0.2633448674 0.0107343329 1.0000000000
0.800000 0.7200000000 0.2603921569 0.0109803922 1.0000000000
0.803922 0.7137254902 0.2574394464 0.0112264514 1.0000000000
0.807843 0.7074509804 0.2544867359 0.0114725106 1.0000000000
0.811765 0.7011764706 0.2515340254 0.0117185698 1.0000000000
0.815686 0.6949019608 0.2485813149 0.0119646290 1.0000000000
0.819608 0.6886274510 0.2456286044 0.0122106882 1.0000000000
0.823529 0.6823529412 0.2426758939 0.0124567474 1.0000000000
0.827451 0.6760784314 0.2397231834 0.0127028066 1.0000000000
0.831373 0.6698039216 0.2367704729 0.0129488658 1.0000000000
0.835294 0.6635294118 0.2338177624 0.0131949250 1.0000000000
0.839216 0.6572549020 0.2308650519 0.0134409842 1.0000000000
0.843137 0.6509803922 0.2279123414 0.0136870434 1.0000000000
0.847059 0.6447058824 0.2249596309 0.0139331027 1.0000000000
0.850980 0.6384313725 0.2220069204 0.0141791619 1.0000000000
0.854902 0.6321568627 0.2190542099 0.0144252211 1.0000000000
0.858824 0.6258823529 0.2161014994 0.0146712803 1.0000000000
0.862745 0.6196078431 0.2131487889 0.0149173395 1.0000000000
0.866667 0.6133333333 0.2101960784 0.0151633987 1.0000000000
0.870588 0.6070588235 0.2072433679 0.0154094579 1.0000000000
0.874510 0.6007843137 0.2042906574 0.0156555171 1.0000000000
0.878431 0.5945098039 0.2023068051 0.0159015763 1.0000000000
0.882353 0.5882352941 0.2004613610 0.0161476355 1.0000000000
0.886275 0.5819607843 0.1986159170 0.0163936947 1.0000000000
0.890196 0.5756862745 0.1967704729 0.0166397539 1.0000000000
0.894118 0.5694117647 0.1949250288 0.0168858131 1.0000000000
0.898039 0.5631372549 0.1930795848 0.0171318724 1.0000000000
0.901961 0.5568627451 0.1912341407 0.0173779316 1.0000000000
0.905882 0.5505882353 0.1893886967 0.0176239908 1.0000000000
0.909804 0.5443137255 0.1875432526 0.0178700500 1.0000000000
0.913725 0.5380392157 0.1856978085 0.0181161092 1.0000000000
0.917647 0.5317647059 0.1838523645 0.0183621684 1.0000000000
0.921569 0.5254901961 0.1820069204 0.0186082276 1.0000000000
0.925490 0.5192156863 0.1801614764 0.0188542868 1.0000000000
0.929412 0.5129411765 0.1783160323 0.0191003460 1.0000000000
0.933333 0.5066666667 0.1764705882 0.0193464052 1.0000000000
0.937255 0.5003921569 0.1746251442 0.0195924644 1.0000000000
0.941176 0.4941176471 0.1727797001 0.0198385236 1.0000000000
0.945098 0.4878431373 0.1709342561 0.0200845829 1.0000000000
0.949020 0.4815686275 0.1690888120 0.0203306421 1.0000000000
0.952941 0.4752941176 0.1672433679 0.0205767013 1.0000000000
0.956863 0.4690196078 0.1653979239 0.0208227605 1.0000000000
0.960784 0.4627450980 0.1635524798 0.0210688197 1.0000000000
0.964706 0.4564705882 0.1617070358 0.0213148789 1.0000000000
0.968627 0.4501960784 0.1598615917 0.0215609381 1.0000000000
0.972549 0.4439215686 0.1580161476 0.0218069973 1.0000000000
0.976471 0.4376470588 0.1561707036 0.0220530565 1.0000000000
0.980392 0.4313725490 0.1543252595 0.0222991157 1.0000000000
0.984314 0.4250980392 0.1524798155 0.0225451749 1.0000000000
0.988235 0.4188235294 0.1506343714 0.0227912341 1.0000000000
0.992157 0.4125490196 0.1487889273 0.0230372933 1.0000000000
0.996078 0.4062745098 0.1469434833 0.0232833526 1.0000000000
1.000000 0.4000000000 0.1450980392 0.0235294118 1.0000000000
